

# BITSY VERSION 3.7

! ROOM_FORMAT 1

PAL 0
0,0,0
255,255,255
255,255,0

ROOM 0
0,0,0,0,0,0,0,0,0,0,0,0,0,0,0,0
0,0,0,0,0,0,0,0,0,0,0,0,0,0,0,0
0,0,0,0,0,0,0,0,0,0,0,0,0,0,0,0
0,0,0,0,0,0,0,0,0,0,0,0,0,0,0,0
0,0,0,0,0,0,0,0,0,0,0,0,0,0,0,0
b,b,b,b,b,b,b,b,b,b,b,b,h,b,j,j
c,c,c,c,c,c,c,c,c,c,c,c,0,c,f,j
i,a,a,a,a,a,a,a,a,a,a,a,a,a,a,j
c,c,c,c,c,c,c,a,c,c,c,c,c,c,c,j
0,0,0,0,0,0,0,g,c,c,c,c,c,c,d,j
b,b,b,b,b,b,b,b,b,b,b,b,b,b,j,j
0,0,0,0,0,0,0,0,0,0,0,0,0,0,0,0
0,0,0,0,0,0,0,0,0,0,0,0,0,0,0,0
0,0,0,0,0,0,0,0,0,0,0,0,0,0,0,0
0,0,0,0,0,0,0,0,0,0,0,0,0,0,0,0
0,0,0,0,0,0,0,0,0,0,0,0,0,0,0,0
WAL c,d,f,i,j
EXT 14,7 1 1,7
PAL 0

ROOM 1
0,0,0,0,0,0,0,0,0,0,0,0,0,0,0,0
0,0,0,0,0,0,0,0,0,0,0,0,0,0,0,0
0,0,0,0,0,0,0,0,0,0,0,0,0,0,0,0
0,0,0,0,0,0,0,0,0,0,0,0,0,0,0,0
0,0,0,0,0,0,0,0,0,0,0,0,0,0,0,0
0,0,0,0,0,0,0,0,0,0,0,0,0,0,0,0
c,c,c,c,c,c,c,c,c,c,c,c,c,c,c,c
a,a,a,a,a,a,a,a,a,a,a,a,a,a,a,a
c,c,c,c,c,c,c,c,c,c,c,c,c,c,c,c
0,0,0,0,0,0,0,0,0,0,0,0,0,0,0,0
0,0,0,0,0,0,0,0,0,0,0,0,0,0,0,0
0,0,0,0,0,0,0,0,0,0,0,0,0,0,0,0
0,0,0,0,0,0,0,0,0,0,0,0,0,0,0,0
0,0,0,0,0,0,0,0,0,0,0,0,0,0,0,0
0,0,0,0,0,0,0,0,0,0,0,0,0,0,0,0
0,0,0,0,0,0,0,0,0,0,0,0,0,0,0,0
WAL c
EXT 0,7 0 13,7
END undefined 15,7
PAL 0

TIL a
01000100
11111111
01000100
01000100
01000100
01000100
11111111
01000100

TIL b
11111111
10101010
01010101
10101010
01010101
11111111
00000000
11111111

TIL c
00000000
00000000
00000000
00000000
00000000
00000000
00000000
00000000

TIL d
00000001
00000001
00000011
00000011
00000111
00001111
00111111
11111111

TIL f
11111111
00111111
00001111
00000111
00000011
00000011
00000001
00000001

TIL g
00001110
00001011
01101101
11101101
11111011
11101110
11100010
10100010
>
00001110
00001011
01101101
11001101
11111011
11101110
11100010
10100010

TIL h
10000011
00011000
00011100
00011100
00111100
10101011
00101000
11010111
>
10000011
00110000
00111100
00011100
00111100
10101011
00101000
11010111

TIL i
01110100
01011111
01010100
01010100
01110100
01110100
01111111
00000100

TIL j
11111111
11111111
11111111
11111111
11111111
11111111
11111111
11111111

SPR A
01000100
01010101
01000100
01000100
01000100
01000100
01010101
01000100
>
01000100
10101010
01000100
01000100
01000100
01000100
10101010
01000100
POS 0 1,7

SPR a
00001000
00001000
00001000
00000000
00001000
00001000
00000000
00001000
>
00001000
00000000
00001000
00001000
00000000
00001000
00001000
00000000
DLG SPR_0
POS 0 7,8

SPR b
00000000
00000100
00000100
00000100
00000000
00000100
00000100
00000100
>
00000100
00000100
00000000
00000100
00000100
00000100
00000000
00000100
DLG SPR_1
POS 0 12,6

ITM 0
00000000
00000000
00000000
00111100
01100100
00100100
00011000
00000000
DLG ITM_0

DLG SPR_0
bzzzt... bzzzt... bzzzt...

DLG ITM_0
You got a cup of tea! Nice.

DLG SPR_1
zap... huh... zap...

END 0


END undefined
               tunnel through


