
Leblanc

# BITSY VERSION 4.3

! ROOM_FORMAT 1

PAL 0
2,14,123
119,133,189
255,255,255

PAL 1
254,146,37
172,32,32
255,255,255

PAL 2
0,0,0
0,0,0
255,255,255

PAL 3
255,255,255
255,255,255
255,255,255

ROOM 0
0,0,0,0,0,0,0,0,0,0,0,0,0,0,0,0
0,0,0,0,0,0,0,24,25,0,0,0,0,0,0,0
28,29,28,29,28,29,22,26,27,23,28,29,28,29,28,29
21,21,21,21,21,21,21,21,21,21,21,21,21,21,21,21
l,1y,1y,l,1y,1y,l,2f,2g,l,1y,1y,l,1y,1y,l
20,1x,1x,20,1x,1x,20,2a,2b,20,1x,1x,20,1x,1x,20
1z,1w,1w,1z,1w,1w,p,n,o,p,1w,1w,1z,1w,1w,1z
m,m,m,m,m,m,m,m,m,m,m,m,m,m,m,m
l,l,l,l,l,f,l,d,j,l,f,l,l,l,l,l
b,k,b,k,b,i,b,a,q,b,i,b,k,b,k,b
0,0,0,0,0,0,0,2c,2d,0,0,0,0,0,0,0
0,0,0,0,0,0,0,2c,2d,0,0,0,0,0,0,0
0,0,0,0,0,0,0,2c,2d,0,0,0,0,0,0,0
0,0,0,0,0,0,0,0,0,0,0,0,0,0,0,0
0,0,0,0,0,0,0,0,0,0,0,0,0,0,0,0
0,0,0,0,0,0,0,0,0,0,0,0,0,0,0,0
WAL b,c,g,i,k
EXT 7,9 1 5,15
EXT 8,9 1 11,15
PAL 0

ROOM 1
0,0,0,0,0,0,0,0,0,0,0,0,0,0,0,0
16,16,16,16,16,16,16,c,0,q,16,16,16,16,16,16
u,u,u,u,u,u,14,t,t,t,15,u,u,u,u,u
0,0,0,0,0,0,x,t,t,t,y,0,0,0,0,0
0,0,0,0,0,x,12,z,10,11,13,y,0,0,0,0
0,0,0,0,x,12,t,15,w,14,t,13,y,0,0,0
0,2m,2n,14,12,t,t,15,w,14,t,t,13,15,0,0
2h,2k,2l,2i,t,t,t,2j,2h,2i,t,t,t,2j,2h,2h
0,2p,2q,0,v,v,v,0,0,0,v,v,v,0,0,0
0,0,0,0,v,v,v,0,0,0,v,v,v,0,0,0
0,0,0,0,v,v,v,0,0,0,v,v,v,0,0,0
0,0,0,0,v,v,v,0,0,0,v,v,v,0,0,0
0,0,0,0,v,v,v,0,0,0,v,v,v,0,0,0
0,0,0,0,v,v,v,0,0,0,v,v,v,0,0,0
0,0,0,0,v,v,v,0,0,0,v,v,v,0,0,0
0,0,0,0,v,v,v,0,0,0,v,v,v,0,0,0
WAL w,14,y,x,15,10,u,2h,2i,2j
EXT 5,15 0 7,10
EXT 11,15 0 8,10
EXT 1,8 3 1,15
EXT 2,8 3 2,15
PAL 1

ROOM 2
0,0,0,0,0,0,0,0,0,0,0,0,0,0,0,0
0,0,0,0,0,0,0,0,0,0,0,0,0,0,0,0
0,0,0,0,0,0,0,0,0,0,0,0,0,0,0,0
0,0,0,0,0,1i,1i,1i,1i,1i,1i,1i,1i,1i,1k,0
1h,1g,0,1f,1e,1o,1o,1o,1o,1o,1o,1o,1o,1o,1j,0
17,17,17,17,18,1p,1p,1p,1p,1p,1p,1p,1l,1p,1j,0
1c,1c,1c,1c,1c,0,0,0,0,0,0,0,0,0,1j,0
0,0,0,0,0,0,0,0,0,0,0,0,0,0,1j,0
0,0,0,0,0,0,1q,1r,0,0,0,0,0,0,1j,0
0,0,0,0,0,1q,1v,1v,1r,0,0,0,0,0,1j,0
0,0,0,0,0,0,1v,1v,0,1a,1b,0,0,0,1j,0
1m,0,0,1q,1v,1v,1v,1v,1v,1v,1r,0,0,0,1j,0
0,0,0,1s,1v,1v,1v,1v,1v,1v,1t,0,0,0,1j,0
0,0,0,0,1s,1v,0,0,1v,1t,0,0,0,0,1j,0
0,0,0,0,0,1s,1v,1v,1t,0,0,0,0,0,1j,0
0,0,0,0,0,0,1s,1t,0,0,0,0,0,0,1j,0
WAL h,1h,1g,1f,1e,1b,1a,1j,1i,1p
ITM 0 4,5
EXT 0,11 5 15,11
PAL 1

ROOM 3
0,0,0,0,0,0,0,0,0,0,0,0,0,0,0,0
0,0,0,0,0,0,0,0,0,0,0,0,0,0,0,0
0,0,0,0,0,0,0,0,0,0,0,0,0,0,0,0
0,0,0,0,0,0,0,0,0,0,0,0,0,0,0,0
2s,2s,2s,2s,2t,2s,2s,2s,2s,2s,2s,3b,2s,2s,2s,2s
0,0,0,0,2y,0,0,2w,2x,0,0,3a,0,0,0,0
0,3g,0,0,34,0,0,2u,2v,0,0,39,0,0,0,0
0,3d,0,0,33,32,0,0,0,0,37,38,0,0,0,0
0,0,0,0,0,31,30,2z,2z,35,36,0,0,0,0,0
0,0,0,0,0,0,0,0,0,0,0,0,0,0,0,0
0,3e,0,0,0,0,0,0,0,0,0,0,0,0,0,0
0,3d,0,0,0,0,0,0,0,0,0,0,0,0,0,2r
0,0,0,0,0,0,0,0,0,0,0,0,0,0,0,0
0,0,0,0,0,0,0,0,0,0,0,0,0,3f,0,0
0,0,0,0,0,0,3h,0,0,0,0,0,0,3d,0,0
0,3i,3i,0,0,0,3d,0,0,0,0,0,0,0,0,0
WAL 2s,3b,3a,39,38,37,36,35,34,33,32,31,30,2z,2y,2t,3f,3e,3d,3g,3h
EXT 15,11 2 0,11
EXT 1,15 1 1,8
EXT 2,15 1 2,8
PAL 1

ROOM 4
0,0,0,0,0,0,0,0,0,0,0,0,0,0,0,0
0,0,0,0,0,0,0,0,0,0,0,0,0,0,0,0
0,0,0,0,0,0,0,0,0,0,0,0,0,0,0,0
0,0,d,e,e,e,e,e,3y,e,j,0,0,0,0,0
0,0,a,3z,0,0,0,0,3w,3x,g,0,0,0,0,0
0,0,a,0,0,3u,3v,0,0,0,g,0,0,0,0,0
0,0,a,0,0,42,41,0,0,0,g,0,0,0,0,0
0,0,a,0,0,0,0,0,0,0,g,0,0,0,0,0
0,0,47,46,0,0,0,0,0,0,g,0,0,0,0,0
0,0,44,45,0,0,0,0,0,0,g,0,0,0,0,0
0,0,3s,3r,3r,3r,40,3r,3r,3r,3t,0,0,0,0,0
0,0,0,0,0,0,0,0,0,0,0,0,0,0,0,0
0,0,0,0,0,0,0,0,0,0,0,0,0,0,0,0
0,0,0,0,0,0,0,0,0,0,0,0,0,0,0,0
0,0,0,0,0,0,0,0,0,0,0,0,0,0,0,0
0,0,0,0,0,0,0,0,0,0,0,0,0,0,0,0
WAL 3x,3w,3v,3u,a,3t,3s,3r,d,e,g,j,3y,44,45,46,47
ITM 1 6,4
EXT 6,10 0 8,15
PAL 1

ROOM 5
0,0,0,0,0,0,0,0,0,0,0,0,0,0,0,0
0,0,0,0,0,0,0,0,0,0,0,0,0,0,0,0
0,0,0,0,0,0,0,0,0,0,0,0,0,0,0,0
0,0,0,0,0,0,0,0,0,0,0,0,0,0,0,0
2s,2s,2s,2s,2t,2s,2s,2s,2s,2s,2s,3b,2s,2s,2s,2s
0,0,0,0,2y,0,0,2w,2x,0,0,3a,0,0,0,0
0,3g,0,0,34,0,0,2u,2v,0,0,39,0,0,0,0
0,3d,0,0,33,32,0,0,0,0,37,38,0,0,0,0
0,0,0,0,0,31,30,2z,2z,35,36,0,0,0,0,0
0,0,0,0,0,0,0,0,0,0,0,0,0,0,0,0
0,3e,0,0,0,0,0,0,0,0,0,0,0,0,0,0
0,3d,0,0,0,0,0,0,0,0,0,0,0,0,0,2r
0,0,0,0,0,0,0,0,0,0,0,0,0,0,0,0
0,0,0,0,0,0,0,0,0,0,0,0,0,3f,0,0
0,0,0,0,0,0,3h,0,0,0,0,0,0,3d,0,0
0,3i,3i,0,0,0,3d,0,0,0,0,0,0,0,0,0
WAL 2s,3b,3a,39,38,37,36,35,34,33,32,31,30,2z,2y,2t,3f,3e,3d,3g,3h
EXT 1,15 1 1,8
EXT 2,15 1 2,8
EXT 14,11 6 14,11
EXT 15,10 6 15,10
EXT 15,12 6 15,12
PAL 1

ROOM 6
0,0,0,0,0,0,0,0,0,0,0,0,0,0,0,0
0,0,0,0,0,0,0,0,0,0,0,0,0,0,0,0
0,0,0,0,0,0,0,0,0,0,0,0,0,0,0,0
0,0,0,0,0,0,0,0,0,0,0,0,0,0,0,0
0,0,0,0,0,0,0,0,0,0,0,0,0,0,0,0
0,0,0,0,0,0,0,0,0,0,0,0,0,0,0,0
0,0,0,0,0,0,0,0,0,0,0,0,0,0,0,0
0,0,0,0,0,0,0,0,0,0,0,0,0,0,0,0
0,0,0,0,0,0,0,0,0,0,0,0,0,0,0,0
0,0,0,0,0,0,0,0,0,0,0,0,0,0,0,0
0,0,0,0,0,0,0,0,0,0,0,0,0,0,0,0
0,0,0,0,0,0,0,0,0,0,0,0,0,0,0,0
0,0,0,0,0,0,0,0,0,0,0,0,0,0,0,0
0,0,0,0,0,0,0,0,0,0,0,0,0,0,0,0
0,0,0,0,0,0,0,0,0,0,0,0,0,0,0,0
0,0,0,0,0,0,0,0,0,0,0,0,0,0,0,0
EXT 15,13 7 15,14
EXT 14,12 7 14,13
EXT 13,11 7 13,11
EXT 14,10 7 14,10
EXT 15,9 7 15,9
PAL 2

ROOM 7
0,0,0,0,0,0,0,0,0,0,0,0,0,0,0,0
0,0,0,0,0,0,0,0,0,0,0,0,0,0,0,0
0,0,0,0,0,0,0,0,0,0,0,0,0,0,0,0
0,0,0,0,0,0,0,0,0,0,0,0,0,0,0,0
2s,2s,2s,2s,2t,2s,2s,2s,2s,2s,2s,3b,2s,2s,2s,2s
0,0,0,0,2y,0,0,0,0,0,0,3a,0,0,0,0
0,3g,0,0,34,0,0,2u,2v,0,0,0,0,0,0,0
0,3d,0,0,33,32,0,0,0,0,37,38,0,0,0,0
0,0,0,0,0,31,30,2z,2z,35,36,0,0,0,0,0
0,0,0,0,0,0,0,0,0,0,0,0,0,0,0,0
0,3e,0,0,0,0,0,0,0,0,0,0,0,0,0,0
0,3d,0,0,0,0,0,0,0,0,0,0,0,0,0,2r
0,0,0,0,0,0,0,0,0,0,0,0,0,0,0,0
0,0,0,0,0,0,0,0,0,0,0,0,0,3f,0,0
0,0,0,0,0,0,3h,0,0,0,0,0,0,3d,0,0
0,3i,3i,0,0,0,3d,0,0,0,0,0,0,0,0,0
WAL 2s,3b,3a,39,38,37,36,35,34,33,32,31,30,2z,2y,2t,3f,3e,3d,3g,3h,2u,2v
ITM 3 8,5
EXT 1,15 1 1,8
EXT 2,15 1 2,8
EXT 11,6 8 11,6
PAL 1

ROOM 8
0,0,0,0,0,0,0,0,0,0,0,0,0,0,0,0
0,0,0,0,0,0,0,0,0,0,0,0,0,0,0,0
0,0,0,0,0,0,0,0,0,0,0,0,0,0,0,0
0,0,0,0,0,0,0,0,0,0,0,0,0,0,0,0
2s,2s,2s,2s,2t,2s,2s,2s,2s,2s,2s,3b,2s,2s,2s,2s
0,0,0,0,2y,0,0,0,0,0,0,3a,0,0,0,0
0,3g,0,0,34,0,0,2u,2v,0,0,0,0,0,0,0
0,3d,0,0,33,32,0,0,0,0,37,38,0,0,0,0
0,0,0,0,0,31,30,2z,2z,35,36,0,0,0,0,0
0,0,0,0,0,0,0,0,0,0,0,0,0,0,0,0
0,3e,0,0,0,0,0,0,0,0,0,0,0,0,0,0
0,3d,0,0,0,0,0,0,0,0,0,0,0,0,0,2r
0,0,0,0,0,0,0,0,0,0,0,0,0,0,0,0
0,0,0,0,0,0,0,0,0,0,0,0,0,3f,0,0
0,0,0,0,0,0,3h,0,0,0,0,0,0,3d,0,0
0,3i,3i,0,0,0,3d,0,0,0,0,0,0,0,0,0
WAL 2s,3b,3a,39,38,37,36,35,34,33,32,31,30,2z,2y,2t,3f,3e,3d,3g,3h,2u,2v
ITM 4 8,5
EXT 1,15 1 1,8
EXT 2,15 1 2,8
END undefined 12,6
PAL 1

TIL 10
11111111
00000000
00000000
00000000
00000000
00000000
00000000
00000000

TIL 11
11111111
01000000
00111111
00010000
00001111
00000100
00000011
00000001

TIL 12
11111111
11111110
11111111
11111000
11111111
11100000
11111111
10000000

TIL 13
11111111
01111111
11111111
00011111
11111111
00000111
11111111
00000001

TIL 14
00000001
00000001
00000001
00000001
00000001
00000001
00000001
00000001

TIL 15
10000000
10000000
10000000
10000000
10000000
10000000
10000000
10000000

TIL 16
11111111
01111110
01000010
10100101
10100101
10011001
01111110
11111111

TIL 17
11111111
00000000
00000000
00000000
11111111
00000000
00000000
11111111

TIL 18
11111111
00000001
00000001
00000001
11111111
00000001
00000001
11111111

TIL 19
11111111
11111111
11111111
11111111
11111111
11111111
11111111
11111111

TIL 20
11111111
11111111
11000011
11000011
11000011
11000011
11000011
11000011

TIL 21
11111111
11111111
00000000
11111111
11111111
11111111
00000000
11111111

TIL 22
00000001
00000010
11111110
00001010
00010010
00101010
01000110
11111110

TIL 23
10000000
01000000
01111111
01010000
01001000
01010100
01100010
01111111

TIL 24
00000001
00000010
00000100
00001010
00010001
00100001
01010001
10001111

TIL 25
10000000
01000000
00100000
01010000
10001000
10000100
10001010
11110001

TIL 26
10000100
01001001
00110110
00110110
01001001
10000110
01000110
00101001

TIL 27
00100001
10010010
01101100
01101100
10010010
01100001
01100010
10010100

TIL 28
00000000
00000000
11111111
10000001
11000000
11110001
11111100
11111111

TIL 29
00000000
00000000
11111111
00000001
10000011
00001111
10111111
11111111

TIL 30
00000000
10000000
01000000
00100000
10010000
01001111
00100000
00011111

TIL 31
00001001
00000100
00000010
00000001
00000000
00000000
00000000
00000000

TIL 32
00000000
10000000
01000000
00100000
10010000
01001000
00100100
00010010

TIL 33
00001001
00000100
00000010
00000001
00000000
00000000
00000000
00000000

TIL 34
10100000
10100000
10100000
10100000
10010000
01001000
00100100
00010010

TIL 35
00000000
00000001
00000010
00000100
00001001
11110010
00000100
11111000

TIL 36
10010000
00100000
01000000
10000000
00000000
00000000
00000000
00000000

TIL 37
00000000
00000001
00000010
00000100
00001001
00010010
00100100
01001000

TIL 38
10010000
00100000
01000000
10000000
00000000
00000000
00000000
00000000

TIL 39
00000101
00000101
00000101
00000101
00001001
00010010
00100100
01001000

TIL 40
00000000
11111111
00000000
11111111
00000000
11111111
00000000
11111111

TIL 41
00000100
00000100
00000100
00000100
01111100
01000100
01000100
01000100

TIL 42
00000000
01000000
01000000
01000000
01111100
01000100
01000100
01000100

TIL 43
11000000
11000000
11000000
11100000
11111110
11111110
11111110
11000110

TIL 44
10011000
10000000
11111111
10000000
10000000
10000000
10000000
10000000

TIL 45
00000001
00000001
11111111
10000001
10000001
10000001
10000001
10000001

TIL 46
11111111
00000001
01011101
01011101
00011101
00000001
01110101
01110101

TIL 47
11111111
10000000
10001101
10000001
10000000
10011011
10011000
10000011

TIL a
10000000
10000000
10000000
10000000
10000000
10000000
10000000
10000000

TIL b
11111111
11111111
11000011
11000011
11000011
11000011
11000011
11111111

TIL c
10000000
10000000
10000000
10000000
10000000
10000000
10000000
10000000

TIL d
11111111
10000000
10000000
10000000
10000000
10000000
10000000
10000000

TIL e
11111111
00000000
00000000
00000000
00000000
00000000
00000000
00000000

TIL f
11111111
11111111
11111111
11111111
11111111
10000001
10000001
10000001

TIL g
00000001
00000001
00000001
00000001
00000001
00000001
00000001
00000001

TIL h
00000000
00000000
00000000
00000000
00000000
00000000
00000000
00000000

TIL i
10000001
10000001
10000001
10100001
10100001
10000001
10000001
10000001

TIL j
11111111
00000001
00000001
00000001
00000001
00000001
00000001
00000001

TIL k
11111111
11111111
11111111
11111111
11111111
11111111
11111111
11111111

TIL l
11111111
11111111
11111111
11111111
11111111
11111111
11111111
11111111

TIL m
11111111
11111111
11111111
00000000
00000000
11111111
11111111
11111111

TIL n
00000000
00000000
00000011
00001100
00110000
01000000
10000000
11111111

TIL o
00000000
00000000
11000000
00110000
00001100
00000010
00000001
11111111

TIL p
11111111
11000011
11000011
11000011
11000011
11000011
11000011
11111111

TIL q
00000001
00000001
00000001
00000001
00000001
00000001
00000001
00000001

TIL r
00000001
00000010
00000111
00001000
00011111
00100000
01111111
10000000

TIL s
00000000
00000000
00000000
00000000
00000000
00000000
00000000
00000000

TIL t
11111111
00000000
11111111
00000000
11111111
00000000
11111111
00000000

TIL u
00000000
00000000
00000000
00000000
00000000
00000000
00000000
00000000

TIL v
11111111
11111111
11111111
11111111
11111111
11111111
11111111
11111111

TIL w
00000000
00000000
00000000
00000000
00000000
00000000
00000000
00000000

TIL x
00000001
00000010
00000110
00001010
00011010
00101010
01101010
11111111

TIL y
10000000
01000000
01100000
01010000
01011000
01010100
01010110
11111111

TIL z
11111111
00000010
11111100
00001000
11110000
00100000
11000000
10000000

TIL 1a
00000000
00011111
00111111
00111111
11111111
11111111
10000000
10000000

TIL 1b
00000000
11111111
11111111
11111111
11111111
11111111
00000001
00000001

TIL 1c
00000000
01111110
01111110
01111110
00100100
00100100
00100100
00100100

TIL 1d
00000000
00000000
00000000
00000000
00000000
00000000
00000000
00000000

TIL 1e
11111111
00001001
01011101
01011101
11111111
00000001
10011001
10011001

TIL 1f
11111111
00000000
00100100
00100100
11111111
00000000
01010110
01010110

TIL 1g
11111111
00000000
11001010
11001010
11111111
00000100
01101110
01101110

TIL 1h
11111111
10000000
10100100
10100100
11111111
10000000
10001001
10001001

TIL 1i
00000000
00000000
00000000
00000000
00000000
00000000
00000000
11111111

TIL 1j
10000000
10000000
10000000
10000000
10000000
10000000
10000000
10000000

TIL 1k
00000000
00000000
00000000
00000000
00000000
00000000
00000000
10000000

TIL 1l
01111110
01000010
01000010
01000010
01010010
01000010
01000010
01000010

TIL 1m
00000000
00000000
11010000
10110000
01110000
10110000
11010000
00000000

TIL 1n
00100000
00001100
00010101
00010100
00001000
00011100
00011100
00000000
>
00000010
00011000
00010100
01010100
00001000
00011100
00011100
00000000

TIL 1o
10000001
01000010
00100100
00011000
00000000
00100010
01010101
10001000

TIL 1p
00000000
11111111
00000000
01010101
00100010
01010101
00000000
11111111

TIL 1q
00000001
00000010
00000110
00001001
00011010
00100100
01101010
10010001

TIL 1r
10000000
01000000
01100000
10010000
01011000
00100100
01010110
10001001

TIL 1s
10010001
01101010
00100100
00011010
00001001
00000110
00000010
00000001

TIL 1t
10011001
01100110
01100100
10011000
10010000
01100000
01000000
10000000

TIL 1u
00010001
00100010
01000100
10001000
00010001
00100010
01000100
10001000

TIL 1v
10010001
01101010
01100100
10011010
00011001
10100110
01000110
10101001

TIL 1w
00011000
00011000
00011000
00011000
00011000
00011000
00011000
00111100

TIL 1x
00011000
00011000
00011000
00011000
00011000
00011000
00011000
00011000

TIL 1y
00111100
00011000
00011000
00011000
00011000
00011000
00011000
00011000

TIL 1z
11000011
11000011
11000011
11000011
11000011
11000011
11000011
11111111

TIL 2a
01010101
10101010
01010101
01010101
01010101
01010101
10101010
01010101

TIL 2b
01010101
10101011
01010101
01010101
01010101
01010101
10101011
01010101

TIL 2c
11100111
11001100
10011001
00110011
11100111
11001100
10011001
00110011

TIL 2d
11100111
00110011
10011001
11001100
11100111
00110011
10011001
11001100

TIL 2e
00000000
00000000
00000000
00000000
00000000
00000000
00000000
00000000

TIL 2f
11000011
10111101
10110010
11000100
11000100
10110010
10111101
11000011

TIL 2g
11000011
10111101
01001101
00100011
00100011
01001101
10111101
11000011

TIL 2h
00000000
00000000
00000000
00000000
00000000
00000000
00000000
11111111

TIL 2i
00000001
00000001
00000001
00000001
00000001
00000001
00000001
11111111

TIL 2j
10000000
10000000
10000000
10000000
10000000
10000000
10000000
11111111

TIL 2k
10000000
10000000
10000000
10000000
10000000
10000000
10000000
10000000

TIL 2l
00000001
00000001
00000001
00000001
00000001
00000001
00000001
00000001

TIL 2m
00000000
00000000
00000000
00000000
11111111
10000000
10000000
10000000

TIL 2n
00000000
00000000
00000000
00000000
11111111
00000001
00000001
00000001

TIL 2o
00000000
00000000
00000000
00000000
00000000
00000000
00000000
00000000

TIL 2p
11011011
10110110
01101101
11011011
10110110
01101101
11011011
10110110

TIL 2q
11011011
01101101
10110110
11011011
01101101
10110110
11011011
01101101

TIL 2r
00000000
00000000
00001011
00001101
00001110
00001101
00001011
00000000

TIL 2s
11111111
00000000
00000000
00000000
00000000
00000000
00000000
00000000

TIL 2t
11111111
10100000
10100000
10100000
10100000
10100000
10100000
10100000

TIL 2u
11111111
11111100
11111111
11111100
11111111
11111111
11111111
11111111

TIL 2v
11111111
00111111
11111111
00111111
11111111
11111111
11111111
11111111

TIL 2w
11111111
10000000
10000000
10000111
10000011
10000001
10000001
10000011

TIL 2x
11111111
00000001
00000001
11100001
11000001
10000001
10000001
11000001

TIL 2y
10100000
10100000
10100000
10100000
10100000
10100000
10100000
10100000

TIL 2z
00000000
00000000
00000000
00000000
00000000
11111111
00000000
11111111

TIL 3a
00000101
00000101
00000101
00000101
00000101
00000101
00000101
00000101

TIL 3b
11111111
00000101
00000101
00000101
00000101
00000101
00000101
00000101

TIL 3c
00000000
00000000
11111110
00010000
00010000
00010000
00010000
01111100

TIL 3d
11111111
11100111
11111111
11100111
11111111
11111111
11111111
11111111

TIL 3e
11111111
10000001
10000001
10000001
10011001
10111001
10011001
10000001

TIL 3f
11111111
10000001
10000001
10010001
10101001
10010001
10011001
10001001

TIL 3g
11111111
10000001
10000001
10101001
10111001
10010001
10010001
10111001

TIL 3h
11111111
10000001
10000001
10000001
10000001
10011001
10111001
10000001

TIL 3i
00000000
00000000
00000000
00000000
01111100
00111000
01010100
01101100

TIL 3l
00000000
00000000
00000000
00000000
00000000
00000000
00000000
00000000

TIL 3q
00000000
00000000
00000000
00000000
00000000
00000000
00000000
00000000

TIL 3r
00000000
00000000
00000000
00000000
00000000
00000000
00000000
11111111

TIL 3s
10000000
10000000
10000000
10000000
10000000
10000000
10000000
11111111

TIL 3t
00000001
00000001
00000001
00000001
00000001
00000001
00000001
11111111

TIL 3u
00000000
11111111
01111111
01111111
01111111
01111111
01000000
01000000

TIL 3v
00000000
11111111
11111110
11111110
11111110
11111110
00000010
00000010

TIL 3w
11111111
10110110
10110110
10110110
10110110
10110110
10110110
11111111

TIL 3x
11111111
01100001
01100001
01100001
01101101
01101101
01101101
11111111

TIL 3y
11111111
00000000
00000000
00100000
00100011
00100011
01010011
10001011

TIL 3z
11111110
10010010
10010010
10010010
11111110
10010010
10010010
11111110

SPR 10
00011000
00011000
00111100
00011000
00111100
01011010
00100100
00100100
POS 3 5,12

SPR 11
00011000
00011000
00111100
00011000
00111100
01011010
00100100
00100100

SPR 12
00011000
00011000
00111100
00011000
00111100
01011010
00100100
00100100
POS 3 7,13

SPR 13
00011000
00011000
00111100
00011000
00111100
01011010
00100100
00100100
POS 3 3,13

SPR 14
00011000
00011000
00111100
00011000
00111100
01011010
00100100
00100100
POS 3 3,10

SPR 15
00000000
00000000
00000000
00000000
00000000
00000000
00000000
00000000

SPR 16
00011000
00011000
00111100
01011010
01011010
00011000
00100100
00100100
POS 3 7,14

SPR 17
00000000
00000000
00011000
00011000
00111100
01011010
00011000
00100100
POS 3 10,14

SPR 18
00011000
00011000
00111100
01111110
10111101
00111100
00100100
00100100
POS 5 10,8

SPR 19
00011000
00011000
00111100
01111110
10111101
00111100
00100100
00100100
POS 5 5,8

SPR A
00011000
00011100
00011000
00111100
01111110
10111101
00100100
00100100
POS 4 6,7

SPR a
00011000
00011000
00111100
01111110
10111101
00111100
00100100
00100100
DLG SPR_0
POS 0 6,9

SPR b
00011000
00011000
00111100
01111110
10111101
00111100
00100100
00100100
DLG SPR_1
POS 0 9,9

SPR c
00000000
00000000
01111110
00011100
00110000
00110000
00000000
00000000
DLG SPR_2

SPR d
00011000
00011000
00111100
01011010
00011000
00111100
01111110
11111111

SPR e
00111000
00110000
00111000
00111111
00111000
00111110
00110010
00111010
>
00111000
00110000
00111100
00111010
00111001
00111110
00110010
00111011
POS 2 8,10

SPR f
00000000
00000000
00000000
00000000
00011000
00011000
00111100
01011010
DLG SPR_4
POS 2 2,4

SPR g
00110000
00010000
01110000
10110000
00110000
01111000
11111100
11111110
>
01100000
00100000
11100000
01100000
01100000
01110000
11111000
11111100
POS 2 7,13

SPR h
00001100
00001000
00001110
00001101
00001100
00001100
00001100
00001100
>
00000110
00000100
00000111
00000110
00000110
00000110
00000110
00000110
POS 2 6,13

SPR i
00110000
00010000
01110000
10110000
00110000
01111000
11111100
11111110
>
01100000
00100000
11100000
01100000
01100000
01110000
11111000
11111100
POS 2 5,10

SPR j
00001100
00001000
00001110
00001101
00001100
00001100
00001100
00001100
>
00000110
00000100
00000111
00000110
00000110
00000110
00000110
00000110
POS 2 4,10

SPR k
00001100
00001000
00001110
00001101
00001100
00001100
00001100
00001100
>
00000110
00000100
00000111
00000110
00000110
00000110
00000110
00000110
POS 2 1,15

SPR l
00110000
00010000
01110000
10110000
00110000
01111000
11111100
11111110
>
01100000
00100000
11100000
01100000
01100000
01110000
11111000
11111100
POS 2 2,15

SPR m
00011000
00011000
00111100
01111110
10111101
00111100
00100100
00100100
DLG SPR_3
POS 2 12,6

SPR n
00011100
00010000
00011010
00011110
00011000
00011000
00011000
00011000
>
00011100
00010000
00011000
00011000
00011000
00011000
00011000
00011000

SPR o
11111111
10000000
10000000
10000111
10000011
10000001
10000001
10000011
POS 3 7,5

SPR p
11111111
00000001
00000001
11100001
11000001
10000001
10000001
11000001
POS 3 8,5

SPR q
00000000
00000000
00000000
00000000
00000000
11111111
00000000
11111111
DLG SPR_5
POS 3 8,8

SPR r
00000000
00000000
00000000
00000000
00000000
11111111
00000000
11111111
DLG SPR_6
POS 3 7,8

SPR s
00011000
00011000
00111100
01111110
10111101
00111100
00100100
00100100
POS 3 10,8

SPR t
00011000
00011000
00111100
01111110
10111101
00111100
00100100
00100100
POS 3 5,8

SPR u
00011000
00011000
00111100
01111110
10111101
00111100
00100100
00100100
POS 3 3,4

SPR v
00011000
00011000
00111100
01111110
10111101
00111100
00100100
00100100
POS 3 12,4

SPR w
00011000
00011000
00111100
00011000
01111100
10011010
10100100
10100100
DLG SPR_7
POS 3 14,8

SPR x
00011000
00011000
00111100
00011000
00111100
01011010
00100100
00100100
POS 3 2,13

SPR y
00011000
00011000
00111100
00011000
00111100
01011010
00100100
00100100
POS 3 8,12

SPR z
00011000
00011000
00111100
00011000
00111100
01011010
00100100
00100100
POS 3 5,14

SPR 1a
00011000
00011000
00111100
01111110
10111101
00111100
00100100
00100100
POS 5 12,4

SPR 1b
00011000
00011000
00111100
01111110
10111101
00111100
00100100
00100100
POS 5 3,4

SPR 1c
00011000
00011000
00111100
01011010
01011010
00011000
00100100
00100100
POS 5 3,12

SPR 1d
00011000
00011000
00111100
00011000
00111100
01011010
00100100
00100100
POS 5 6,13

SPR 1e
00011000
00011000
00111100
00011000
00111100
01011010
00100100
00100100
POS 5 9,11

SPR 1f
00011000
00011000
00111100
00011000
00111100
01011010
00100100
00100100
POS 5 10,14

SPR 1g
00011000
00011000
00111100
01011010
01011010
00011000
00100100
00100100
POS 5 9,13

SPR 1h
00011000
00011000
00111100
01011010
01011010
00011000
00100100
00100100
POS 5 6,11

SPR 1i
00011000
00011000
00111100
00011000
01111100
10011010
10100100
10100100
POS 5 14,8

SPR 1j
00000000
00000000
00000000
00000000
00000000
00001100
01111111
11111111
POS 7 10,7

SPR 1k
00000000
00000000
00000000
00000000
00000000
00001100
01111111
11111111
POS 7 5,7

SPR 1l
00000000
00000000
00000000
00000000
00000000
00001100
01111111
11111111
POS 7 11,4

SPR 1m
00000000
00000000
00000000
00000000
00000000
00001100
01111111
11111111
POS 7 4,4

SPR 1n
00000000
00000000
00000000
00000000
00000000
00001100
01111111
11111111
POS 8 10,7

SPR 1o
00000000
00000000
00000000
00000000
00000000
00001100
01111111
11111111
POS 8 5,7

SPR 1p
00000000
00000000
00000000
00000000
00000000
00001100
01111111
11111111
POS 8 11,4

SPR 1q
00000000
00000000
00000000
00000000
00000000
00001100
01111111
11111111
POS 8 4,4

SPR 1r
00011000
00011000
00111100
01111110
10111101
00111100
00100100
00100100
DLG SPR_8
POS 1 5,8

SPR 1s
00011000
00011000
00111100
01111110
10111101
00111100
00100100
00100100
DLG SPR_9
POS 1 11,8

SPR 1t
00000000
00011000
00011000
00111100
01011010
00011000
00100100
00100100

SPR 1u
00111100
01000010
10111001
10000001
10011101
01000001
00111110
00000000
>
00000000
00111100
01000010
10111001
10000001
10011101
01000001
00111110
DLG SPR_a
POS 4 9,8

SPR 1v
00111100
01000010
10111001
10000001
10011101
01000001
00111110
00000000
>
00000000
00111100
01000010
10111001
10000001
10011101
01000001
00111110
DLG SPR_b
POS 1 7,12

SPR 1w
00111100
01000010
10111001
10000001
10011101
01000001
00111110
00000000
>
00000000
00111100
01000010
10111001
10000001
10011101
01000001
00111110
DLG SPR_c
POS 3 14,12

SPR 1x
00111100
01000010
10111001
10000001
10011101
01000001
00111110
00000000
>
00000000
00111100
01000010
10111001
10000001
10011101
01000001
00111110
DLG SPR_d
POS 2 0,8

SPR 1y
00111100
01000010
10111001
10000001
10011101
01000001
00111110
00000000
>
00000000
00111100
01000010
10111001
10000001
10011101
01000001
00111110
DLG SPR_e
POS 7 9,10

ITM 0
00000000
00000000
00000000
00000000
00101000
00101000
00010000
00111000
NAME tea
DLG ITM_0

ITM 1
00000000
01111110
01000010
01011010
01000010
01011010
01000010
01111110
DLG ITM_1

ITM 2
00000000
00000000
00000000
00000000
00000000
00000000
00000000
00000000

ITM 3
00000000
00000000
00000000
00000000
00111110
00100010
00111110
00100010
DLG ITM_2

ITM 4
00000000
00000000
00000000
00000000
00111110
00100010
00111110
00100010
DLG ITM_3

DLG SPR_0
"""
{shuffle
  - Hello Sir!
  - Good evening Detective.
}
Last night of freedom for Leblanc?
"""

DLG SPR_2
"""
{
  - {item "0"} == 1 ?

  - else ?

}
"""

DLG SPR_1
"""
Good evening Detective!
Everything is clear.
"""

DLG ITM_0
A glass of champaign. Not very serious in duty but everything is fine tonight.

DLG SPR_3
"""
Nothing here Sir.
Maybe he will not come finally.
"""

DLG SPR_4
What can I do for you sir?

DLG SPR_5
Coupe de la Vie  - Wooden cup Finded in Hasay, 1939.

DLG SPR_6
Coupe de la Vie  - Wooden cup Finded in Hasay, 1939.

DLG SPR_7
"""
{
  - text == 0 ?
    Hello Detective.
    Thank you for protecting the new piece of my museum.
  - a > 1 ?
    For the moment, everyone enjoy the private viewing.
}{text = 1}
"""

DLG ITM_1
Headlines : New target for Leblanc! La coupe de la vie will be steal tonigh!

DLG ITM_2
Thanks for the gift - {wvy}Leblanc{wvy}

DLG ITM_3
Thanks for the gift - {wvy}Leblanc{wvy}

DLG SPR_8
Hello sir. Everyone enjoy the party. Nothing to be worry.

DLG SPR_9
Good evening Sir. I saw nothing tonight for the moment.

DLG SPR_a
One more night where Leblanc plays with me. It should be good this time.

DLG SPR_b
Everyone is in the main and ballroom. No one can have access to the upper floor.

DLG SPR_c
With so many people here and the guards, if he tires something, someone will notice him.

DLG SPR_d
The access to the personnels rooms is secured too. We will get him.

DLG SPR_e
What..What happened? Where is everyone?

END 0


END undefined
Good evening Detective! I hope your night was as good as mine. See you later. L.

VAR a
42

VAR b
2

VAR text
0


