


# BITSY VERSION 4.8

! ROOM_FORMAT 1

PAL 0
NAME indoors
255,194,194
250,125,149
173,212,255
83,3,75
206,24,106
86,127,235
86,127,235

PAL 1
NAME outdoors
171,252,172
83,3,75
206,24,106
10,84,123
39,140,127
252,131,159
86,127,235

PAL 2
171,252,172
252,131,159
252,131,159

PAL 3
NAME title
173,212,255
252,131,159
255,194,194
173,212,255
173,212,255
173,212,255
173,212,255

PAL 4
NAME chase
255,194,194
252,131,159
255,64,64
255,64,64
255,64,64
255,64,64
86,127,235

PAL 5
NAME outdoors
171,252,172
83,3,75
206,24,106
10,84,123
39,140,127
255,64,64
86,127,235

PAL 6
NAME walk
255,194,194
250,125,149
173,212,255
240,117,131
206,24,106
86,127,235
255,194,194
86,127,235

PAL 7
NAME chase2
255,194,194
252,131,159
255,64,64
255,64,64
255,64,64
255,64,64
255,194,194

PAL 8
NAME indoors2
255,194,194
250,125,149
83,3,75
10,84,123
39,140,127
86,127,235
206,24,106
255,236,109
255,167,99

ROOM 0
0,0,0,0,0,0,0,0,0,0,0,0,0,0,0,0
0,0,0,0,0,0,0,0,0,0,0,0,0,0,0,0
0,0,b,b,b,0,0,0,0,0,0,b,b,b,0,0
0,a,x,y,z,c,0,u,b,0,a,0,q,0,c,0
0,a,0,0,0,c,a,0,0,c,a,0,r,0,c,0
0,a,0,0,0,t,s,0,0,t,s,0,0,0,c,0
0,a,0,0,0,c,a,0,0,c,a,0,0,0,c,0
0,0,d,v,d,0,0,d,d,0,0,d,d,d,0,0
0,0,b,u,b,o,p,b,b,0,0,b,b,b,b,0
0,a,0,0,0,m,n,0,0,c,a,0,0,g,i,c
0,a,0,0,0,0,0,0,0,t,s,0,0,9i,9j,c
0,a,0,0,0,0,0,0,0,c,a,14,0,0,0,c
0,a,0,0,0,0,l,k,0,c,a,13,0,j,0,c
0,a,0,l,k,k,k,k,0,c,a,12,0,h,w,c
0,0,d,d,d,d,d,d,d,0,0,d,d,d,d,0
0,0,0,0,0,0,0,0,0,0,0,0,0,0,0,0
NAME 5
ITM 0 2,5
ITM h 7,3
ITM 4 12,4
ITM 4 12,3
ITM 35 5,9
ITM 35 6,9
EXT 10,10 0 8,10
EXT 9,10 0 11,10
EXT 3,8 0 3,6
EXT 3,7 0 3,9
EXT 5,5 0 7,5
EXT 6,5 0 4,5
EXT 9,5 0 11,5
EXT 10,5 0 8,5
PAL 0

ROOM 1
0,0,0,0,0,0,0,0,0,0,0,0,0,0,0,0
0,0,0,0,0,0,0,0,0,0,0,0,0,0,0,0
0,0,b,b,b,0,0,0,0,0,0,b,b,b,0,0
0,a,x,y,z,c,0,u,b,0,a,0,q,0,c,0
0,a,0,0,0,c,a,0,0,c,a,0,r,0,c,0
0,a,0,0,0,t,s,0,0,t,s,0,0,0,c,0
0,a,0,0,0,c,a,0,0,c,a,0,0,0,c,0
0,0,d,v,d,0,0,d,d,0,0,d,d,d,0,0
0,0,b,u,b,o,p,b,b,0,0,0,0,0,0,0
0,a,0,0,0,m,n,0,0,c,0,0,0,0,0,0
0,a,0,0,0,0,0,0,0,t,0,0,0,0,0,0
0,a,0,0,0,0,0,0,0,c,0,0,0,0,0,0
0,a,0,0,0,0,l,k,0,c,0,0,0,0,0,0
0,a,0,l,k,k,k,k,0,c,0,0,0,0,0,0
0,0,d,d,d,d,d,d,d,0,0,0,0,0,0,0
0,0,0,0,0,0,0,0,0,0,0,0,0,0,0,0
NAME 4
ITM 0 2,5
ITM h 7,3
ITM 4 12,4
ITM 4 12,3
ITM 35 5,9
ITM 35 6,9
EXT 3,8 1 3,6
EXT 3,7 1 3,9
EXT 5,5 1 7,5
EXT 6,5 1 4,5
EXT 9,5 1 11,5
EXT 10,5 1 8,5
EXT 9,10 0 11,10
PAL 0

ROOM 2
0,0,0,0,0,0,0,0,0,0,0,0,0,0,0,0
0,0,0,0,0,0,0,0,0,0,0,0,0,0,0,0
0,0,b,b,b,0,0,0,0,0,0,b,b,b,0,0
0,a,x,y,z,c,0,u,b,0,a,0,q,0,c,0
0,a,0,0,0,c,a,0,0,c,a,0,r,0,c,0
0,a,0,0,0,t,s,0,0,t,s,0,0,0,c,0
0,a,0,0,0,c,a,0,0,c,a,0,0,0,c,0
0,0,d,v,d,0,0,d,d,0,0,d,d,d,0,0
0,0,0,0,0,0,0,0,0,0,0,0,0,0,0,0
0,0,0,0,0,0,0,0,0,0,0,0,0,0,0,0
0,0,0,0,0,0,0,0,0,0,0,0,0,0,0,0
0,0,0,0,0,0,0,0,0,0,0,0,0,0,0,0
0,0,0,0,0,0,0,0,0,0,0,0,0,0,0,0
0,0,0,0,0,0,0,0,0,0,0,0,0,0,0,0
0,0,0,0,0,0,0,0,0,0,0,0,0,0,0,0
0,0,0,0,0,0,0,0,0,0,0,0,0,0,0,0
NAME 3a
ITM b 5,5
ITM b 3,7
ITM 4 12,4
ITM 4 12,3
EXT 2,6 1y 2,6
EXT 2,4 1x 2,4
PAL 0

ROOM 3
0,0,0,0,0,0,0,0,0,0,0,0,0,0,0,0
0,0,0,0,0,0,0,0,0,0,0,0,0,0,0,0
0,0,0,0,0,0,0,0,0,0,0,b,b,b,0,0
0,0,0,0,0,0,0,u,b,0,a,0,q,0,c,0
0,0,0,0,0,0,a,0,0,c,a,0,r,0,c,0
0,0,0,0,0,0,s,0,0,t,s,0,0,0,c,0
0,0,0,0,0,0,a,0,0,c,a,0,0,0,c,0
0,0,0,0,0,0,0,d,d,0,0,d,d,d,0,0
0,0,0,0,0,0,0,0,0,0,0,0,0,0,0,0
0,0,0,0,0,0,0,0,0,0,0,0,0,0,0,0
0,0,0,0,0,0,0,0,0,0,0,0,0,0,0,0
0,0,0,0,0,0,0,0,0,0,0,0,0,0,0,0
0,0,0,0,0,0,0,0,0,0,0,0,0,0,0,0
0,0,0,0,0,0,0,0,0,0,0,0,0,0,0,0
0,0,0,0,0,0,0,0,0,0,0,0,0,0,0,0
0,0,0,0,0,0,0,0,0,0,0,0,0,0,0,0
NAME 2
ITM 5 7,3
ITM 4 12,4
ITM 4 12,3
EXT 9,5 3 11,5
EXT 10,5 3 8,5
EXT 6,5 2 4,5
PAL 0

ROOM 4
0,0,0,0,0,0,0,0,0,0,0,0,0,0,0,0
0,0,0,0,0,0,0,0,0,0,0,0,0,0,0,0
0,0,0,0,0,0,0,0,0,0,0,b,b,b,0,0
0,0,0,0,0,0,0,0,0,0,a,0,q,0,c,0
0,0,0,0,0,0,0,0,0,0,a,0,r,0,c,0
0,0,0,0,0,0,0,0,0,0,s,0,0,0,c,0
0,0,0,0,0,0,0,0,0,0,a,0,0,0,c,0
0,0,0,0,0,0,0,0,0,0,0,d,d,d,0,0
0,0,0,0,0,0,0,0,0,0,0,0,0,0,0,0
0,0,0,0,0,0,0,0,0,0,0,0,0,0,0,0
0,0,0,0,0,0,0,0,0,0,0,0,0,0,0,0
0,0,0,0,0,0,0,0,0,0,0,0,0,0,0,0
0,0,0,0,0,0,0,0,0,0,0,0,0,0,0,0
0,0,0,0,0,0,0,0,0,0,0,0,0,0,0,0
0,0,0,0,0,0,0,0,0,0,0,0,0,0,0,0
0,0,0,0,0,0,0,0,0,0,0,0,0,0,0,0
NAME 1
ITM 4 12,4
ITM 4 12,3
EXT 10,5 3 8,5
PAL 0

ROOM 5
0,0,0,0,0,0,0,0,0,0,0,0,0,0,0,0
0,0,0,0,0,0,0,0,0,0,0,0,0,0,0,0
0,0,0,0,0,0,0,0,0,0,0,b,b,b,0,0
0,0,0,0,0,0,0,0,0,0,a,0,10,0,c,0
0,0,0,0,0,0,0,0,0,0,a,0,11,0,c,0
0,0,0,0,0,0,0,0,0,0,s,0,0,0,c,0
0,0,0,0,0,0,0,0,0,0,a,0,0,0,c,0
0,0,0,0,0,0,0,0,0,0,0,d,d,d,0,0
0,0,0,0,0,0,0,16,0,0,0,0,0,0,0,0
0,0,0,0,0,0,0,15,0,0,0,0,0,0,0,0
0,0,0,0,0,0,0,16,0,0,0,0,0,0,0,0
0,0,0,0,0,0,0,0,0,0,0,0,0,0,0,0
0,0,0,0,0,0,0,0,0,0,0,0,0,0,0,0
0,0,0,0,0,0,0,0,0,0,0,0,0,0,0,0
0,0,0,0,0,0,0,0,0,0,0,0,0,0,0,0
0,0,0,0,0,0,0,0,0,0,0,0,0,0,0,0
NAME sleep
ITM 2 13,6
ITM 3j 12,3
EXT 8,9 6 7,9
EXT 6,9 8 7,9
PAL 6

ROOM 6
0,0,0,0,0,0,0,0,0,0,0,0,0,0,0,0
0,0,0,0,0,0,0,0,0,0,0,0,0,0,0,0
0,0,0,0,0,0,0,0,0,0,0,b,b,b,0,0
0,0,0,0,0,0,0,0,0,0,a,0,q,0,c,0
0,0,0,0,0,0,0,0,0,0,a,0,r,0,c,0
0,0,0,0,0,0,0,0,0,0,s,0,0,0,c,0
0,0,0,0,0,0,0,0,0,0,a,0,0,0,c,0
0,0,0,0,0,0,0,0,0,0,0,d,d,d,0,0
0,0,0,0,0,0,0,16,0,0,0,0,0,0,0,0
0,0,0,0,0,0,0,15,16,0,0,0,0,0,0,0
0,0,0,0,0,0,0,0,0,0,0,0,0,0,0,0
0,0,0,0,0,0,0,0,0,0,0,0,0,0,0,0
0,0,0,0,0,0,0,0,0,0,0,0,0,0,0,0
0,0,0,0,0,0,0,0,0,0,0,0,0,0,0,0
0,0,0,0,0,0,0,0,0,0,0,0,0,0,0,0
0,0,0,0,0,0,0,0,0,0,0,0,0,0,0,0
NAME dress
ITM 1 13,3
ITM 2 13,6
ITM 4 6,9
EXT 7,10 7 7,9
PAL 6

ROOM 7
0,0,0,0,0,0,0,0,0,0,0,0,0,0,0,0
0,0,0,0,0,0,0,0,0,0,0,0,0,0,0,0
0,0,0,0,0,0,0,0,0,0,0,b,b,b,0,0
0,0,0,0,0,0,0,0,0,0,a,0,q,0,c,0
0,0,0,0,0,0,0,0,0,0,a,0,r,0,c,0
0,0,0,0,0,0,0,0,0,0,s,0,0,0,c,0
0,0,0,0,0,0,0,0,0,0,a,0,0,0,c,0
0,0,0,0,0,0,0,0,0,0,0,d,d,d,0,0
0,0,0,0,0,0,0,0,0,0,0,0,0,0,0,0
0,0,0,0,0,0,0,15,16,0,0,0,0,0,0,0
0,0,0,0,0,0,0,0,0,0,0,0,0,0,0,0
0,0,0,0,0,0,0,0,0,0,0,0,0,0,0,0
0,0,0,0,0,0,0,0,0,0,0,0,0,0,0,0
0,0,0,0,0,0,0,0,0,0,0,0,0,0,0,0
0,0,0,0,0,0,0,0,0,0,0,0,0,0,0,0
0,0,0,0,0,0,0,0,0,0,0,0,0,0,0,0
NAME dress
ITM 1 13,4
ITM 2 13,6
ITM 4 6,9
EXT 7,8 6 7,9
EXT 7,10 a 7,9
PAL 6

ROOM 8
0,0,0,0,0,0,0,0,0,0,0,0,0,0,0,0
0,0,0,0,0,0,0,0,0,0,0,0,0,0,0,0
0,0,0,0,0,0,0,0,0,0,0,b,b,b,0,0
0,0,0,0,0,0,0,0,0,0,a,0,q,0,c,0
0,0,0,0,0,0,0,0,0,0,a,0,r,0,c,0
0,0,0,0,0,0,0,0,0,0,s,0,0,0,c,0
0,0,0,0,0,0,0,0,0,0,a,0,0,0,c,0
0,0,0,0,0,0,0,0,0,0,0,d,d,d,0,0
0,0,0,0,0,0,0,16,0,0,0,0,0,0,0,0
0,0,0,0,0,0,16,15,0,0,0,0,0,0,0,0
0,0,0,0,0,0,0,0,0,0,0,0,0,0,0,0
0,0,0,0,0,0,0,0,0,0,0,0,0,0,0,0
0,0,0,0,0,0,0,0,0,0,0,0,0,0,0,0
0,0,0,0,0,0,0,0,0,0,0,0,0,0,0,0
0,0,0,0,0,0,0,0,0,0,0,0,0,0,0,0
0,0,0,0,0,0,0,0,0,0,0,0,0,0,0,0
NAME dress
ITM 1 11,3
ITM 2 13,6
ITM 4 8,9
EXT 7,10 9 7,9
PAL 6

ROOM 9
0,0,0,0,0,0,0,0,0,0,0,0,0,0,0,0
0,0,0,0,0,0,0,0,0,0,0,0,0,0,0,0
0,0,0,0,0,0,0,0,0,0,0,b,b,b,0,0
0,0,0,0,0,0,0,0,0,0,a,0,q,0,c,0
0,0,0,0,0,0,0,0,0,0,a,0,r,0,c,0
0,0,0,0,0,0,0,0,0,0,s,0,0,0,c,0
0,0,0,0,0,0,0,0,0,0,a,0,0,0,c,0
0,0,0,0,0,0,0,0,0,0,0,d,d,d,0,0
0,0,0,0,0,0,0,0,0,0,0,0,0,0,0,0
0,0,0,0,0,0,16,15,0,0,0,0,0,0,0,0
0,0,0,0,0,0,0,0,0,0,0,0,0,0,0,0
0,0,0,0,0,0,0,0,0,0,0,0,0,0,0,0
0,0,0,0,0,0,0,0,0,0,0,0,0,0,0,0
0,0,0,0,0,0,0,0,0,0,0,0,0,0,0,0
0,0,0,0,0,0,0,0,0,0,0,0,0,0,0,0
0,0,0,0,0,0,0,0,0,0,0,0,0,0,0,0
NAME dress
ITM 1 11,4
ITM 2 13,6
ITM 4 8,9
EXT 7,8 8 7,9
EXT 7,10 c 7,9
PAL 6

ROOM 10
0,0,0,1c,1n,1d,1e,0,0,0,1g,1h,1i,1j,2,0
0,0,0,0,3,2,0,0,0,0,1k,1o,1o,1l,8,5
1h,1i,1j,0,3,2,0,0,0,0,1c,1n,1d,1e,0,0
1o,1o,1l,9p,7,8,5,0,0,0,0,3,2,0,0,0
1n,1d,1e,0,0,0,0,0,0,0,0,3,2,1g,1h,1i
3,2,0,0,0,0,0,0,0,0,9p,7,8,1k,1o,1o
3,2,0,1g,1h,1i,1j,0,0,0,0,0,0,1c,1n,1d
7,8,5,1k,1o,1o,1l,0,0,0,0,0,0,0,3,2
0,0,0,1c,1n,1d,1e,0,0,1g,1h,1i,1j,0,3,2
0,0,0,0,3,2,0,0,0,1k,1o,1o,1l,9p,7,8
1g,1h,1i,1j,3,2,0,0,0,1c,1n,1d,1e,0,0,0
1k,1o,1o,1l,7,8,5,0,0,0,3,2,0,0,0,0
1c,1n,1d,1e,0,0,0,0,0,0,3,1g,1h,1i,1j,0
0,3,2,0,0,0,0,0,0,9p,7,1k,1o,1o,1l,0
0,3,2,0,0,0,0,0,0,0,0,1c,1n,1d,1e,0
9p,7,8,5,0,0,0,0,0,0,0,0,3,2,0,0
NAME orchard-1
ITM m 11,12
ITM o 12,14
ITM o 10,10
ITM o 1,12
ITM o 0,4
ITM o 4,0
ITM o 11,2
ITM o 14,6
ITM p 11,10
ITM p 13,14
ITM p 15,6
ITM p 12,2
ITM p 5,0
ITM p 1,4
ITM p 2,12
ITM q 3,12
ITM q 2,4
ITM q 6,0
ITM q 13,2
ITM q 12,10
ITM q 14,14
ITM r 12,9
ITM r 14,13
ITM r 13,1
ITM r 2,3
ITM r 3,11
ITM s 3,10
ITM s 2,2
ITM s 13,0
ITM s 12,8
ITM s 14,12
ITM t 11,14
ITM t 9,10
ITM t 0,12
ITM t 10,2
ITM t 3,0
ITM t 13,6
ITM u 11,13
ITM u 9,9
ITM u 0,11
ITM u 10,1
ITM u 13,5
ITM v 9,8
ITM v 0,10
ITM v 10,0
ITM v 13,4
ITM v 11,12
ITM w 10,8
ITM w 12,12
ITM w 14,4
ITM w 11,0
ITM w 0,2
ITM w 1,10
ITM x 2,10
ITM x 1,2
ITM x 12,0
ITM x 15,4
ITM x 11,8
ITM x 13,12
ITM o 4,8
ITM p 5,8
ITM q 6,8
ITM t 3,8
ITM s 6,6
ITM x 5,6
ITM w 4,6
ITM v 3,6
ITM u 3,7
ITM r 6,7
ITM z 7,11
ITM z 15,15
ITM z 1,1
ITM 1e 0,5
ITM 1e 4,1
ITM 1e 11,3
ITM 1e 14,7
ITM 1e 10,11
ITM 1e 4,9
ITM 1e 1,13
ITM 1e 12,15
ITM 1e 14,8
ITM 1e 10,12
ITM 1e 4,10
ITM 1e 1,14
ITM 1e 0,6
ITM 1e 4,2
ITM 1e 11,4
ITM 1f 2,14
ITM 1f 2,13
ITM 1f 5,10
ITM 1f 5,9
ITM 1f 1,6
ITM 1f 1,5
ITM 1f 5,2
ITM 1f 5,1
ITM 1f 12,3
ITM 1f 12,4
ITM 1f 14,0
ITM 1f 15,7
ITM 1f 15,8
ITM 1f 11,11
ITM 1f 13,15
ITM 1g 15,9
ITM 1g 5,11
ITM 1g 2,15
ITM 1g 1,7
ITM 1g 5,3
ITM 1g 12,5
ITM 1g 14,1
ITM 1h 1,15
ITM 1h 0,7
ITM 1h 4,3
ITM 1h 4,11
ITM 1h 10,13
ITM 1h 14,9
ITM 1h 11,5
ITM 36 11,12
ITM 39 11,13
EXT 7,15 r 7,4
EXT 6,15 r 7,4
EXT 8,15 r 7,4
EXT 9,15 r 7,4
EXT 10,15 r 7,4
EXT 5,15 r 7,4
EXT 4,15 r 7,4
EXT 3,15 r 7,4
EXT 7,0 11 7,14
EXT 8,0 11 8,14
EXT 9,0 11 9,14
PAL 1

ROOM 11
1h,1i,1j,0,0,0,0,0,0,1c,1n,1d,1e,0,0,3
1o,1o,1l,0,0,0,0,0,0,0,3,2,0,0,9p,7
1n,1d,1e,0,0,0,0,0,0,0,3,1g,1h,1i,1j,0
3,2,0,0,0,0,0,0,0,9p,7,1k,1o,1o,1l,0
3,1g,1h,1i,1j,0,0,1g,1h,1i,1j,1c,1n,1d,1e,0
7,1k,1o,1o,1l,0,0,1k,1o,1o,1l,0,3,2,0,0
0,1c,1n,1d,1e,0,0,1c,1n,1d,1e,0,3,2,0,0
0,0,3,2,0,0,0,0,3,2,0,9p,7,1g,1h,1i
0,0,3,1g,1h,1i,1j,0,3,2,0,0,0,1k,1o,1o
0,9p,7,1k,1o,1o,1l,9p,7,8,5,0,0,1c,1n,1d
1h,1i,1j,1c,1n,1d,1e,0,0,0,0,0,0,0,3,2
1o,1o,1l,0,3,2,0,0,0,0,0,0,1g,1h,1i,1j
1n,1d,1e,0,3,2,0,0,0,0,0,0,1k,1o,1o,1l
3,2,0,1g,1h,1i,1j,0,0,0,0,0,1c,1n,1d,1e
3,2,0,1k,1o,1o,1l,0,0,0,0,0,0,3,2,0
7,8,5,1c,1n,1d,1e,0,0,0,0,0,0,3,2,0
NAME trunky
ITM m 13,7
ITM m 11,2
ITM m 1,4
ITM m 3,8
ITM o 4,10
ITM o 2,6
ITM o 0,2
ITM o 0,12
ITM o 4,15
ITM o 10,0
ITM o 12,4
ITM o 14,9
ITM o 13,13
ITM p 5,10
ITM p 5,15
ITM p 1,12
ITM p 3,6
ITM p 1,2
ITM p 11,0
ITM p 13,4
ITM p 15,9
ITM p 14,13
ITM y 15,11
ITM q 6,10
ITM q 2,12
ITM q 4,6
ITM q 2,2
ITM q 12,0
ITM q 14,4
ITM q 6,15
ITM q 15,13
ITM t 12,13
ITM t 3,15
ITM t 3,10
ITM t 1,6
ITM t 11,4
ITM t 9,0
ITM t 13,9
ITM u 12,12
ITM u 13,8
ITM u 11,3
ITM u 1,5
ITM u 3,9
ITM u 3,14
ITM r 15,12
ITM r 6,14
ITM r 2,11
ITM r 6,9
ITM r 4,5
ITM r 2,1
ITM r 14,3
ITM w 13,11
ITM w 14,7
ITM w 4,13
ITM w 0,10
ITM w 4,8
ITM w 2,4
ITM w 0,0
ITM w 12,2
ITM x 14,11
ITM x 15,7
ITM x 13,2
ITM x 3,4
ITM x 1,0
ITM x 5,8
ITM x 1,10
ITM x 5,13
ITM s 4,4
ITM s 2,0
ITM s 14,2
ITM s 6,8
ITM s 2,10
ITM s 6,13
ITM s 15,11
ITM v 12,11
ITM v 3,13
ITM v 13,7
ITM v 11,2
ITM v 3,8
ITM v 1,4
ITM s 10,4
ITM x 9,4
ITM w 8,4
ITM v 7,4
ITM u 7,5
ITM r 10,5
ITM t 7,6
ITM o 8,6
ITM p 9,6
ITM q 10,6
ITM z 10,8
ITM z 3,2
ITM 1e 0,14
ITM 1e 0,13
ITM 1e 2,8
ITM 1e 2,7
ITM 1e 0,4
ITM 1e 0,3
ITM 1e 10,2
ITM 1e 10,1
ITM 1e 12,5
ITM 1e 12,6
ITM 1e 14,10
ITM 1e 8,7
ITM 1e 8,8
ITM 1e 4,11
ITM 1e 4,12
ITM 1e 13,14
ITM 1e 13,15
ITM 1e 15,0
ITM 1f 11,1
ITM 1f 1,3
ITM 1f 1,13
ITM 1f 1,14
ITM 1f 3,7
ITM 1f 5,11
ITM 1f 5,12
ITM 1f 9,7
ITM 1f 9,8
ITM 1f 13,5
ITM 1f 13,6
ITM 1f 15,10
ITM 1f 14,14
ITM 1f 14,15
ITM 1g 1,15
ITM 1h 8,9
ITM 1h 10,3
ITM 1h 12,7
ITM 1h 15,1
ITM 1h 0,5
ITM 1h 2,9
ITM 1h 0,15
ITM 36 1,4
ITM 36 3,8
ITM 36 11,2
ITM 37 13,7
ITM 38 13,7
ITM 39 1,5
ITM 39 3,9
ITM 39 11,3
ITM 3a 15,11
ITM 3b 14,11
ITM 1g 9,9
EXT 7,15 10 7,1
EXT 8,15 10 8,1
EXT 9,15 10 9,1
EXT 10,15 10 9,1
EXT 11,15 10 9,1
EXT 12,15 10 9,1
EXT 8,0 12 8,14
EXT 7,0 12 7,14
EXT 6,0 12 6,14
EXT 5,0 12 5,14
EXT 4,0 12 4,14
EXT 3,0 12 3,14
PAL 1

ROOM 12
0,0,0,0,0,0,0,0,0,0,0,0,0,0,0,0
0,0,0,0,0,0,0,0,0,0,0,0,0,0,0,0
0,0,0,0,19,2x,2x,1a,1b,2x,2x,1f,0,0,0,0
0,0,1m,1p,1q,2u,2u,1r,1s,2u,2u,1t,1p,1u,0,0
0,0,1b,2x,2u,1v,1w,1x,1y,1z,20,2u,2x,1a,0,0
0,0,1b,2x,2u,21,2w,22,23,2v,24,2u,2x,1a,0,0
0,0,1b,2x,2u,25,26,2u,2u,27,28,2u,2x,1a,0,0
0,0,1b,2x,29,2a,2b,2c,2c,2d,2e,2f,2x,1a,0,0
0,0,1b,2x,2g,2h,0,0,0,0,2i,2j,2x,1a,0,0
0,0,2k,2l,2m,2n,2o,2p,2p,2q,2r,2s,2l,2t,0,0
0,0,0,0,19,2u,2u,2u,2u,2u,2u,1f,0,0,0,0
0,0,0,0,0,0,0,0,0,0,0,0,0,0,0,0
0,0,0,0,0,0,0,0,0,0,0,0,0,0,0,0
0,0,0,0,0,0,0,0,0,0,0,0,0,0,0,0
0,0,0,0,0,0,0,0,0,0,0,0,0,0,0,0
0,0,0,0,0,0,0,0,0,0,0,0,0,0,0,0
NAME apple
ITM 10 5,10
ITM 10 6,10
ITM 10 7,10
ITM 10 8,10
ITM 10 9,10
ITM 10 10,10
PAL 5

ROOM 13
0,0,0,0,0,0,0,0,0,0,0,0,0,0,0,0
0,0,0,0,0,0,0,0,0,0,0,0,0,0,0,0
0,0,0,0,0,0,0,0,0,0,0,b,b,b,0,0
0,0,0,0,0,0,0,0,0,0,a,0,10,0,c,0
0,0,0,0,0,0,0,0,0,0,a,0,11,0,c,0
0,0,0,0,0,0,0,0,0,0,s,0,0,0,c,0
0,0,0,0,0,0,0,0,0,0,a,0,0,0,c,0
0,0,0,0,0,0,0,0,0,0,0,d,d,d,0,0
0,0,0,0,0,0,0,16,0,0,0,0,0,0,0,0
0,0,0,0,0,0,0,15,0,0,0,0,0,0,0,0
0,0,0,0,0,0,0,16,0,0,0,0,0,0,0,0
0,0,0,0,0,0,0,0,0,0,0,0,0,0,0,0
0,0,0,0,0,0,0,0,0,0,0,0,0,0,0,0
0,0,0,0,0,0,0,0,0,0,0,0,0,0,0,0
0,0,0,0,0,0,0,0,0,0,0,0,0,0,0,0
0,0,0,0,0,0,0,0,0,0,0,0,0,0,0,0
NAME sleep2
ITM 2 13,6
ITM 3j 12,3
EXT 6,9 14 11,3
EXT 8,9 14 13,3
PAL 6

ROOM 14
0,0,0,0,0,0,0,0,0,0,0,0,0,0,0,0
0,0,0,0,0,0,0,0,0,0,0,0,0,0,0,0
0,0,0,0,0,0,0,0,0,0,0,b,b,b,0,0
0,0,0,0,0,0,0,0,0,0,a,0,q,0,c,0
0,0,0,0,0,0,0,0,0,0,a,0,r,0,c,0
0,0,0,0,0,0,0,0,0,0,s,0,0,0,c,0
0,0,0,0,0,0,0,0,0,0,a,0,0,0,c,0
0,0,0,0,0,0,0,0,0,0,0,d,d,d,0,0
0,0,0,0,0,0,0,0,0,0,0,0,0,0,0,0
0,0,0,0,0,0,0,0,0,0,0,0,0,0,0,0
0,0,0,0,0,0,0,0,0,0,0,0,0,0,0,0
0,0,0,0,0,0,0,0,0,0,0,0,0,0,0,0
0,0,0,0,0,0,0,0,0,0,0,0,0,0,0,0
0,0,0,0,0,0,0,0,0,0,0,0,0,0,0,0
0,0,0,0,0,0,0,0,0,0,0,0,0,0,0,0
0,0,0,0,0,0,0,0,0,0,0,0,0,0,0,0
NAME app1
ITM 4 12,4
ITM 4 12,3
EXT 10,5 15 8,5
PAL 0

ROOM 15
0,0,0,0,0,0,0,0,0,0,0,0,0,0,0,0
0,0,0,0,0,0,0,0,0,0,0,0,0,0,0,0
0,0,0,0,0,0,0,0,0,0,0,b,b,b,0,0
0,0,0,0,0,0,0,u,b,0,a,0,q,0,c,0
0,0,0,0,0,0,a,0,0,c,a,0,r,0,c,0
0,0,0,0,0,0,s,0,0,t,s,0,0,0,c,0
0,0,0,0,0,0,a,0,0,c,a,0,0,0,c,0
0,0,0,0,0,0,0,d,d,0,0,d,d,d,0,0
0,0,0,0,0,0,0,0,0,0,0,0,0,0,0,0
0,0,0,0,0,0,0,0,0,0,0,0,0,0,0,0
0,0,0,0,0,0,0,0,0,0,0,0,0,0,0,0
0,0,0,0,0,0,0,0,0,0,0,0,0,0,0,0
0,0,0,0,0,0,0,0,0,0,0,0,0,0,0,0
0,0,0,0,0,0,0,0,0,0,0,0,0,0,0,0
0,0,0,0,0,0,0,0,0,0,0,0,0,0,0,0
0,0,0,0,0,0,0,0,0,0,0,0,0,0,0,0
NAME app2
ITM 4 12,4
ITM 4 12,3
ITM 5 7,3
EXT 9,5 15 11,5
EXT 10,5 15 8,5
EXT 6,5 16 4,5
PAL 0

ROOM 16
0,0,0,0,0,0,0,0,0,0,0,0,0,0,0,0
0,0,0,0,0,0,0,0,0,0,0,0,0,0,0,0
0,0,b,b,b,0,0,0,0,0,0,b,b,b,0,0
0,a,x,y,z,c,0,u,b,0,a,0,q,0,c,0
0,a,0,0,36,c,a,0,0,c,a,0,r,0,c,0
35,37,34,36,0,t,s,0,0,t,s,0,0,0,c,0
31,32,33,0,36,c,a,0,0,c,a,0,0,0,c,0
30,2z,2y,v,d,0,0,d,d,0,0,d,d,d,0,0
0,0,0,0,0,0,0,0,0,0,0,0,0,0,0,0
0,0,0,0,0,0,0,0,0,0,0,0,0,0,0,0
0,0,0,0,0,0,0,0,0,0,0,0,0,0,0,0
0,0,0,0,0,0,0,0,0,0,0,0,0,0,0,0
0,0,0,0,0,0,0,0,0,0,0,0,0,0,0,0
0,0,0,0,0,0,0,0,0,0,0,0,0,0,0,0
0,0,0,0,0,0,0,0,0,0,0,0,0,0,0,0
0,0,0,0,0,0,0,0,0,0,0,0,0,0,0,0
NAME app3
ITM 11 3,4
ITM 12 3,5
ITM 13 3,6
ITM 14 3,7
ITM 17 0,4
ITM 18 2,4
ITM 16 1,4
EXT 5,5 17 7,5
PAL 4

ROOM 17
0,0,0,0,0,0,0,0,0,0,0,0,0,0,0,0
0,0,0,0,0,0,0,0,0,0,0,0,0,0,0,0
0,0,b,b,b,0,0,0,0,0,0,b,b,b,0,0
0,a,x,y,z,c,0,u,b,0,a,0,q,0,c,0
0,35,37,34,0,c,a,0,0,c,a,0,r,0,c,0
0,31,32,33,0,t,s,0,0,t,s,0,0,0,c,0
0,30,2z,2y,0,c,a,0,0,c,a,0,0,0,c,0
0,0,0,0,d,0,0,d,d,0,0,d,d,d,0,0
0,0,0,0,0,0,0,0,0,0,0,0,0,0,0,0
0,0,0,0,0,0,0,0,0,0,0,0,0,0,0,0
0,0,0,0,0,0,0,0,0,0,0,0,0,0,0,0
0,0,0,0,0,0,0,0,0,0,0,0,0,0,0,0
0,0,0,0,0,0,0,0,0,0,0,0,0,0,0,0
0,0,0,0,0,0,0,0,0,0,0,0,0,0,0,0
0,0,0,0,0,0,0,0,0,0,0,0,0,0,0,0
0,0,0,0,0,0,0,0,0,0,0,0,0,0,0,0
NAME c1
ITM 14 4,6
ITM 12 4,4
ITM 11 4,3
ITM 16 2,3
ITM 17 1,3
ITM 18 3,3
ITM 13 4,5
ITM 31 6,5
ITM 3c 7,3
EXT 7,4 18 7,4
EXT 8,5 18 8,5
EXT 7,6 18 7,6
PAL 4

ROOM 18
0,0,0,0,0,0,0,0,0,0,0,0,0,0,0,0
0,0,0,0,0,0,0,0,0,0,0,0,0,0,0,0
0,0,b,0,0,0,0,0,0,0,0,b,b,b,0,0
0,a,35,37,34,0,0,u,b,0,a,0,q,0,c,0
0,0,31,32,33,0,a,0,0,c,a,0,r,0,c,0
0,0,30,2z,2y,t,s,0,0,t,s,0,0,0,c,0
0,0,0,0,0,c,a,0,0,c,a,0,0,0,c,0
0,0,0,0,d,0,0,d,d,0,0,d,d,d,0,0
0,0,0,0,0,0,0,0,0,0,0,0,0,0,0,0
0,0,0,0,0,0,0,0,0,0,0,0,0,0,0,0
0,0,0,0,0,0,0,0,0,0,0,0,0,0,0,0
0,0,0,0,0,0,0,0,0,0,0,0,0,0,0,0
0,0,0,0,0,0,0,0,0,0,0,0,0,0,0,0
0,0,0,0,0,0,0,0,0,0,0,0,0,0,0,0
0,0,0,0,0,0,0,0,0,0,0,0,0,0,0,0
0,0,0,0,0,0,0,0,0,0,0,0,0,0,0,0
NAME c2
ITM 17 2,2
ITM 11 5,2
ITM 12 5,3
ITM 13 5,4
ITM 14 5,5
ITM 16 3,2
ITM 18 4,2
ITM 31 6,5
ITM 3c 7,3
EXT 7,5 19 7,5
EXT 8,4 19 8,4
EXT 8,6 19 8,6
EXT 9,5 19 11,5
PAL 4

ROOM 19
0,0,0,0,0,0,0,0,0,0,0,0,0,0,0,0
0,0,0,0,0,0,0,0,0,0,0,0,0,0,0,0
0,0,b,0,0,0,0,0,0,0,0,b,b,b,0,0
0,a,0,0,0,0,0,u,b,0,a,0,q,0,c,0
0,0,0,35,37,34,a,36,0,c,a,0,r,0,c,0
0,0,0,31,32,33,36,0,0,t,s,0,0,0,c,0
0,0,0,30,2z,2y,a,36,0,c,a,0,0,0,c,0
0,0,0,0,d,0,0,d,d,0,0,d,d,d,0,0
0,0,0,0,0,0,0,0,0,0,0,0,0,0,0,0
0,0,0,0,0,0,0,0,0,0,0,0,0,0,0,0
0,0,0,0,0,0,0,0,0,0,0,0,0,0,0,0
0,0,0,0,0,0,0,0,0,0,0,0,0,0,0,0
0,0,0,0,0,0,0,0,0,0,0,0,0,0,0,0
0,0,0,0,0,0,0,0,0,0,0,0,0,0,0,0
0,0,0,0,0,0,0,0,0,0,0,0,0,0,0,0
0,0,0,0,0,0,0,0,0,0,0,0,0,0,0,0
NAME c3
ITM 11 6,3
ITM 12 6,4
ITM 13 6,5
ITM 14 6,6
ITM 16 4,3
ITM 17 3,3
ITM 18 5,3
ITM 31 10,5
EXT 8,5 1a 8,5
EXT 11,4 1a 11,4
EXT 12,5 1a 12,5
EXT 11,6 1a 11,6
PAL 4

ROOM a
0,0,0,0,0,0,0,0,0,0,0,0,0,0,0,0
0,0,0,0,0,0,0,0,0,0,0,0,0,0,0,0
0,0,0,0,0,0,0,0,0,0,0,b,b,b,0,0
0,0,0,0,0,0,0,0,0,0,a,0,q,0,c,0
0,0,0,0,0,0,0,0,0,0,a,0,r,0,c,0
0,0,0,0,0,0,0,0,0,0,s,0,0,0,c,0
0,0,0,0,0,0,0,0,0,0,a,0,0,0,c,0
0,0,0,0,0,0,0,0,0,0,0,d,d,d,0,0
0,0,0,0,0,0,0,0,0,0,0,0,0,0,0,0
0,0,0,0,0,0,0,15,16,0,0,0,0,0,0,0
0,0,0,0,0,0,0,0,0,0,0,0,0,0,0,0
0,0,0,0,0,0,0,0,0,0,0,0,0,0,0,0
0,0,0,0,0,0,0,0,0,0,0,0,0,0,0,0
0,0,0,0,0,0,0,0,0,0,0,0,0,0,0,0
0,0,0,0,0,0,0,0,0,0,0,0,0,0,0,0
0,0,0,0,0,0,0,0,0,0,0,0,0,0,0,0
NAME dress
ITM 1 13,5
ITM 2 13,6
ITM 3 7,10
EXT 7,8 7 7,9
EXT 6,9 b 7,9
EXT 7,10 4 13,6
PAL 6

ROOM b
0,0,0,0,0,0,0,0,0,0,0,0,0,0,0,0
0,0,0,0,0,0,0,0,0,0,0,0,0,0,0,0
0,0,0,0,0,0,0,0,0,0,0,b,b,b,0,0
0,0,0,0,0,0,0,0,0,0,a,0,q,0,c,0
0,0,0,0,0,0,0,0,0,0,a,0,r,0,c,0
0,0,0,0,0,0,0,0,0,0,s,0,0,0,c,0
0,0,0,0,0,0,0,0,0,0,a,0,0,0,c,0
0,0,0,0,0,0,0,0,0,0,0,d,d,d,0,0
0,0,0,0,0,0,0,0,0,0,0,0,0,0,0,0
0,0,0,0,0,0,0,15,0,0,0,0,0,0,0,0
0,0,0,0,0,0,0,0,0,0,0,0,0,0,0,0
0,0,0,0,0,0,0,0,0,0,0,0,0,0,0,0
0,0,0,0,0,0,0,0,0,0,0,0,0,0,0,0
0,0,0,0,0,0,0,0,0,0,0,0,0,0,0,0
0,0,0,0,0,0,0,0,0,0,0,0,0,0,0,0
0,0,0,0,0,0,0,0,0,0,0,0,0,0,0,0
NAME dress
ITM 1 12,5
ITM 2 13,6
ITM 4 7,8
EXT 8,9 a 7,9
EXT 6,9 c 7,9
EXT 7,10 e 7,9
PAL 6

ROOM c
0,0,0,0,0,0,0,0,0,0,0,0,0,0,0,0
0,0,0,0,0,0,0,0,0,0,0,0,0,0,0,0
0,0,0,0,0,0,0,0,0,0,0,b,b,b,0,0
0,0,0,0,0,0,0,0,0,0,a,0,q,0,c,0
0,0,0,0,0,0,0,0,0,0,a,0,r,0,c,0
0,0,0,0,0,0,0,0,0,0,s,0,0,0,c,0
0,0,0,0,0,0,0,0,0,0,a,0,0,0,c,0
0,0,0,0,0,0,0,0,0,0,0,d,d,d,0,0
0,0,0,0,0,0,0,0,0,0,0,0,0,0,0,0
0,0,0,0,0,0,0,15,0,0,0,0,0,0,0,0
0,0,0,0,0,0,0,0,0,0,0,0,0,0,0,0
0,0,0,0,0,0,0,0,0,0,0,0,0,0,0,0
0,0,0,0,0,0,0,0,0,0,0,0,0,0,0,0
0,0,0,0,0,0,0,0,0,0,0,0,0,0,0,0
0,0,0,0,0,0,0,0,0,0,0,0,0,0,0,0
0,0,0,0,0,0,0,0,0,0,0,0,0,0,0,0
NAME dress
ITM 1 11,5
ITM 2 13,6
EXT 7,8 9 7,9
EXT 8,9 b 7,9
EXT 7,10 d 7,9
PAL 6

ROOM d
0,0,0,0,0,0,0,0,0,0,0,0,0,0,0,0
0,0,0,0,0,0,0,0,0,0,0,0,0,0,0,0
0,0,0,0,0,0,0,0,0,0,0,b,b,b,0,0
0,0,0,0,0,0,0,0,0,0,a,0,q,0,c,0
0,0,0,0,0,0,0,0,0,0,a,0,r,0,c,0
0,0,0,0,0,0,0,0,0,0,s,0,0,0,c,0
0,0,0,0,0,0,0,0,0,0,a,0,0,0,c,0
0,0,0,0,0,0,0,0,0,0,0,d,d,d,0,0
0,0,0,0,0,0,0,0,0,0,0,0,0,0,0,0
0,0,0,0,0,0,16,15,0,0,0,0,0,0,0,0
0,0,0,0,0,0,0,16,0,0,0,0,0,0,0,0
0,0,0,0,0,0,0,0,0,0,0,0,0,0,0,0
0,0,0,0,0,0,0,0,0,0,0,0,0,0,0,0
0,0,0,0,0,0,0,0,0,0,0,0,0,0,0,0
0,0,0,0,0,0,0,0,0,0,0,0,0,0,0,0
0,0,0,0,0,0,0,0,0,0,0,0,0,0,0,0
NAME dress
ITM 1 11,6
ITM 2 13,6
EXT 7,8 c 7,9
EXT 8,9 e 7,9
PAL 6

ROOM e
0,0,0,0,0,0,0,0,0,0,0,0,0,0,0,0
0,0,0,0,0,0,0,0,0,0,0,0,0,0,0,0
0,0,0,0,0,0,0,0,0,0,0,b,b,b,0,0
0,0,0,0,0,0,0,0,0,0,a,0,q,0,c,0
0,0,0,0,0,0,0,0,0,0,a,0,r,0,c,0
0,0,0,0,0,0,0,0,0,0,s,0,0,0,c,0
0,0,0,0,0,0,0,0,0,0,a,0,0,0,c,0
0,0,0,0,0,0,0,0,0,0,0,d,d,d,0,0
0,0,0,0,0,0,0,0,0,0,0,0,0,0,0,0
0,0,0,0,0,0,0,15,0,0,0,0,0,0,0,0
0,0,0,0,0,0,0,16,0,0,0,0,0,0,0,0
0,0,0,0,0,0,0,0,0,0,0,0,0,0,0,0
0,0,0,0,0,0,0,0,0,0,0,0,0,0,0,0
0,0,0,0,0,0,0,0,0,0,0,0,0,0,0,0
0,0,0,0,0,0,0,0,0,0,0,0,0,0,0,0
0,0,0,0,0,0,0,0,0,0,0,0,0,0,0,0
NAME dress
ITM 1 12,6
ITM 3 8,9
ITM 2 13,6
EXT 6,9 d 7,9
EXT 7,8 b 7,9
EXT 8,9 4 13,6
PAL 6

ROOM f
0,0,0,0,0,0,0,0,0,0,0,0,0,0,0,0
0,0,0,0,0,0,0,0,0,0,0,0,0,0,0,0
0,0,b,b,b,0,0,0,0,0,0,b,b,b,0,0
0,a,x,y,z,c,0,u,b,0,a,0,q,0,c,0
0,a,0,0,0,c,a,0,0,c,a,0,r,0,c,0
0,a,0,0,0,t,s,0,0,t,s,0,0,0,c,0
0,a,0,0,0,c,a,0,0,c,a,0,0,0,c,0
0,0,d,v,d,0,0,d,d,0,0,d,d,d,0,0
0,0,0,0,0,0,0,0,0,0,0,0,0,0,0,0
0,0,0,0,0,0,0,0,0,0,0,0,0,0,0,0
0,0,0,0,0,0,0,0,0,0,0,0,0,0,0,0
0,0,0,0,0,0,0,0,0,0,0,0,0,0,0,0
0,0,0,0,0,0,0,0,0,0,0,0,0,0,0,0
0,0,0,0,0,0,0,0,0,0,0,0,0,0,0,0
0,0,0,0,0,0,0,0,0,0,0,0,0,0,0,0
0,0,0,0,0,0,0,0,0,0,0,0,0,0,0,0
NAME 3b
ITM 0 2,5
ITM 5 7,3
ITM 4 12,4
ITM 4 12,3
EXT 5,5 f 7,5
EXT 6,5 f 4,5
EXT 9,5 f 11,5
EXT 10,5 f 8,5
EXT 3,7 1 3,9
PAL 0

ROOM g
0,0,0,0,0,0,0,0,0,0,0,0,0,0,0,0
0,0,0,0,0,0,0,0,0,0,0,0,0,0,0,0
0,0,b,b,b,0,0,0,0,0,0,b,b,b,0,0
0,a,x,y,z,c,0,u,b,0,a,0,q,0,c,0
0,a,0,0,0,c,a,0,0,c,a,0,r,0,c,0
0,a,0,0,0,t,s,0,0,t,s,0,0,0,c,0
0,a,0,0,0,c,a,0,0,c,a,0,0,0,c,0
0,0,d,v,d,0,0,d,d,0,0,d,d,d,0,0
0,0,b,u,b,o,p,b,b,0,0,b,b,b,b,0
0,a,0,0,0,m,n,0,0,c,a,0,0,g,i,c
0,a,0,0,0,0,0,0,0,t,s,0,0,9i,9j,c
0,a,0,0,0,0,0,0,0,c,a,14,0,0,0,c
0,a,0,0,0,0,l,k,0,c,a,13,0,j,0,c
0,a,0,l,k,k,k,k,0,c,a,12,0,h,w,c
0,0,d,d,d,d,d,d,d,0,0,d,d,d,d,0
0,0,0,0,0,0,0,0,0,0,0,0,0,0,0,0
NAME 5b
ITM c 2,5
EXT 10,10 h 8,10
PAL 0

ROOM h
0,0,0,0,0,0,0,0,0,0,0,0,0,0,0,0
0,0,0,0,0,0,0,0,0,0,0,0,0,0,0,0
0,0,b,b,b,0,0,0,0,0,0,b,b,b,0,0
0,a,x,y,z,c,0,u,b,0,a,0,q,0,c,0
0,a,0,0,0,c,a,0,0,c,a,0,r,0,c,0
0,a,0,0,0,t,s,0,0,t,s,0,0,0,c,0
0,a,0,0,0,c,a,0,0,c,a,0,0,0,c,0
0,0,d,v,d,0,0,d,d,0,0,d,d,d,0,0
0,0,b,u,b,o,p,b,b,0,0,b,b,b,b,0
0,a,0,0,0,m,n,0,0,c,a,0,0,g,i,c
0,a,0,0,0,0,0,0,0,t,s,0,0,9i,9j,c
0,a,0,0,0,0,0,0,0,c,a,14,0,0,0,c
0,a,0,0,0,0,l,k,0,c,a,13,0,j,0,c
0,a,0,l,k,k,k,k,0,c,a,12,0,h,w,c
0,0,d,d,d,d,d,d,d,0,0,d,d,d,d,0
0,0,0,0,0,0,0,0,0,0,0,0,0,0,0,0
NAME awake
ITM 8 14,10
ITM a 9,10
ITM c 2,5
EXT 7,10 i 7,10
EXT 8,11 i 8,11
PAL 0

ROOM i
0,0,0,0,0,0,0,0,0,0,0,0,0,0,0,0
0,0,0,0,0,0,0,0,0,0,0,0,0,0,0,0
0,0,b,b,b,0,0,0,0,0,0,b,b,b,0,0
0,a,x,y,z,c,0,u,b,0,a,0,q,0,c,0
0,a,0,0,0,c,a,0,0,c,a,0,r,0,c,0
0,a,0,0,0,t,s,0,0,t,s,0,0,0,c,0
0,a,0,0,0,c,a,0,0,c,a,0,0,0,c,0
0,0,d,v,d,0,0,d,d,0,0,d,d,d,0,0
0,0,b,u,b,o,p,b,b,0,0,b,b,b,b,0
0,a,0,0,0,m,n,0,0,c,a,0,0,g,i,c
0,a,0,0,0,0,0,0,0,t,s,0,0,9i,9j,c
0,a,0,0,0,0,0,0,0,c,a,14,0,0,0,c
0,a,0,0,0,0,l,k,0,c,a,13,0,j,0,c
0,a,0,l,k,k,k,k,0,c,a,12,0,h,w,c
0,0,d,d,d,d,d,d,d,0,0,d,d,d,d,0
0,0,0,0,0,0,0,0,0,0,0,0,0,0,0,0
NAME awake
ITM 8 13,10
ITM a 9,10
ITM c 2,5
ITM 35 6,9
EXT 6,10 j 6,10
EXT 7,11 j 7,11
PAL 0

ROOM j
0,0,0,0,0,0,0,0,0,0,0,0,0,0,0,0
0,0,0,0,0,0,0,0,0,0,0,0,0,0,0,0
0,0,b,b,b,0,0,0,0,0,0,b,b,b,0,0
0,a,x,y,z,c,0,u,b,0,a,0,q,0,c,0
0,a,0,0,0,c,a,0,0,c,a,0,r,0,c,0
0,a,0,0,0,t,s,0,0,t,s,0,0,0,c,0
0,a,0,0,0,c,a,0,0,c,a,0,0,0,c,0
0,0,d,v,d,0,0,d,d,0,0,d,d,d,0,0
0,0,b,u,b,o,p,b,b,0,0,b,b,b,b,0
0,a,0,0,0,m,n,0,0,c,a,0,0,g,i,c
0,a,0,0,0,0,0,0,0,t,s,0,0,9i,9j,c
0,a,0,0,0,0,0,0,0,c,a,14,0,0,0,c
0,a,0,0,0,0,l,k,0,c,a,13,0,j,0,c
0,a,0,l,k,k,k,k,0,c,a,12,0,h,w,c
0,0,d,d,d,d,d,d,d,0,0,d,d,d,d,0
0,0,0,0,0,0,0,0,0,0,0,0,0,0,0,0
NAME awake
ITM 8 12,10
ITM a 9,10
ITM c 2,5
ITM 35 6,9
ITM 35 5,9
EXT 5,10 k 5,10
EXT 6,11 k 6,11
PAL 0

ROOM k
0,0,0,0,0,0,0,0,0,0,0,0,0,0,0,0
0,0,0,0,0,0,0,0,0,0,0,0,0,0,0,0
0,0,b,b,b,0,0,0,0,0,0,b,b,b,0,0
0,a,x,y,z,c,0,u,b,0,a,0,q,0,c,0
0,a,0,0,0,c,a,0,0,c,a,0,r,0,c,0
0,a,0,0,0,t,s,0,0,t,s,0,0,0,c,0
0,a,0,0,0,c,a,0,0,c,a,0,0,0,c,0
0,0,d,v,d,0,0,d,d,0,0,d,d,d,0,0
0,0,b,u,b,o,p,b,b,0,0,b,b,b,b,0
0,a,0,0,0,m,n,0,0,c,a,0,0,g,i,c
0,a,0,0,0,0,0,0,0,t,s,0,0,9i,9j,c
0,a,0,0,0,0,0,0,0,c,a,14,0,0,0,c
0,a,0,0,0,0,l,k,0,c,a,13,0,j,0,c
0,a,0,l,k,k,k,k,0,c,a,12,0,h,w,c
0,0,d,d,d,d,d,d,d,0,0,d,d,d,d,0
0,0,0,0,0,0,0,0,0,0,0,0,0,0,0,0
NAME awake
ITM 8 12,11
ITM a 9,10
ITM c 2,5
ITM 35 5,9
ITM 35 6,9
EXT 4,10 l 4,10
EXT 5,11 l 5,11
EXT 5,12 l 5,12
PAL 0

ROOM l
0,0,0,0,0,0,0,0,0,0,0,0,0,0,0,0
0,0,0,0,0,0,0,0,0,0,0,0,0,0,0,0
0,0,b,b,b,0,0,0,0,0,0,b,b,b,0,0
0,a,x,y,z,c,0,u,b,0,a,0,q,0,c,0
0,a,0,0,0,c,a,0,0,c,a,0,r,0,c,0
0,a,0,0,0,t,s,0,0,t,s,0,0,0,c,0
0,a,0,0,0,c,a,0,0,c,a,0,0,0,c,0
0,0,d,v,d,0,0,d,d,0,0,d,d,d,0,0
0,0,b,u,b,o,p,b,b,0,0,b,b,b,b,0
0,a,0,0,0,m,n,0,0,c,a,0,0,g,i,c
0,a,0,0,0,0,0,0,0,t,s,0,0,9i,9j,c
0,a,0,0,0,0,0,0,0,c,a,14,0,0,0,c
0,a,0,0,0,0,l,k,0,c,a,13,0,j,0,c
0,a,0,l,k,k,k,k,0,c,a,12,0,h,w,c
0,0,d,d,d,d,d,d,d,0,0,d,d,d,d,0
0,0,0,0,0,0,0,0,0,0,0,0,0,0,0,0
NAME awake
ITM 8 12,12
ITM a 9,10
ITM c 2,5
ITM 35 5,9
ITM 35 6,9
EXT 4,9 m 4,9
EXT 3,10 m 3,10
EXT 4,11 m 4,11
EXT 4,12 m 4,12
PAL 0

ROOM m
0,0,0,0,0,0,0,0,0,0,0,0,0,0,0,0
0,0,0,0,0,0,0,0,0,0,0,0,0,0,0,0
0,0,b,b,b,0,0,0,0,0,0,b,b,b,0,0
0,a,x,y,z,c,0,u,b,0,a,0,q,0,c,0
0,a,0,0,0,c,a,0,0,c,a,0,r,0,c,0
0,a,0,0,0,t,s,0,0,t,s,0,0,0,c,0
0,a,0,0,0,c,a,0,0,c,a,0,0,0,c,0
0,0,d,v,d,0,0,d,d,0,0,d,d,d,0,0
0,0,b,u,b,o,p,b,b,0,0,b,b,b,b,0
0,a,0,0,0,m,n,0,0,c,a,0,0,g,i,c
0,a,0,0,0,0,0,0,0,t,s,0,0,9i,9j,c
0,a,0,0,0,0,0,0,0,c,a,14,0,0,0,c
0,a,0,0,0,0,l,k,0,c,a,13,0,j,0,c
0,a,0,l,k,k,k,k,0,c,a,12,0,h,w,c
0,0,d,d,d,d,d,d,d,0,0,d,d,d,d,0
0,0,0,0,0,0,0,0,0,0,0,0,0,0,0,0
NAME awake
ITM a 9,10
ITM c 2,5
ITM 35 5,9
ITM 35 6,9
EXT 3,9 n 3,9
PAL 0

ROOM n
0,0,0,0,0,0,0,0,0,0,0,0,0,0,0,0
0,0,0,0,0,0,0,0,0,0,0,0,0,0,0,0
0,0,b,b,b,0,0,0,0,0,0,b,b,b,0,0
0,a,x,y,z,c,0,u,b,0,a,0,q,0,c,0
0,a,0,0,0,c,a,0,0,c,a,0,r,0,c,0
0,a,0,0,0,t,s,0,0,t,s,0,0,0,c,0
0,a,0,0,0,c,a,0,0,c,a,0,0,0,c,0
0,0,d,v,d,0,0,d,d,0,0,d,d,d,0,0
0,0,b,u,b,o,p,b,b,0,0,b,b,b,b,0
0,a,0,0,0,m,n,0,0,c,a,0,0,g,i,c
0,a,0,0,0,0,0,0,0,t,s,0,0,9i,9j,c
0,a,0,0,0,0,0,0,0,c,a,14,0,0,0,c
0,a,0,0,0,0,l,k,0,c,a,13,0,j,0,c
0,a,0,l,k,k,k,k,0,c,a,12,0,h,w,c
0,0,d,d,d,d,d,d,d,0,0,d,d,d,d,0
0,0,0,0,0,0,0,0,0,0,0,0,0,0,0,0
NAME awake
ITM a 9,10
ITM c 2,5
ITM 1d 12,12
ITM 35 5,9
ITM 35 6,9
EXT 3,8 o 3,6
PAL 0

ROOM o
0,0,0,0,0,0,0,0,0,0,0,0,0,0,0,0
0,0,0,0,0,0,0,0,0,0,0,0,0,0,0,0
0,0,b,b,b,0,0,0,0,0,0,b,b,b,0,0
0,a,x,y,z,c,0,u,b,0,a,0,q,0,c,0
0,a,0,0,0,c,a,0,0,c,a,0,r,0,c,0
0,a,0,0,0,t,s,0,0,t,s,0,0,0,c,0
0,a,0,0,0,c,a,0,0,c,a,0,0,0,c,0
0,0,d,v,d,0,0,d,d,0,0,d,d,d,0,0
0,0,b,u,b,o,p,b,b,0,0,b,b,b,b,0
0,a,0,0,0,m,n,0,0,c,a,0,0,g,i,c
0,a,0,0,0,0,0,0,0,t,s,0,0,9i,9j,c
0,a,0,0,0,0,0,0,0,c,a,14,0,0,0,c
0,a,0,0,0,0,l,k,0,c,a,13,0,j,0,c
0,a,0,l,k,k,k,k,0,c,a,12,0,h,w,c
0,0,d,d,d,d,d,d,d,0,0,d,d,d,d,0
0,0,0,0,0,0,0,0,0,0,0,0,0,0,0,0
NAME awake
ITM b 3,7
ITM c 2,5
ITM b 5,5
ITM 1d 12,11
EXT 3,5 p 3,5
EXT 2,6 p 2,6
EXT 4,6 p 4,6
PAL 0

ROOM p
0,0,0,0,0,0,0,0,0,0,0,0,0,0,0,0
0,0,0,0,0,0,0,0,0,0,0,0,0,0,0,0
0,0,b,b,b,0,0,0,0,0,0,b,b,b,0,0
0,a,x,y,z,c,0,u,b,0,a,0,q,0,c,0
0,a,0,0,0,c,a,0,0,c,a,0,r,0,c,0
0,a,0,0,0,t,s,0,0,t,s,0,0,0,c,0
0,a,0,0,0,c,a,0,0,c,a,0,0,0,c,0
0,0,d,v,d,0,0,d,d,0,0,d,d,d,0,0
0,0,b,u,b,o,p,b,b,0,0,b,b,b,b,0
0,a,0,0,0,m,n,0,0,c,a,0,0,g,i,c
0,a,0,0,0,0,0,0,0,t,s,0,0,9i,9j,c
0,a,0,0,0,0,0,0,0,c,a,14,0,0,0,c
0,a,0,0,0,0,l,k,0,c,a,13,0,j,0,c
0,a,0,l,k,k,k,k,0,c,a,12,0,h,w,c
0,0,d,d,d,d,d,d,d,0,0,d,d,d,d,0
0,0,0,0,0,0,0,0,0,0,0,0,0,0,0,0
NAME awake
ITM b 3,7
ITM c 2,5
ITM b 5,5
ITM 1d 12,10
EXT 4,5 q 4,5
EXT 3,6 q 3,6
EXT 3,4 q 3,4
PAL 0

ROOM q
0,0,0,0,0,0,0,0,0,0,0,0,0,0,0,0
0,0,0,0,0,0,0,0,0,0,0,0,0,0,0,0
0,0,b,b,b,0,0,0,0,0,0,b,b,b,0,0
0,a,x,y,z,c,0,u,b,0,a,0,q,0,c,0
0,a,0,0,0,c,a,0,0,c,a,0,r,0,c,0
0,a,0,0,0,t,s,0,0,t,s,0,0,0,c,0
0,a,0,0,0,c,a,0,0,c,a,0,0,0,c,0
0,0,d,v,d,0,0,d,d,0,0,d,d,d,0,0
0,0,b,u,b,o,p,b,b,0,0,b,b,b,b,0
0,a,0,0,0,m,n,0,0,c,a,0,0,g,i,c
0,a,0,0,0,0,0,0,0,t,s,0,0,9i,9j,c
0,a,0,0,0,0,0,0,0,c,a,14,0,0,0,c
0,a,0,0,0,0,l,k,0,c,a,13,0,j,0,c
0,a,0,l,k,k,k,k,0,c,a,12,0,h,w,c
0,0,d,d,d,d,d,d,d,0,0,d,d,d,d,0
0,0,0,0,0,0,0,0,0,0,0,0,0,0,0,0
NAME awake
ITM b 3,7
ITM c 2,5
ITM b 5,5
ITM 1d 11,10
PAL 0

ROOM r
0,0,0,0,0,0,0,0,0,0,0,0,0,0,0,0
0,0,0,0,0,0,0,0,0,0,0,0,0,0,0,0
0,0,b,b,b,0,0,0,0,0,0,b,b,b,0,0
0,a,x,y,z,c,0,u,b,0,a,0,q,0,c,0
0,a,0,0,0,c,a,0,0,c,a,0,r,0,c,0
0,a,0,0,0,t,s,0,0,t,s,0,0,0,c,0
0,a,0,0,0,c,a,0,0,c,a,0,0,0,c,0
0,0,d,v,d,0,0,d,d,0,0,d,d,d,0,0
0,0,b,u,b,o,p,b,b,0,0,b,b,b,b,0
0,a,0,0,0,m,n,0,0,c,a,0,0,g,i,c
0,a,0,0,0,0,0,0,0,t,s,0,0,9i,9j,c
0,a,0,0,0,0,0,0,0,c,a,14,0,0,0,c
0,a,0,0,0,0,l,k,0,c,a,13,0,j,0,c
0,a,0,l,k,k,9g,k,0,c,a,12,0,h,w,c
0,0,d,d,d,d,d,d,d,0,0,d,d,d,d,0
0,0,0,0,0,0,0,0,0,0,0,0,0,0,0,0
NAME getapples
ITM d 2,5
ITM 4 12,4
ITM 4 12,3
EXT 10,10 r 8,10
EXT 9,10 r 11,10
EXT 3,7 r 3,9
EXT 3,8 r 3,6
EXT 5,5 r 7,5
EXT 6,5 r 4,5
EXT 9,5 r 11,5
EXT 10,5 r 8,5
EXT 7,3 10 7,14
PAL 0

ROOM 1a
0,0,0,0,0,0,0,0,0,0,0,0,0,0,0,0
0,0,0,0,0,0,0,0,0,0,0,0,0,0,0,0
0,0,b,0,0,0,0,0,0,0,0,b,b,b,0,0
0,a,0,0,0,0,0,u,b,0,a,0,q,0,c,0
0,0,0,0,0,0,a,0,36,c,a,0,r,0,c,0
0,0,0,0,35,37,34,36,0,t,s,0,0,0,c,0
0,0,0,0,31,32,33,0,36,c,a,0,0,0,c,0
0,0,0,0,d,2z,2y,d,d,0,0,d,d,d,0,0
0,0,0,0,0,0,0,0,0,0,0,0,0,0,0,0
0,0,0,0,0,0,0,0,0,0,0,0,0,0,0,0
0,0,0,0,0,0,0,0,0,0,0,0,0,0,0,0
0,0,0,0,0,0,0,0,0,0,0,0,0,0,0,0
0,0,0,0,0,0,0,0,0,0,0,0,0,0,0,0
0,0,0,0,0,0,0,0,0,0,0,0,0,0,0,0
0,0,0,0,0,0,0,0,0,0,0,0,0,0,0,0
0,0,0,0,0,0,0,0,0,0,0,0,0,0,0,0
NAME c4
ITM 19 4,7
ITM 11 7,4
ITM 12 7,5
ITM 13 7,6
ITM 14 7,7
ITM 16 5,4
ITM 17 4,4
ITM 18 6,4
ITM 31 10,5
EXT 9,5 1b 11,5
EXT 11,3 1b 11,3
EXT 11,5 1b 11,5
EXT 12,6 1b 12,6
EXT 13,5 1b 13,5
PAL 4

ROOM 1b
0,0,0,0,0,0,0,0,0,0,0,0,0,0,0,0
0,0,0,0,0,0,0,0,0,0,0,0,0,0,0,0
0,0,b,0,0,0,0,0,0,0,0,b,b,b,0,0
0,a,0,0,0,0,0,0,b,0,a,0,q,0,c,0
0,0,0,0,0,35,37,34,0,c,a,0,r,0,c,0
0,0,0,0,0,31,32,33,0,t,s,0,0,0,c,0
0,0,0,0,0,30,2z,2y,0,c,a,0,0,0,c,0
0,0,0,0,d,0,0,d,d,0,0,d,d,d,0,0
0,0,0,0,0,0,0,0,0,0,0,0,0,0,0,0
0,0,0,0,0,0,0,0,0,0,0,0,0,0,0,0
0,0,0,0,0,0,0,0,0,0,0,0,0,0,0,0
0,0,0,0,0,0,0,0,0,0,0,0,0,0,0,0
0,0,0,0,0,0,0,0,0,0,0,0,0,0,0,0
0,0,0,0,0,0,0,0,0,0,0,0,0,0,0,0
0,0,0,0,0,0,0,0,0,0,0,0,0,0,0,0
0,0,0,0,0,0,0,0,0,0,0,0,0,0,0,0
NAME c5
ITM 11 8,3
ITM 12 8,4
ITM 13 8,5
ITM 14 8,6
ITM 18 7,3
ITM 16 6,3
ITM 17 5,3
ITM 31 10,5
EXT 13,4 1c 13,4
EXT 13,6 1c 13,6
EXT 12,5 1c 12,5
EXT 11,6 1c 11,6
EXT 11,4 1c 11,4
PAL 4

ROOM 1c
0,0,0,0,0,0,0,0,0,0,0,0,0,0,0,0
0,0,0,0,0,0,0,0,0,0,0,0,0,0,0,0
0,0,b,0,0,0,0,0,0,0,0,b,b,b,0,0
0,a,0,0,0,0,35,37,34,0,a,0,q,0,c,0
0,0,0,0,0,0,31,32,33,0,a,0,r,0,c,0
0,0,0,0,0,0,30,2z,2y,0,s,0,0,0,c,0
0,0,0,0,0,0,0,0,0,c,a,0,0,0,c,0
0,0,0,0,d,0,0,d,d,0,0,d,d,d,0,0
0,0,0,0,0,0,0,0,0,0,0,0,0,0,0,0
0,0,0,0,0,0,0,0,0,0,0,0,0,0,0,0
0,0,0,0,0,0,0,0,0,0,0,0,0,0,0,0
0,0,0,0,0,0,0,0,0,0,0,0,0,0,0,0
0,0,0,0,0,0,0,0,0,0,0,0,0,0,0,0
0,0,0,0,0,0,0,0,0,0,0,0,0,0,0,0
0,0,0,0,0,0,0,0,0,0,0,0,0,0,0,0
0,0,0,0,0,0,0,0,0,0,0,0,0,0,0,0
NAME c6
ITM 11 9,2
ITM 12 9,3
ITM 13 9,4
ITM 14 9,5
ITM 16 7,2
ITM 17 6,2
ITM 18 8,2
ITM 31 10,5
EXT 11,3 1d 11,3
EXT 11,5 1d 11,5
EXT 12,6 1d 12,6
EXT 13,5 1d 13,5
EXT 13,3 1d 13,3
PAL 4

ROOM 1d
0,0,0,0,0,0,0,0,0,0,0,0,0,0,0,0
0,0,0,0,0,0,0,0,0,0,0,0,0,0,0,0
0,0,b,0,0,0,0,0,0,0,0,b,b,b,0,0
0,a,0,0,0,0,0,0,0,0,a,0,q,0,c,0
0,0,0,0,0,0,0,35,37,34,a,0,r,0,c,0
0,0,0,0,0,0,0,31,32,33,s,0,0,0,c,0
0,0,0,0,0,0,0,30,2z,c,a,0,0,0,c,0
0,0,0,0,d,0,0,d,d,0,0,d,d,d,0,0
0,0,0,0,0,0,0,0,0,0,0,0,0,0,0,0
0,0,0,0,0,0,0,0,0,0,0,0,0,0,0,0
0,0,0,0,0,0,0,0,0,0,0,0,0,0,0,0
0,0,0,0,0,0,0,0,0,0,0,0,0,0,0,0
0,0,0,0,0,0,0,0,0,0,0,0,0,0,0,0
0,0,0,0,0,0,0,0,0,0,0,0,0,0,0,0
0,0,0,0,0,0,0,0,0,0,0,0,0,0,0,0
0,0,0,0,0,0,0,0,0,0,0,0,0,0,0,0
NAME c7
ITM 1a 9,6
ITM 18 9,3
ITM 17 7,3
ITM 16 8,3
ITM 14 10,6
ITM 13 10,5
ITM 12 10,4
ITM 11 10,3
ITM 3d 11,4
EXT 13,4 1e 13,4
EXT 13,6 1e 13,6
EXT 12,5 1e 12,5
EXT 11,6 1e 11,6
EXT 11,4 1u 8,10
PAL 4

ROOM 1e
0,0,0,0,0,0,0,0,0,0,0,0,0,0,0,0
0,0,0,0,0,0,0,0,0,0,0,0,0,0,0,0
0,0,b,0,0,0,0,0,0,0,0,b,b,b,0,0
0,a,0,0,0,0,0,0,35,37,34,0,q,0,c,0
0,0,0,0,0,0,0,0,31,32,33,0,r,0,c,0
0,0,0,0,0,0,0,0,30,2z,2y,0,0,0,c,0
0,0,0,0,0,0,0,0,0,c,a,0,0,0,c,0
0,0,0,0,d,0,0,d,d,0,0,d,d,d,0,0
0,0,0,0,0,0,0,0,0,0,0,0,0,0,0,0
0,0,0,0,0,0,0,0,0,0,0,0,0,0,0,0
0,0,0,0,0,0,0,0,0,0,0,0,0,0,0,0
0,0,0,0,0,0,0,0,0,0,0,0,0,0,0,0
0,0,0,0,0,0,0,0,0,0,0,0,0,0,0,0
0,0,0,0,0,0,0,0,0,0,0,0,0,0,0,0
0,0,0,0,0,0,0,0,0,0,0,0,0,0,0,0
0,0,0,0,0,0,0,0,0,0,0,0,0,0,0,0
NAME c8
ITM 14 11,5
ITM 13 11,4
ITM 12 11,3
ITM 11 11,2
ITM 18 10,2
ITM 16 9,2
ITM 17 8,2
ITM 3d 11,5
EXT 13,5 1f 13,5
EXT 13,3 1f 13,3
EXT 12,6 1f 12,6
EXT 11,5 1v 8,10
PAL 4

ROOM 1f
0,0,0,0,0,0,0,0,0,0,0,0,0,0,0,0
0,0,0,0,0,0,0,0,0,0,0,0,0,0,0,0
0,0,b,0,0,0,0,0,0,0,0,b,b,b,0,0
0,a,0,0,0,0,0,0,0,0,0,0,q,0,c,0
0,0,0,0,0,0,0,0,0,35,37,34,r,0,c,0
0,0,0,0,0,0,0,0,0,31,32,33,0,0,c,0
0,0,0,0,0,0,0,0,0,c,0,2y,0,0,c,0
0,0,0,0,d,0,0,d,d,0,0,d,d,d,0,0
0,0,0,0,0,0,0,0,0,0,0,0,0,0,0,0
0,0,0,0,0,0,0,0,0,0,0,0,0,0,0,0
0,0,0,0,0,0,0,0,0,0,0,0,0,0,0,0
0,0,0,0,0,0,0,0,0,0,0,0,0,0,0,0
0,0,0,0,0,0,0,0,0,0,0,0,0,0,0,0
0,0,0,0,0,0,0,0,0,0,0,0,0,0,0,0
0,0,0,0,0,0,0,0,0,0,0,0,0,0,0,0
0,0,0,0,0,0,0,0,0,0,0,0,0,0,0,0
NAME c9
ITM 1b 10,6
ITM 19 9,6
ITM 18 11,3
ITM 17 9,3
ITM 16 10,3
ITM 14 12,6
ITM 13 12,5
ITM 12 12,4
ITM 11 12,3
ITM 3d 13,4
EXT 13,6 1g 13,6
EXT 13,4 1w 8,10
EXT 12,5 1w 8,10
EXT 11,6 1w 8,10
PAL 4

ROOM 1g
0,0,0,0,0,0,0,0,0,0,0,0,0,0,0,0
0,0,0,0,0,0,0,0,0,0,0,0,0,0,0,0
0,0,b,0,0,0,0,0,0,0,0,0,0,b,0,0
0,a,0,0,0,0,0,0,0,0,35,37,34,0,c,0
0,0,0,0,0,0,0,0,0,0,31,32,33,0,c,0
0,0,0,0,0,0,0,0,0,0,30,2z,2y,0,c,0
0,0,0,0,0,0,0,0,0,c,0,0,0,0,c,0
0,0,0,0,d,0,0,d,d,0,0,d,d,d,0,0
0,0,0,0,0,0,0,0,0,0,0,0,0,0,0,0
0,0,0,0,0,0,0,0,0,0,0,0,0,0,0,0
0,0,0,0,0,0,0,0,0,0,0,0,0,0,0,0
0,0,0,0,0,0,0,0,0,0,0,0,0,0,0,0
0,0,0,0,0,0,0,0,0,0,0,0,0,0,0,0
0,0,0,0,0,0,0,0,0,0,0,0,0,0,0,0
0,0,0,0,0,0,0,0,0,0,0,0,0,0,0,0
0,0,0,0,0,0,0,0,0,0,0,0,0,0,0,0
NAME ca
ITM 18 12,2
ITM 17 10,2
ITM 16 11,2
ITM 14 13,5
ITM 13 13,4
ITM 12 13,3
ITM 11 13,2
ITM 3d 12,6
ITM 3d 13,5
EXT 12,6 1h 8,10
EXT 13,5 1h 8,10
PAL 4

ROOM 1h
0,0,0,0,0,0,0,0,0,0,0,0,0,0,0,0
0,0,0,0,0,0,0,0,0,0,0,0,0,0,0,0
0,0,b,0,0,0,0,0,0,0,0,0,0,b,0,0
0,a,0,0,0,0,0,0,0,0,0,0,0,0,c,0
0,0,0,0,0,0,0,0,0,0,0,35,37,34,0,0
0,0,0,0,0,0,0,0,0,0,0,31,32,33,0,0
0,0,0,0,0,0,0,0,0,c,0,30,2z,2y,c,0
0,0,0,0,d,0,0,d,d,0,0,d,d,d,0,0
0,0,0,0,0,0,0,0,0,0,0,0,0,0,0,0
0,0,0,0,0,0,0,0,0,0,0,0,0,0,0,0
0,0,0,0,0,0,0,0,15,0,0,0,0,0,0,0
0,0,0,0,0,0,0,0,0,0,0,0,0,0,0,0
0,0,0,0,0,0,0,0,0,0,0,0,0,0,0,0
0,0,0,0,0,0,0,0,0,0,0,0,0,0,0,0
0,0,0,0,0,0,0,0,0,0,0,0,0,0,0,0
0,0,0,0,0,0,0,0,0,0,0,0,0,0,0,0
NAME cb
ITM 14 14,6
ITM 13 14,5
ITM 12 14,4
ITM 11 14,3
ITM 16 12,3
ITM 17 11,3
ITM 18 13,3
EXT 8,9 1i 8,10
EXT 7,10 1i 8,10
EXT 8,11 1i 8,10
EXT 9,10 1i 8,10
PAL 7

ROOM 1i
0,0,0,0,0,0,0,0,0,0,0,0,0,0,0,0
0,0,0,0,0,0,0,0,0,0,0,0,0,0,0,0
0,0,b,0,0,0,0,0,0,0,0,0,0,b,0,0
0,a,0,0,0,0,0,0,0,0,0,0,0,0,c,0
0,0,0,0,0,0,0,0,0,0,0,0,0,0,0,0
0,0,0,0,0,0,0,0,0,0,0,0,35,37,34,0
0,0,0,0,0,0,0,0,0,c,0,0,31,32,33,0
0,0,0,0,d,0,0,d,d,0,0,d,d,2z,2y,0
0,0,0,0,0,0,0,0,0,0,0,0,0,0,0,0
0,0,0,0,0,0,0,0,0,0,0,0,0,0,0,0
0,0,0,0,0,0,0,0,15,0,0,0,0,0,0,0
0,0,0,0,0,0,0,0,0,0,0,0,0,0,0,0
0,0,0,0,0,0,0,0,0,0,0,0,0,0,0,0
0,0,0,0,0,0,0,0,0,0,0,0,0,0,0,0
0,0,0,0,0,0,0,0,0,0,0,0,0,0,0,0
0,0,0,0,0,0,0,0,0,0,0,0,0,0,0,0
NAME cc
ITM 19 12,7
ITM 18 14,4
ITM 17 12,4
ITM 16 13,4
ITM 14 15,7
ITM 13 15,6
ITM 12 15,5
ITM 11 15,4
EXT 8,9 1j 8,10
EXT 7,10 1j 8,10
EXT 8,11 1j 8,10
EXT 9,10 1j 8,10
PAL 7

ROOM 1j
0,0,0,0,0,0,0,0,0,0,0,0,0,0,0,0
0,0,0,0,0,0,0,0,0,0,0,0,0,0,0,0
0,0,b,0,0,0,0,0,0,0,0,0,0,b,0,0
0,a,0,0,0,0,0,0,0,0,0,0,0,0,c,0
0,0,0,0,0,0,0,0,0,0,0,0,0,35,37,34
0,0,0,0,0,0,0,0,0,0,0,0,0,31,32,33
0,0,0,0,0,0,0,0,0,c,0,0,0,30,2z,2y
0,0,0,0,d,0,0,d,d,0,0,d,d,0,0,0
0,0,0,0,0,0,0,0,0,0,0,0,0,0,0,0
0,0,0,0,0,0,0,0,0,0,0,0,0,0,0,0
0,0,0,0,0,0,0,0,15,0,0,0,0,0,0,0
0,0,0,0,0,0,0,0,0,0,0,0,0,0,0,0
0,0,0,0,0,0,0,0,0,0,0,0,0,0,0,0
0,0,0,0,0,0,0,0,0,0,0,0,0,0,0,0
0,0,0,0,0,0,0,0,0,0,0,0,0,0,0,0
0,0,0,0,0,0,0,0,0,0,0,0,0,0,0,0
NAME cd
ITM 16 14,3
ITM 17 13,3
ITM 18 15,3
EXT 8,9 1k 8,10
EXT 7,10 1k 8,10
EXT 8,11 1k 8,10
EXT 9,10 1k 8,10
PAL 7

ROOM 1k
0,0,0,0,0,0,0,0,0,0,0,0,0,0,0,0
0,0,0,0,0,0,0,0,0,0,0,0,0,0,0,0
0,0,b,0,0,0,0,0,0,0,0,0,0,b,0,0
0,a,0,0,0,0,0,0,0,0,0,0,0,0,35,37
0,0,0,0,0,0,0,0,0,0,0,0,0,0,31,32
0,0,0,0,0,0,0,0,0,0,0,0,0,0,30,2z
0,0,0,0,0,0,0,0,0,c,0,0,0,0,0,0
0,0,0,0,d,0,0,d,d,0,0,d,d,0,0,0
0,0,0,0,0,0,0,0,0,0,0,0,0,0,0,0
0,0,0,0,0,0,0,0,0,0,0,0,0,0,0,0
0,0,0,0,0,0,0,0,15,0,0,0,0,0,0,0
0,0,0,0,0,0,0,0,0,0,0,0,0,0,0,0
0,0,0,0,0,0,0,0,0,0,0,0,0,0,0,0
0,0,0,0,0,0,0,0,0,0,0,0,0,0,0,0
0,0,0,0,0,0,0,0,0,0,0,0,0,0,0,0
0,0,0,0,0,0,0,0,0,0,0,0,0,0,0,0
NAME ce
ITM 17 14,2
ITM 16 15,2
EXT 9,10 1l 8,10
EXT 8,9 1l 8,10
EXT 7,10 1l 8,10
EXT 8,11 1l 8,10
PAL 7

ROOM 1l
0,0,0,0,0,0,0,0,0,0,0,0,0,0,0,0
0,0,0,0,0,0,0,0,0,0,0,0,0,0,0,0
0,0,b,0,0,0,0,0,0,0,0,0,0,b,0,0
0,a,0,0,0,0,0,0,0,0,0,0,0,0,0,0
0,0,0,0,0,0,0,0,0,0,0,0,0,0,0,35
0,0,0,0,0,0,0,0,0,0,0,0,0,0,0,31
0,0,0,0,0,0,0,0,0,c,0,0,0,0,0,30
0,0,0,0,d,0,0,d,d,0,0,d,d,0,0,0
0,0,0,0,0,0,0,0,0,0,0,0,0,0,0,0
0,0,0,0,0,0,0,0,0,0,0,0,0,0,0,0
0,0,0,0,0,0,0,0,15,0,0,0,0,0,0,0
0,0,0,0,0,0,0,0,0,0,0,0,0,0,0,0
0,0,0,0,0,0,0,0,0,0,0,0,0,0,0,0
0,0,0,0,0,0,0,0,0,0,0,0,0,0,0,0
0,0,0,0,0,0,0,0,0,0,0,0,0,0,0,0
0,0,0,0,0,0,0,0,0,0,0,0,0,0,0,0
NAME cf
ITM 17 15,3
EXT 9,10 1m 8,10
EXT 8,9 1m 8,10
EXT 7,10 1m 8,10
EXT 8,11 1m 8,10
PAL 7

ROOM 1m
0,0,0,0,0,0,0,0,0,0,0,0,0,0,0,0
0,0,0,0,0,0,0,0,0,0,0,0,0,0,0,0
0,0,b,0,0,0,0,0,0,0,0,0,0,b,0,0
0,a,0,0,0,0,0,0,0,0,0,0,0,0,0,0
0,0,0,0,0,0,0,0,0,0,0,0,0,0,0,0
0,0,0,0,0,0,0,0,0,0,0,0,0,0,0,0
0,0,0,0,0,0,0,0,0,c,0,0,0,0,0,0
0,0,0,0,d,0,0,d,d,0,0,d,d,0,0,0
0,0,0,0,0,0,0,0,0,0,0,0,0,0,0,0
0,0,0,0,0,0,0,0,0,0,0,0,0,0,0,0
0,0,0,0,0,0,0,0,15,0,0,0,0,0,0,0
0,0,0,0,0,0,0,0,0,0,0,0,0,0,0,0
0,0,0,0,0,0,0,0,0,0,0,0,0,0,0,0
0,0,0,0,0,0,0,0,0,0,0,0,0,0,0,0
0,0,0,0,0,0,0,0,0,0,0,0,0,0,0,0
0,0,0,0,0,0,0,0,0,0,0,0,0,0,0,0
NAME cg
ITM 32 7,10
ITM 32 8,11
ITM 32 9,10
ITM 32 8,9
PAL 7

ROOM 1n
0,0,0,0,0,0,0,0,0,0,0,0,0,0,0,0
0,0,0,0,0,0,0,0,0,0,0,0,0,0,0,0
0,0,b,0,0,0,0,0,0,0,0,0,0,b,0,0
0,a,0,0,0,0,0,0,0,0,0,0,0,0,0,0
0,0,0,0,0,0,0,0,0,0,0,0,0,0,0,0
0,0,0,0,0,0,0,0,0,0,0,0,0,0,0,0
0,0,0,0,0,0,0,0,0,c,0,0,0,0,0,0
0,0,0,0,d,0,0,d,d,0,0,d,d,0,0,0
0,0,0,0,0,0,0,0,0,0,0,b,b,b,b,0
0,0,0,0,0,0,0,0,16,0,a,0,0,g,i,c
0,0,0,0,0,0,0,16,15,16,s,0,0,9i,9j,c
0,0,0,0,0,0,0,0,0,0,a,14,0,0,0,c
0,0,0,0,0,0,0,0,0,0,a,13,0,j,0,c
0,0,0,0,0,0,0,0,0,0,a,12,0,h,w,c
0,0,0,0,0,0,0,0,0,0,0,d,d,d,d,0
0,0,0,0,0,0,0,0,0,0,0,0,0,0,0,0
NAME sis
ITM 1c 14,9
EXT 8,11 1o 14,10
PAL 6

ROOM 1o
0,0,0,0,0,0,0,0,0,0,0,0,0,0,0,0
0,0,0,0,0,0,0,0,0,0,0,0,0,0,0,0
0,0,b,0,0,0,0,0,0,0,0,0,0,b,0,0
0,a,0,0,0,0,0,0,0,0,0,0,0,0,0,0
0,0,0,0,0,0,0,0,0,0,0,0,0,0,0,0
0,0,0,0,0,0,0,0,0,0,0,0,0,0,0,0
0,0,0,0,0,0,0,0,0,c,0,0,0,0,0,0
0,0,0,0,d,0,0,d,d,0,0,d,d,0,0,0
0,0,0,0,0,0,0,0,0,0,0,b,b,b,b,0
0,0,0,0,0,0,0,0,0,0,a,0,0,g,i,c
0,0,0,0,0,0,0,0,0,0,s,0,0,9i,9j,c
0,0,0,0,0,0,0,0,0,0,a,14,0,0,0,c
0,0,0,0,0,0,0,0,0,0,a,13,0,j,0,c
0,0,0,0,0,0,0,0,0,0,a,12,0,h,w,c
0,0,0,0,0,0,0,0,0,0,0,d,d,d,d,0
0,0,0,0,0,0,0,0,0,0,0,0,0,0,0,0
NAME sis
EXT 10,10 1p 8,10
PAL 8

ROOM 1p
0,0,0,0,0,0,0,0,0,0,0,0,0,0,0,0
0,0,0,0,0,0,0,0,0,0,0,0,0,0,0,0
0,0,b,0,0,0,0,0,0,0,0,0,0,b,0,0
0,a,0,0,0,0,0,0,0,0,0,0,0,0,0,0
0,0,0,0,0,0,0,0,0,0,0,0,0,0,0,0
0,0,1g,1h,1i,1j,0,0,0,0,0,0,0,0,0,0
0,0,1k,1o,1o,1l,0,0,0,c,0,0,0,0,0,0
0,0,1c,1n,1d,1e,0,d,d,0,0,d,d,0,0,0
0,0,b,39,38,o,p,b,b,0,0,b,b,b,b,0
0,a,0,3,0,m,n,0,0,c,a,0,0,g,i,c
0,a,6,9m,9l,9k,0,0,0,t,s,0,0,9i,9j,c
0,a,0,0,0,0,0,0,0,c,a,14,0,0,0,c
0,a,9o,9n,0,0,l,k,0,c,a,13,0,j,0,c
0,a,0,l,k,k,k,k,0,c,a,12,0,h,w,c
0,0,d,d,d,d,d,d,d,0,0,d,d,d,d,0
0,0,0,0,0,0,0,0,0,0,0,0,0,0,0,0
NAME maras
ITM 1i 3,9
ITM 1j 4,9
ITM 1i 3,8
ITM 1j 4,8
ITM o 3,7
ITM p 4,7
ITM q 5,7
ITM r 5,6
ITM s 5,5
ITM u 2,6
ITM v 2,5
ITM w 3,5
ITM x 4,5
ITM 1k 3,12
ITM 35 6,9
ITM 35 5,9
ITM 3f 3,8
ITM 3f 3,9
ITM 3g 3,10
ITM 3h 4,8
ITM 3h 4,9
ITM 3i 4,10
ITM t 2,7
EXT 9,10 1p 11,10
EXT 10,10 1p 8,10
END undefined 3,12
PAL 8

ROOM 1q
0,0,0,0,0,0,0,0,0,0,0,0,0,3a,3b,0
3c,0,0,0,0,0,3d,3e,3f,0,0,0,3g,3h,3i,3j
3k,3l,3c,0,0,0,3m,3n,3o,3p,0,0,3q,3r,9f,3s
3t,3t,3u,3v,0,0,3w,3x,3x,3y,3z,0,0,40,d,d
0,41,42,0,43,0,44,0,45,45,46,39,47,48,49,4a
4b,4c,4d,4e,4f,4g,4h,4i,4j,4k,4l,4m,4n,4o,4p,4q
0,4r,4s,4t,4u,4v,4w,4x,4y,4z,50,51,52,53,54,55
0,0,0,0,0,0,0,0,0,0,56,57,58,59,3s,0
0,0,0,5a,5b,5c,5d,5e,5f,5g,5h,5i,5j,5k,0,0
0,0,5l,5m,5n,5o,5p,0,5q,5r,5s,5t,5u,5v,0,0
0,0,5w,0,5x,5y,5z,60,61,62,3s,63,64,65,0,0
0,66,67,68,0,0,0,0,0,0,0,69,6a,6b,0,0
6c,6d,9f,9f,6e,6f,6g,0,0,0,0,6h,9f,6i,6j,6k
6l,9f,9f,9f,6m,9f,6n,6f,48,0,0,6o,9f,9f,6d,6p
6q,6r,9f,9f,9f,9f,9f,9f,6s,6t,0,6u,6v,6w,6w,6w
0,6x,6y,6w,6w,6w,6w,6w,6w,6z,70,0,0,0,0,0
NAME becky
ITM 1l 15,13
ITM 1m 3,15
ITM 1m 4,15
ITM 1m 6,15
ITM 1m 5,15
ITM 1m 7,15
ITM 1m 8,15
ITM 1m 15,14
ITM 1m 14,14
ITM 1m 13,14
ITM 1n 15,12
ITM 1o 14,12
ITM 1p 14,13
ITM 1p 1,12
ITM 1q 13,12
ITM 1r 9,15
ITM 1s 12,14
ITM 1t 2,15
ITM 1u 7,1
ITM 1u 13,11
ITM 1v 12,11
ITM 1x 1,11
ITM 1w 11,11
ITM 1y 3,11
ITM 1z 6,1
ITM 20 2,11
ITM 21 0,12
ITM 22 0,13
ITM 23 4,12
ITM 24 4,13
ITM 25 0,14
ITM 26 1,14
ITM 27 1,15
ITM 29 6,12
ITM 28 5,12
ITM 28 7,13
ITM 2a 6,13
ITM 2b 8,14
ITM 2c 9,14
ITM 2d 11,13
ITM 2e 11,14
ITM 2f 11,12
ITM 2g 6,2
ITM 2h 6,3
ITM 2i 7,3
ITM 2i 8,3
ITM 2j 9,3
ITM 2k 9,2
ITM 2l 8,2
ITM 2m 7,2
ITM 2n 13,2
ITM 2o 12,2
ITM 2p 12,1
ITM 2r 13,0
ITM 2s 14,0
ITM 2t 14,1
ITM 2q 13,1
ITM 2u 15,1
ITM 2v 15,2
ITM 2w 1,3
ITM 2w 0,3
ITM 2x 2,3
ITM 2y 2,2
ITM 2z 1,2
ITM 30 0,2
ITM 2y 0,1
ITM 33 5,1
ITM 33 4,0
ITM 33 3,1
ITM 33 4,2
PAL 3

ROOM 1r
0,0,0,0,0,0,0,0,0,0,0,0,0,3a,3b,0
3c,0,0,0,0,0,3d,3e,3f,0,0,0,3g,3h,3i,3j
3k,3l,3c,0,0,0,3m,3n,3o,3p,0,0,3q,3r,9f,3s
3t,3t,3u,3v,0,0,3w,3x,3x,3y,3z,0,0,40,d,d
0,0,0,8b,0,0,8c,46,b,0,0,8d,8e,8f,8g,0
0,0,8h,8i,8j,8k,8l,8m,8n,8o,8p,8q,8r,8s,8t,0
0,8u,8v,8w,8x,8y,8z,90,91,92,93,94,95,96,97,0
0,98,0,0,99,0,9a,9b,0,98,0,9c,9d,9e,0,0
0,0,0,5a,5b,5c,5d,5e,5f,5g,5h,5i,5j,5k,0,0
0,0,5l,5m,5n,5o,5p,0,5q,5r,5s,5t,5u,5v,0,0
0,0,5w,0,5x,5y,5z,60,61,62,3s,63,64,65,0,0
0,66,67,68,0,0,0,0,0,0,0,69,6a,6b,0,0
6c,6d,9f,9f,6e,6f,6g,0,0,0,0,6h,9f,6i,6j,6k
6l,9f,9f,9f,6m,9f,6n,6f,48,0,0,6o,9f,9f,6d,6p
6q,6r,9f,9f,9f,9f,9f,9f,6s,6t,0,6u,6v,6w,6w,6w
0,6x,6y,6w,6w,6w,6w,6w,6w,6z,70,0,0,0,0,0
NAME mara
ITM 1l 15,13
ITM 1m 3,15
ITM 1m 4,15
ITM 1m 6,15
ITM 1m 5,15
ITM 1m 7,15
ITM 1m 8,15
ITM 1m 15,14
ITM 1m 14,14
ITM 1m 13,14
ITM 1n 15,12
ITM 1o 14,12
ITM 1p 14,13
ITM 1p 1,12
ITM 1q 13,12
ITM 1r 9,15
ITM 1s 12,14
ITM 1t 2,15
ITM 1u 7,1
ITM 1u 13,11
ITM 1v 12,11
ITM 1x 1,11
ITM 1w 11,11
ITM 1y 3,11
ITM 1z 6,1
ITM 20 2,11
ITM 21 0,12
ITM 22 0,13
ITM 23 4,12
ITM 24 4,13
ITM 25 0,14
ITM 26 1,14
ITM 27 1,15
ITM 29 6,12
ITM 28 5,12
ITM 28 7,13
ITM 2a 6,13
ITM 2b 8,14
ITM 2c 9,14
ITM 2d 11,13
ITM 2e 11,14
ITM 2f 11,12
ITM 2g 6,2
ITM 2h 6,3
ITM 2i 7,3
ITM 2i 8,3
ITM 2j 9,3
ITM 2k 9,2
ITM 2l 8,2
ITM 2m 7,2
ITM 2n 13,2
ITM 2o 12,2
ITM 2p 12,1
ITM 2r 13,0
ITM 2s 14,0
ITM 2t 14,1
ITM 2q 13,1
ITM 2u 15,1
ITM 2v 15,2
ITM 2w 1,3
ITM 2w 0,3
ITM 2x 2,3
ITM 2y 2,2
ITM 2z 1,2
ITM 30 0,2
ITM 2y 0,1
EXT 4,2 1n 8,10
EXT 5,1 1n 8,10
EXT 4,0 1n 8,10
EXT 3,1 1n 8,10
PAL 3

ROOM 1s
0,0,0,0,0,0,0,0,0,0,0,0,0,3a,3b,0
3c,0,0,0,0,0,3d,3e,3f,0,0,0,3g,3h,3i,3j
3k,3l,3c,0,0,0,3m,3n,3o,3p,0,0,3q,3r,9f,3s
3t,3t,3u,3v,0,0,3w,3x,3x,3y,3z,0,0,40,d,d
0,41,42,0,43,0,44,0,45,45,46,39,47,48,49,4a
4b,4c,4d,4e,4f,4g,4h,4i,4j,4k,4l,4m,4n,4o,4p,4q
0,4r,4s,4t,4u,4v,4w,4x,4y,4z,50,51,52,53,54,55
0,0,0,0,0,0,0,0,0,0,56,57,58,59,3s,0
0,0,0,5a,5b,5c,5d,5e,5f,5g,5h,5i,5j,5k,0,0
0,0,5l,5m,5n,5o,5p,0,5q,5r,5s,5t,5u,5v,0,0
0,0,5w,0,5x,5y,5z,60,61,62,3s,63,64,65,0,0
0,66,67,68,0,0,0,0,0,0,0,69,6a,6b,0,0
6c,6d,9f,9f,6e,6f,6g,0,0,0,0,6h,9f,6i,6j,6k
6l,9f,9f,9f,6m,9f,6n,6f,48,0,0,6o,9f,9f,6d,6p
6q,6r,9f,9f,9f,9f,9f,9f,6s,6t,0,6u,6v,6w,6w,6w
0,6x,6y,6w,6w,6w,6w,6w,6w,6z,70,0,0,0,0,0
NAME becky2
ITM 1l 15,13
ITM 1m 3,15
ITM 1m 4,15
ITM 1m 6,15
ITM 1m 5,15
ITM 1m 7,15
ITM 1m 8,15
ITM 1m 15,14
ITM 1m 14,14
ITM 1m 13,14
ITM 1n 15,12
ITM 1o 14,12
ITM 1p 14,13
ITM 1p 1,12
ITM 1q 13,12
ITM 1r 9,15
ITM 1s 12,14
ITM 1t 2,15
ITM 1u 7,1
ITM 1u 13,11
ITM 1v 12,11
ITM 1x 1,11
ITM 1w 11,11
ITM 1y 3,11
ITM 1z 6,1
ITM 20 2,11
ITM 21 0,12
ITM 22 0,13
ITM 23 4,12
ITM 24 4,13
ITM 25 0,14
ITM 26 1,14
ITM 27 1,15
ITM 29 6,12
ITM 28 5,12
ITM 28 7,13
ITM 2a 6,13
ITM 2b 8,14
ITM 2c 9,14
ITM 2d 11,13
ITM 2e 11,14
ITM 2f 11,12
ITM 2g 6,2
ITM 2h 6,3
ITM 2i 7,3
ITM 2i 8,3
ITM 2j 9,3
ITM 2k 9,2
ITM 2l 8,2
ITM 2m 7,2
ITM 2n 13,2
ITM 2o 12,2
ITM 2p 12,1
ITM 2r 13,0
ITM 2s 14,0
ITM 2t 14,1
ITM 2q 13,1
ITM 2u 15,1
ITM 2v 15,2
ITM 2w 1,3
ITM 2w 0,3
ITM 2x 2,3
ITM 2y 2,2
ITM 2z 1,2
ITM 30 0,2
ITM 2y 0,1
ITM 34 5,1
ITM 34 4,0
ITM 34 3,1
ITM 34 4,2
PAL 3

ROOM 1u
0,0,0,0,0,0,0,0,0,0,0,0,0,0,0,0
0,0,0,0,0,0,0,0,0,0,0,0,0,0,0,0
0,0,b,0,0,0,0,0,0,0,0,b,b,b,0,0
0,a,0,0,0,0,0,0,35,37,34,0,q,0,c,0
0,0,0,0,0,0,0,0,31,32,33,0,r,0,c,0
0,0,0,0,0,0,0,0,30,2z,2y,0,0,0,c,0
0,0,0,0,0,0,0,0,0,c,a,0,0,0,c,0
0,0,0,0,d,0,0,d,d,0,0,d,d,d,0,0
0,0,0,0,0,0,0,0,0,0,0,0,0,0,0,0
0,0,0,0,0,0,0,0,0,0,0,0,0,0,0,0
0,0,0,0,0,0,0,0,15,0,0,0,0,0,0,0
0,0,0,0,0,0,0,0,0,0,0,0,0,0,0,0
0,0,0,0,0,0,0,0,0,0,0,0,0,0,0,0
0,0,0,0,0,0,0,0,0,0,0,0,0,0,0,0
0,0,0,0,0,0,0,0,0,0,0,0,0,0,0,0
0,0,0,0,0,0,0,0,0,0,0,0,0,0,0,0
NAME d8
ITM 11 11,2
ITM 12 11,3
ITM 13 11,4
ITM 14 11,5
ITM 16 9,2
ITM 17 8,2
ITM 18 10,2
EXT 9,10 1v 8,10
EXT 8,9 1v 8,10
EXT 7,10 1v 8,10
EXT 8,11 1v 8,10
PAL 7

ROOM 1v
0,0,0,0,0,0,0,0,0,0,0,0,0,0,0,0
0,0,0,0,0,0,0,0,0,0,0,0,0,0,0,0
0,0,b,0,0,0,0,0,0,0,0,b,b,b,0,0
0,a,0,0,0,0,0,0,0,0,0,0,q,0,c,0
0,0,0,0,0,0,0,0,0,35,37,34,r,0,c,0
0,0,0,0,0,0,0,0,0,31,32,33,0,0,c,0
0,0,0,0,0,0,0,0,0,c,0,2y,0,0,c,0
0,0,0,0,d,0,0,d,d,0,0,d,d,d,0,0
0,0,0,0,0,0,0,0,0,0,0,0,0,0,0,0
0,0,0,0,0,0,0,0,0,0,0,0,0,0,0,0
0,0,0,0,0,0,0,0,15,0,0,0,0,0,0,0
0,0,0,0,0,0,0,0,0,0,0,0,0,0,0,0
0,0,0,0,0,0,0,0,0,0,0,0,0,0,0,0
0,0,0,0,0,0,0,0,0,0,0,0,0,0,0,0
0,0,0,0,0,0,0,0,0,0,0,0,0,0,0,0
0,0,0,0,0,0,0,0,0,0,0,0,0,0,0,0
NAME d9
ITM 18 11,3
ITM 19 9,6
ITM 1b 10,6
ITM 16 10,3
ITM 17 9,3
ITM 11 12,3
ITM 12 12,4
ITM 13 12,5
ITM 14 12,6
EXT 9,10 1w 8,10
EXT 8,9 1w 8,10
EXT 7,10 1w 8,10
EXT 8,11 1w 8,10
PAL 7

ROOM 1w
0,0,0,0,0,0,0,0,0,0,0,0,0,0,0,0
0,0,0,0,0,0,0,0,0,0,0,0,0,0,0,0
0,0,b,0,0,0,0,0,0,0,0,0,0,b,0,0
0,a,0,0,0,0,0,0,0,0,35,37,34,0,c,0
0,0,0,0,0,0,0,0,0,0,31,32,33,0,c,0
0,0,0,0,0,0,0,0,0,0,30,2z,2y,0,c,0
0,0,0,0,0,0,0,0,0,c,0,0,0,0,c,0
0,0,0,0,d,0,0,d,d,0,0,d,d,d,0,0
0,0,0,0,0,0,0,0,0,0,0,0,0,0,0,0
0,0,0,0,0,0,0,0,0,0,0,0,0,0,0,0
0,0,0,0,0,0,0,0,15,0,0,0,0,0,0,0
0,0,0,0,0,0,0,0,0,0,0,0,0,0,0,0
0,0,0,0,0,0,0,0,0,0,0,0,0,0,0,0
0,0,0,0,0,0,0,0,0,0,0,0,0,0,0,0
0,0,0,0,0,0,0,0,0,0,0,0,0,0,0,0
0,0,0,0,0,0,0,0,0,0,0,0,0,0,0,0
NAME da
ITM 11 13,2
ITM 12 13,3
ITM 13 13,4
ITM 14 13,5
ITM 16 11,2
ITM 17 10,2
ITM 18 12,2
EXT 9,10 1h 8,10
EXT 8,9 1h 8,10
EXT 7,10 1h 8,10
EXT 8,11 1h 8,10
PAL 7

ROOM 1x
0,0,0,0,0,0,0,0,0,0,0,0,0,0,0,0
0,0,0,0,0,0,0,0,0,0,0,0,0,0,0,0
0,0,b,b,b,0,0,0,0,0,0,b,b,b,0,0
0,a,x,y,z,c,0,u,b,0,a,0,q,0,c,0
0,a,0,0,0,c,a,0,0,c,a,0,r,0,c,0
0,a,0,0,0,t,s,0,0,t,s,0,0,0,c,0
0,a,0,0,0,c,a,0,0,c,a,0,0,0,c,0
0,0,d,v,d,0,0,d,d,0,0,d,d,d,0,0
0,0,0,0,0,0,0,0,0,0,0,0,0,0,0,0
0,0,0,0,0,0,0,0,0,0,0,0,0,0,0,0
0,0,0,0,0,0,0,0,0,0,0,0,0,0,0,0
0,0,0,0,0,0,0,0,0,0,0,0,0,0,0,0
0,0,0,0,0,0,0,0,0,0,0,0,0,0,0,0
0,0,0,0,0,0,0,0,0,0,0,0,0,0,0,0
0,0,0,0,0,0,0,0,0,0,0,0,0,0,0,0
0,0,0,0,0,0,0,0,0,0,0,0,0,0,0,0
NAME 3t
EXT 3,4 2 3,4
PAL 0

ROOM 1y
0,0,0,0,0,0,0,0,0,0,0,0,0,0,0,0
0,0,0,0,0,0,0,0,0,0,0,0,0,0,0,0
0,0,b,b,b,0,0,0,0,0,0,b,b,b,0,0
0,a,x,y,z,c,0,u,b,0,a,0,q,0,c,0
0,a,0,0,0,c,a,0,0,c,a,0,r,0,c,0
0,a,0,0,0,t,s,0,0,t,s,0,0,0,c,0
0,a,0,0,0,c,a,0,0,c,a,0,0,0,c,0
0,0,d,v,d,0,0,d,d,0,0,d,d,d,0,0
0,0,0,0,0,0,0,0,0,0,0,0,0,0,0,0
0,0,0,0,0,0,0,0,0,0,0,0,0,0,0,0
0,0,0,0,0,0,0,0,0,0,0,0,0,0,0,0
0,0,0,0,0,0,0,0,0,0,0,0,0,0,0,0
0,0,0,0,0,0,0,0,0,0,0,0,0,0,0,0
0,0,0,0,0,0,0,0,0,0,0,0,0,0,0,0
0,0,0,0,0,0,0,0,0,0,0,0,0,0,0,0
0,0,0,0,0,0,0,0,0,0,0,0,0,0,0,0
NAME 3u
EXT 3,6 2 3,6
PAL 0

TIL 1
00101000
00101000
00001000
00000000
00000000
00000000
00000000
00000000
NAME trunks 1

TIL 2
00111100
00111100
00111100
00111100
00111100
00111100
00111100
00111100
NAME trunks 2
WAL true

TIL 3
00101000
00101000
00101000
00101000
00101000
00101000
00101000
00101000
NAME trunks 3
WAL true

TIL 4
00111100
01111100
01111100
01111110
01101110
01101111
01100111
01111111
NAME trunks 4

TIL 5
00000000
00000000
00000000
00000000
00000000
00000000
10000000
11100000
NAME trunks 5

TIL 6
00000000
00000000
00000000
00000000
00000000
00000000
00000001
00000111
NAME trumk
COL 2

TIL 7
00101000
00111000
00111000
01111100
01111100
11011100
10011111
11111111
NAME trunks 7
WAL true

TIL 8
00111100
01111100
01111100
01111110
11101110
11101111
11100111
11111111
NAME trunks 8
WAL true

TIL 9
00111100
01111100
01111100
01111110
11101110
11101110
11100110
11111110
NAME trunks 9

TIL 10
00000000
01111110
10111101
10111101
10000001
10000001
11111111
10000001

TIL 11
10000001
10000001
10000001
10000001
10000001
01111110
00000000
00000000

TIL 12
00001000
11110000
00001000
00001000
00001000
00001000
00001000
00001000
WAL true

TIL 13
00001000
00001000
11110000
00001000
00001000
00001000
00001000
00001000
WAL true

TIL 14
00000000
00000000
00000000
11110000
00001000
00001000
00001000
00001000
WAL true

TIL 15
00000000
00000000
00000000
00000000
00000000
00000000
00000000
00000000

TIL 16
00000000
00000000
00000000
00000000
00000000
00000000
00000000
00000000
WAL true

TIL 17
00000000
00000000
00000000
00000000
00000000
00000000
00000000
00000000

TIL 18
00101000
00111000
00111000
01111100
01111100
01011100
00011111
01111111
NAME trunks 10

TIL 19
00111111
00111111
00111111
00111111
00111111
00111111
00111111
00111111
NAME bapp
WAL true
COL 5

TIL 20
11111111
11111111
11111111
11111111
11111111
11111111
01111111
01111111
NAME bapp
COL 5

TIL 21
11111110
11111110
11111110
11111110
11111110
11111111
11111111
11111111
NAME bapp
COL 5

TIL 22
00111111
00111111
00111111
00111111
00111111
01111111
01111111
01111111
NAME bapp
COL 5

TIL 23
11111100
11111100
11111100
11111100
11111100
11111110
11111110
11111110
NAME bapp
COL 5

TIL 24
01111111
01111111
01111111
01111111
01111111
11111111
11111111
11111111
NAME bapp
COL 5

TIL 25
11111111
11111111
11111111
11011111
11011111
10001111
10001111
00000111
NAME bapp
COL 5

TIL 26
10000000
11000001
11100011
11111111
11111111
11111111
11111111
11111111
NAME bapp
COL 5

TIL 27
00000001
10000011
11000111
11111111
11111111
11111111
11111111
11111111
NAME bapp
COL 5

TIL 28
11111111
11111111
11111111
11111011
11111011
11110001
11110001
11100000
NAME bapp
COL 5

TIL 29
11111111
11111111
11111110
11111110
11111110
11111110
11111110
11111110
NAME bapp
COL 5

TIL 30
00111111
00000011
00000011
00000011
00000011
00000000
00000000
00000000
NAME bapp
COL 5

TIL 31
00111000
00111000
00111000
00111000
00111100
00111100
00111110
00111111
NAME bapp
COL 5

TIL 32
11111111
01111111
00011111
00000000
00000000
00000000
00000000
10000000
NAME bapp
COL 5

TIL 33
11111111
11111110
11111000
00000000
00000000
00000000
00000000
00000001
NAME bapp
COL 5

TIL 34
11111111
11111001
11110000
11110110
11110110
11110000
11111001
11111111
NAME bapp
COL 5

TIL 35
00111111
00111111
00111111
00111111
00111111
00111111
00111111
00111101
NAME bapp
COL 5

TIL 36
00000000
00000000
00000000
00000000
00000000
00000000
00000000
00000000
NAME empty
WAL true

TIL 37
11111111
11110011
11100001
11101101
11101101
11100001
11110011
11111111
NAME bapp
COL 5

TIL 38
00000000
00000000
00000000
00000000
00000000
00000000
00000000
00001111
WAL true

TIL 39
00000000
00000000
00000000
00000000
00000000
00000000
00000000
10000000

TIL 40
00000011
00000000
00000000
00000000
00000000
00000000
00000000
00000000
NAME becky 27

TIL 41
00000000
00000000
00000000
00000000
00000000
00000000
00000000
00000011
NAME becky 28

TIL 42
00000000
00000000
00000000
00000000
00000000
00000000
00000000
11111000
NAME becky 29

TIL 43
00000000
00000000
00000000
00000000
00000000
00000000
00011100
01111110
NAME becky 30

TIL 44
00000000
00000000
00000000
00000000
00000000
00000000
00000000
01111111
NAME becky 31

TIL 45
00000000
00000000
00000000
00000000
00000000
00000000
00000000
00110000
NAME becky 32

TIL 46
00000000
00000000
00000000
00000000
00000000
00000000
00000000
00000001
NAME becky 33

TIL 47
00000000
00000000
00000000
00000000
00000000
00000001
00000011
00100011
NAME becky 34

TIL 48
00000000
00000000
00000000
00000000
00000000
00000000
10000000
10000000
NAME becky 35

TIL 49
00000000
00000000
00000000
00000000
00000000
00000000
00000011
00011111
NAME becky 36

TIL 50
11100000
11000001
11000011
10000110
11111000
11100001
10000011
00000110
NAME becky 63

TIL 51
11000111
10000111
00011111
01111110
11001100
10011100
00111000
00110000
NAME becky 64

TIL 52
01100000
11000000
00000000
00000000
00000000
00000000
00000000
00000001
NAME becky 65

TIL 53
00000111
00000000
00000000
00000000
00000000
00000000
11000001
10111111
NAME becky 66

TIL 54
11111111
00000011
00000000
00000000
00000011
00011110
11111100
11110000
NAME becky 67

TIL 55
11100000
11100000
11100000
11000000
10000000
00000000
00000000
00000000
NAME becky 68

TIL 56
00000100
00001100
00001111
00001110
00000000
00000000
00000000
00000000
NAME becky 69

TIL 57
01100000
11000000
10000000
00000000
00000000
00000000
00000000
00000000
NAME becky 70

TIL 58
00000011
00000011
00000011
00000000
00000000
00000000
00000000
00000000
NAME becky 71

TIL 59
11111111
11111100
10000000
00000000
00000000
00000000
00000000
00000000
NAME becky 72

TIL 60
00000000
00000001
00000001
00000001
00000001
00000011
00000011
00000011
NAME becky 99

TIL 61
11111110
11110000
11000000
11000000
10000000
10000000
10000000
00000000
NAME becky 100

TIL 62
00000001
00000001
00000010
00000000
00000000
00000000
00000000
00000000
NAME becky 101

TIL 63
01111000
00010000
00000000
00000000
00000000
00000000
00000000
00000000
NAME becky 102

TIL 64
11111111
00111111
00000000
00000000
00000000
00000000
00000000
00000000
NAME becky 103

TIL 65
11110000
10000000
00000000
00000000
00000000
00000000
00000000
00000000
NAME becky 104

TIL 66
00000000
00000000
00000000
00000000
00000011
00001100
00010000
01100000
NAME becky 105

TIL 67
00000000
00000000
00000000
01111111
10000000
00000000
00000000
00000000
NAME becky 106

TIL 68
00000000
00000000
00000000
00000000
11100000
00011000
00000100
00000011
NAME becky 107

TIL 69
00000000
00000000
00000000
00000000
00000001
00000110
00001000
00010000
NAME becky 108

TIL 70
00000000
00000000
11100000
11111000
00000000
00000000
00000000
00000000
NAME becky 135

TIL 71
00000000
00000000
00000000
00000000
00000000
00000000
00000111
00011111
NAME becky 136

TIL 72
00000000
00000000
00000000
00000000
00000000
00000000
11000000
11110000
NAME becky 137

TIL 73
00000000
00000000
00000000
00000000
00000000
00000000
10000000
11000000
NAME becky 138

TIL 74
00000000
00000000
00000000
00000000
00000111
00011111
00111111
01111111
NAME becky 139

TIL 75
00000000
00000000
00000000
00000000
11000000
11110000
11111000
11111101
NAME becky 140

TIL 76
00000000
00000000
00000000
00000001
00000001
00000011
00000011
00000011
NAME becky 141

TIL 77
00111111
01111111
11111111
11111111
11111111
11111111
11111111
11111111
NAME becky 142

TIL 78
11111000
11111100
11111110
11111111
11111111
11111111
11111111
11111111
NAME becky 143

TIL 79
00000000
00000000
00111100
11111111
11111111
11111111
11111111
11111111
NAME becky 144

TIL 80
11110000
11110000
11111000
11111000
11111111
11111111
11111111
11111111
NAME becky 171

TIL 81
11111111
11111111
01111111
01111111
01111111
00111111
00111111
00011111
NAME becky 172

TIL 82
00000111
00000111
00000011
00000011
00000001
00000000
00000000
00000000
NAME becky 173

TIL 83
11111111
11111111
11111111
11111111
11111111
11111111
11111111
01111111
NAME becky 174

TIL 84
11000000
11011110
11111111
11111111
11111111
11111111
11111111
11111111
NAME becky 175

TIL 85
00000000
00000000
10000000
11000000
11000000
11100000
11100000
11110000
NAME becky 176

TIL 86
00001111
00000111
00000001
00000000
00000000
00000000
00000000
00000000
NAME becky 177

TIL 87
11111111
11111111
11111111
00111111
00000000
00000000
00000000
00000000
NAME becky 178

TIL 88
00011111
00001111
00000011
00000000
00000000
00000000
00000000
00000000
NAME becky 179

TIL 89
11111111
11111111
11111111
01111111
00000000
00000000
00000000
00000000
NAME becky 180

TIL 90
00000100
00001101
00001000
00011000
00110000
00110000
01100000
01100000
NAME mara 26

TIL 91
11000000
11000000
11100000
11110000
11111000
01111111
00011110
00000000
NAME mara 27

TIL 92
00000000
00000011
00000111
01000001
11000001
10000011
00000111
00000110
NAME mara 28

TIL 93
00110000
11111111
11111111
10000000
10000000
00000000
00000000
00000000
NAME mara 29

TIL 94
11100000
11110000
11100000
11100000
11100000
01110000
01110000
00000000
NAME mara 30

TIL 95
00000011
00000000
00000000
00000000
00000000
00000000
01100000
11011111
NAME mara 31

TIL 96
11111111
00000001
00000000
00000000
00000001
00001111
11111110
11111000
NAME mara 32

TIL 97
11110000
11110000
01110000
01100000
11000000
00000000
00000000
00000000
NAME mara 33

TIL 98
00001100
00001100
00001000
00000000
00000000
00000000
00000000
00000000
NAME mara 34

TIL 99
00000110
00000110
00000100
00000000
00000000
00000000
00000000
00000000
NAME mara 35

TIL a
00000001
00000001
00000001
00000001
00000001
00000001
00000001
00000001
WAL true

TIL b
00000000
00000000
00000000
00000000
00000000
00000000
00000000
11111111
WAL true

TIL c
10000000
10000000
10000000
10000000
10000000
10000000
10000000
10000000
WAL true

TIL d
11111111
00000000
00000000
00000000
00000000
00000000
00000000
00000000
WAL true

TIL e
11111111
00000000
00000000
00000000
00000000
00000000
00000000
11111111

TIL f
10000001
10000001
10000001
10000001
10000001
10000001
10000001
10000001

TIL g
00000000
00011111
00100000
00100000
00100000
00100000
00100000
00100000

TIL h
10000001
11111111
10000001
10111101
10111101
10111101
01111110
00000000
WAL true

TIL i
00000000
11111100
01000010
01001110
01001110
01001110
01001110
01000010

TIL j
01111110
10000001
10000001
10000001
10000001
10000001
10000001
10000001
WAL true

TIL k
11111110
00000001
00000001
00000001
00000001
00000001
00000001
00000001
WAL true

TIL l
00000000
00000001
00000001
00000001
00000001
00000001
00000001
00000001

TIL m
00100000
00100000
00100000
00100000
00011111
00001100
00000000
00000000

TIL n
00000100
00000100
00000100
00000100
11111000
00110000
00000000
00000000
WAL false

TIL o
00000000
00000000
00000000
00000000
00000000
00011111
00100000
11100000

TIL p
00000000
00000000
00000000
00000000
00000000
11111000
00000100
00000111

TIL q
00000000
01111110
10111101
10111101
10111101
10000001
10000001
10000001

TIL r
10001111
11110001
10000001
10000001
10000001
01111110
00000000
00000000

TIL s
00000001
00000000
00000000
00000000
00000000
00000000
00000000
00000001

TIL t
10000000
00000000
00000000
00000000
00000000
00000000
00000000
10000000

TIL u
00000000
00000000
00000000
00000000
00000000
00000000
00000000
10000001

TIL v
10000001
00000000
00000000
00000000
00000000
00000000
00000000
00000000

TIL w
00000000
00111100
00100100
00100100
00100100
00111100
00000000
00000000

TIL x
00000001
01110001
01010001
01110101
00000101
00001101
00000001
11111110
WAL true

TIL y
00000000
01101110
01101110
00000000
01110110
01110110
00000000
11111111
WAL true

TIL z
10000000
10001100
10001100
10100000
10010010
10110010
10000000
01111111
WAL true

TIL 1c
11000000
01000000
01100000
00110000
00011000
00001110
00000011
00000000
NAME crowns 2
WAL true
COL 3

TIL 1d
00000000
00000000
00000000
00000000
00000000
00000001
00000111
11111111
NAME crowns 3
WAL true
COL 3

TIL 1e
00001111
00011110
00011110
00111100
01111000
11110000
11000000
00000000
NAME crowns 4
WAL true
COL 3

TIL 1g
00000000
00000001
00000111
00001100
00011000
00110000
00100000
01100000
NAME crowns 6
WAL true
COL 3

TIL 1h
00111111
11100000
00000000
00000000
00000000
00000000
00000000
00000000
NAME crowns 7
WAL true
COL 3

TIL 1i
11111100
00001111
00000011
00000000
00000000
00000000
00000000
00000000
NAME crowns 8
WAL true
COL 3

TIL 1j
00000000
10000000
11100000
11110000
01111000
00111100
00111100
00011110
NAME crowns 9
WAL true
COL 3

TIL 1k
01000000
11000000
10000000
10000000
10000000
10000000
10000000
10000000
NAME crowns 10
WAL true
COL 3

TIL 1l
00011111
00001111
00001111
00001111
00001111
00001111
00001111
00001111
NAME crowns 11
WAL true
COL 3

TIL 1n
00000000
00000000
00000000
00000000
00000000
00000000
10000000
11111111
NAME crowns
WAL true
COL 3

TIL 1o
11111111
11111111
11111111
11111111
11111111
11111111
11111111
11111111
NAME lg
WAL true
COL 4

TIL 1a
11000000
11000000
11000000
11000000
11000000
11000000
11000000
11000000
NAME bapp
WAL false
COL 5

TIL 1b
00000011
00000011
00000011
00000011
00000011
00000011
00000011
00000011
NAME bapp
COL 5

TIL 1f
11111100
11111100
11111100
11111100
11111100
11111100
11111100
11111100
NAME bapp
WAL true
COL 5

TIL 1m
00000000
00000000
00000000
00000000
00000011
00000011
00000011
00000011
NAME bapp
COL 5

TIL 1p
00000000
00000000
00000000
00000000
11111111
11111111
11111111
11111111
NAME bapp
WAL true
COL 5

TIL 1q
00111111
00111111
00111111
00111111
11111111
11111111
11111111
11111111
NAME bapp
WAL true
COL 5

TIL 1r
11000000
11000000
11000000
11000000
11111111
11111111
11111111
11111111
NAME bapp
WAL true
COL 5

TIL 1s
00000011
00000011
00000011
00000011
11111111
11111111
11111111
11111111
NAME bapp
WAL true
COL 5

TIL 1t
11111100
11111100
11111100
11111100
11111111
11111111
11111111
11111111
NAME bapp
COL 5

TIL 1u
00000000
00000000
00000000
00000000
11000000
11000000
11000000
11000000
NAME bapp
COL 5

TIL 1v
11111111
11111111
11111111
11111111
11111111
11111111
11111110
11111110
NAME bapp
COL 5

TIL 1w
11100011
11000001
10000000
00000000
00000000
00000000
00000000
00011100
NAME bapp
COL 5

TIL 1x
11111111
11111111
11111111
01111111
01111111
01111111
00111111
00111111
NAME bapp
COL 5

TIL 1y
11111111
11111111
11111111
11111110
11111110
11111110
11111100
11111100
NAME bapp
COL 5

TIL 1z
11000111
10000011
00000001
00000000
00000000
00000000
00000000
00111000
NAME bapp
COL 5

TIL 2a
00000111
00000011
00000011
00000000
00000000
00000000
00000000
00000000
NAME bapp
COL 5

TIL 2b
11111111
11111111
11111111
11111111
00011111
00011111
00000000
00000000
NAME bapp
COL 5

TIL 2c
11111111
11111111
11111111
11111111
11111111
11111111
11111111
00000000
NAME bapp
COL 5

TIL 2d
11111111
11111111
11111111
11111111
11111000
11111000
00000000
00000000
NAME bapp
COL 5

TIL 2e
11100000
11000000
11000000
00000000
00000000
00000000
00000000
00000000
NAME bapp
COL 5

TIL 2f
11111111
11111111
01111111
01111111
01111111
01111111
01111111
01111111
NAME bapp
COL 5

TIL 2g
11111110
11111110
11111111
11111111
11111111
11111111
11111111
11111111
NAME bapp
COL 5

TIL 2h
00000000
00000000
00000000
00000000
10000000
11000000
11100000
11110000
NAME bapp
COL 5

TIL 2i
00000000
00000000
00000000
00000000
00000001
00000011
00000111
00001111
NAME bapp
COL 5

TIL 2j
01111111
01111111
11111111
11111111
11111111
11111111
11111111
11111111
NAME bapp
COL 5

TIL 2k
00000011
00000011
00000011
00000011
00000000
00000000
00000000
00000000
NAME bapp
COL 5

TIL 2l
11111111
11111111
11111111
11111111
00000000
00000000
00000000
00000000
NAME bapp
WAL true
COL 5

TIL 2m
11111111
11111111
11111111
11111111
00111111
00111111
00111111
00111111
NAME bapp
COL 5

TIL 2n
11111100
11111111
11111111
11111111
11111111
11111111
11111111
11111111
NAME bapp
COL 5

TIL 2o
00000000
10000000
11111100
11111111
11111111
11111111
11111111
11111111
NAME bapp
COL 5

TIL 2p
00000000
00000000
00000000
11111111
11111111
11111111
11111111
11111111
NAME bapp
COL 5

TIL 2q
00000000
00000001
00111111
11111111
11111111
11111111
11111111
11111111
NAME bapp
COL 5

TIL 2r
00111111
11111111
11111111
11111111
11111111
11111111
11111111
11111111
NAME bapp
COL 5

TIL 2s
11111111
11111111
11111111
11111111
11111100
11111100
11111100
11111100
NAME bapp
COL 5

TIL 2t
11000000
11000000
11000000
11000000
00000000
00000000
00000000
00000000
NAME bapp
COL 5

TIL 2u
11111111
11111111
11111111
11111111
11111111
11111111
11111111
11111111
NAME bapp
WAL false
COL 5

TIL 2v
01111100
01111100
01111100
01111100
01111100
00111000
00000000
00000000
NAME bapp
COL 5

TIL 2w
00111110
00111110
00111110
00111110
00111110
00011100
00000000
00000000
NAME bapp
COL 5

TIL 2x
11111111
11111111
11111111
11111111
11111111
11111111
11111111
11111111
NAME bapp
WAL true
COL 5

TIL 2y
00001111
11111111
11111111
11111111
11111111
00000000
00000000
00000000
NAME bapp
COL 5

TIL 2z
11110000
11111111
11111111
11111111
11111111
00000000
00000000
00000000
NAME bapp
COL 5

TIL 3a
00000000
00000000
00000000
00000000
00000000
00000000
00000111
00011000
NAME becky 1

TIL 3b
00000000
00000000
00000000
00000000
00000000
00000000
11000000
00110000
NAME becky 2

TIL 3c
00000000
00000000
00000000
00000000
00000000
00000000
10000000
01000000
NAME becky 3

TIL 3d
00000000
00000000
00000000
00000000
00000111
00011000
00100000
01000000
NAME becky 4

TIL 3e
00000000
00000000
00000000
00000000
11000000
00110000
00001000
00000101
NAME becky 5

TIL 3f
00000000
00000000
00000000
00000000
00000000
00000000
00000000
11100000
NAME becky 6

TIL 3g
00000000
00000000
00000000
00000001
00000001
00000010
00000010
00000010
NAME becky 7

TIL 3h
00100000
01000000
10000000
00000000
00000000
00000000
00000000
00000000
NAME becky 8

TIL 3i
00001000
00000100
00000010
00000001
00000001
00000000
00000000
00000000
NAME becky 9

TIL 3j
00000000
00000000
00111100
11000011
00000000
10000000
10000000
10000000
NAME becky 10

TIL 3k
00100000
00100111
00011000
00010000
00010000
00000000
00000000
00000000
NAME becky 11

TIL 3l
00000000
10000000
01100000
00010000
00010000
00001111
00001000
00001000
NAME becky 12

TIL 3m
01000000
10000000
10000000
10000000
10000000
10000000
01000000
01000000
NAME becky 13

TIL 3n
00000110
00000010
00000010
00000010
00000000
00000000
00000000
00000000
NAME becky 14

TIL 3o
00011000
00000100
00000100
00000011
00000010
00000000
00000000
00000000
NAME becky 15

TIL 3p
00000000
00000000
00000000
11000000
00100000
00010000
00011100
00010010
NAME becky 16

TIL 3q
00000010
00000010
00000001
00000001
00000000
00000000
00000000
00000000
NAME becky 17

TIL 3r
00000000
00000000
00000000
00000000
10000000
01000000
00100000
00011100
NAME becky 18

TIL 3s
10000000
00000000
00000000
00000000
00000000
00000000
00000000
00000000
NAME becky 19

TIL 3t
00000000
00000000
00000000
00000000
00000000
11111111
00000000
00000000
NAME becky 20

TIL 3u
01000000
00100000
00011000
00000100
00000011
11111111
00000000
00000000
NAME becky 21

TIL 3v
00000000
00000000
00000000
00000000
00000000
11000000
00000000
00000000
NAME becky 22

TIL 3w
00100000
00011000
00000111
00000000
00000000
00000000
00000000
00000000
NAME becky 23

TIL 3x
00000000
00000000
11111111
00000000
00000000
00000000
00000000
00000000
NAME becky 24

TIL 3y
00000010
00000001
11111111
00000000
00000000
00000000
00000000
00000000
NAME becky 25

TIL 3z
00000000
10000000
11100000
00000000
00000000
00000000
00000000
00000000
NAME becky 26

TIL 4a
00000000
00000000
00000000
00000000
00000000
00000000
11100000
11100000
NAME becky 37

TIL 4b
00000000
00000000
00000011
00000110
00000000
00000000
00000000
00000000
NAME becky 38

TIL 4c
00111111
11111111
11100000
00000001
00000011
00000011
00000111
00000111
NAME becky 39

TIL 4d
11111100
11111110
10011110
11001110
10001100
10011000
00110000
01111000
NAME becky 40

TIL 4e
00000000
00000000
00000000
00000000
00000000
00000001
00000111
00011110
NAME becky 41

TIL 4f
11100110
11110000
11110000
01111000
00111100
11111100
11111100
00000000
NAME becky 42

TIL 4g
00000011
00000110
00001000
00010000
00100000
01100000
11100000
11100000
NAME becky 43

TIL 4h
11111111
00000011
00000000
00000000
00000000
00000000
00000000
00000000
NAME becky 44

TIL 4i
10000000
00000000
00000000
00000001
00000001
00000011
00000011
00000011
NAME becky 45

TIL 4j
01100000
11100001
11100011
11000110
11001100
10011000
10110000
11100000
NAME becky 46

TIL 4k
01110000
11100000
10000000
00000000
00000000
00000000
00000000
00000000
NAME becky 47

TIL 4l
00000111
00001111
00001111
00011110
00011100
00111000
01110000
01100000
NAME becky 48

TIL 4m
10000000
00000001
00000011
00000111
00001101
00011011
00110011
01100011
NAME becky 49

TIL 4n
11100011
11100011
11000001
11000000
11000000
10000000
10000000
10000000
NAME becky 50

TIL 4o
10000000
00000011
00000111
00001100
00010000
00110000
00111111
00001111
NAME becky 51

TIL 4p
11111111
11110000
00000000
00000000
00000000
00000000
11111111
11111111
NAME becky 52

TIL 4q
11000000
10000000
00000000
00000000
00000000
00000000
00000000
11000000
NAME becky 53

TIL 4r
00000111
00001100
00001100
00011100
00011000
00011100
00111111
00001111
NAME becky 54

TIL 4s
11111110
00001111
00000111
00000111
00001110
00011100
11110000
10000000
NAME becky 55

TIL 4t
00111000
00111000
00111000
00111100
00011111
00011111
00000111
00000000
NAME becky 56

TIL 4u
00000000
00000000
00000000
00000000
00000000
11111110
11110000
00000000
NAME becky 57

TIL 4v
11100000
11110000
11111000
01111100
00111110
00011111
00000111
00000000
NAME becky 58

TIL 4w
00000000
00000000
00000000
00000001
00001111
11111100
11100000
00000000
NAME becky 59

TIL 4x
00000111
00000111
00001110
00001110
10011110
00011100
00011000
00000000
NAME becky 60

TIL 4y
11100000
11111000
01111000
00111100
00011110
00001111
00000111
00000000
NAME becky 61

TIL 4z
00000000
00000001
00000001
00010011
00110011
11100011
11000011
00000000
NAME becky 62

TIL 5a
00000000
00000000
00000000
00000000
00000000
00000001
00000011
00000111
NAME becky 73

TIL 5b
00000000
00000000
00010000
01110000
11110001
11110011
01100011
11100000
NAME becky 74

TIL 5c
00000000
00000000
00001111
01111111
11000000
10000000
00000000
00000000
NAME becky 75

TIL 5d
00000000
00000000
11100000
11111000
01111100
10011110
01001111
11000111
NAME becky 76

TIL 5e
00000000
00000000
00000000
00000111
00011100
00111000
00110000
00000000
NAME becky 77

TIL 5f
00000000
00000000
11111110
11111111
00000111
00001001
00000100
00001100
NAME becky 78

TIL 5g
00000000
00000000
00000000
10000000
11000000
11100000
11110000
01110000
NAME becky 79

TIL 5h
00000000
00000000
00000000
00000001
00000011
00000111
00001111
00011111
NAME becky 80

TIL 5i
00000000
01100000
11100000
11100000
11000000
10000000
10000000
00000000
NAME becky 81

TIL 5j
00000000
00000000
00000011
00000111
00000111
00000111
00000011
00000001
NAME becky 82

TIL 5k
00000000
11100000
11110000
00110000
10000000
10000000
11000000
11100000
NAME becky 83

TIL 5l
00000000
00000000
00000000
00000000
00000011
00000111
00000001
00000001
NAME becky 84

TIL 5m
00000110
00001100
00011000
00110000
11111111
11111111
10000000
10000000
NAME becky 85

TIL 5n
11100000
11100000
11100000
11100000
11110000
11100000
11100000
11100000
NAME becky 86

TIL 5o
00000001
00000001
00000001
00000011
00000011
00000111
00000110
00000110
NAME becky 87

TIL 5p
10000111
10000111
10000111
00000111
00001110
00011110
00111100
01111000
NAME becky 88

TIL 5q
00011000
00011000
00011000
00110000
00110000
01110001
01100011
01100111
NAME becky 89

TIL 5r
01110000
01110000
01110000
01110000
11100000
11100000
11000000
10000000
NAME becky 90

TIL 5s
00001110
00011100
00011000
00111000
01110000
01101111
11111111
11100011
NAME becky 91

TIL 5t
00000000
00000000
00000000
00000001
00000001
10000001
11110001
11111000
NAME becky 92

TIL 5u
00001111
00111111
11110000
11000000
11000000
11000000
11100000
11111000
NAME becky 93

TIL 5v
11100000
11100000
00000000
00000000
00000000
00000000
00000000
00000000
NAME becky 94

TIL 5w
00000011
00000111
00000110
00001100
00001100
00001000
00000000
00000000
NAME becky 95

TIL 5x
01110000
01110000
00000000
00000000
00000000
00000000
00000000
00000000
NAME becky 96

TIL 5y
00001111
00011111
00011100
00011100
00011000
00111000
00111000
00110000
NAME becky 97

TIL 5z
11100000
00000000
00000000
00000000
00000000
00000000
00000000
00000000
NAME becky 98

TIL 6a
00000000
00000000
00000000
00111110
11000001
00000000
00000000
00000000
NAME becky 109

TIL 6b
00000000
00000000
00000000
00000000
11000000
00110000
00001000
00000100
NAME becky 110

TIL 6c
00000000
00000000
00000001
00000010
00000010
00000100
00000100
00000100
NAME becky 111

TIL 6d
10000000
10000000
00000000
00000000
00000000
00000000
00000000
00000000
NAME becky 112

TIL 6e
10000000
10000000
01000000
00100011
00101100
00010000
00010000
00010000
NAME becky 113

TIL 6f
00000000
00000000
00000000
11111000
00000110
00000001
00000000
00000000
NAME becky 114

TIL 6g
00000000
00000000
00000000
00000000
00000000
10000000
01000000
00100000
NAME becky 115

TIL 6h
00100000
00100000
01000000
01000000
01000000
10000000
10000000
10000000
NAME becky 116

TIL 6i
00000010
00000010
00000001
00000001
00000001
00000000
00000000
00000000
NAME becky 117

TIL 6j
00000000
00111110
11000001
00000000
00000000
10000000
10000000
10000000
NAME becky 118

TIL 6k
00000000
00000000
10000000
01000000
00100000
00010000
00010000
00001011
NAME becky 119

TIL 6l
00001000
00001000
00001000
00001000
00001000
00001000
00001000
00000100
NAME becky 120

TIL 6m
00001000
00001000
00001000
00001000
00000000
00000000
00000000
00000000
NAME becky 121

TIL 6n
00010000
00010000
00001000
00001000
00000111
00000100
00000100
00000100
NAME becky 122

TIL 6o
10000000
10000000
01000000
01000000
01000000
00100000
00100000
00010000
NAME becky 123

TIL 6p
00001100
00001000
00001000
00000000
00000000
00000000
00000000
00000000
NAME becky 124

TIL 6q
00000100
00000100
00000010
00000010
00000001
00000000
00000000
00000000
NAME becky 125

TIL 6r
00000000
00000000
00000000
00000000
00000000
10000000
10000000
01100000
NAME becky 126

TIL 6s
01000000
01011110
00100001
00100000
00100000
00000000
00000000
00000000
NAME becky 127

TIL 6t
00000000
00000000
10000000
01000000
01000000
00100000
00100000
00010000
NAME becky 128

TIL 6u
00001000
00000110
00000001
00000000
00000000
00000000
00000000
00000000
NAME becky 129

TIL 6v
00000000
00000000
11000000
00111111
00000000
00000000
00000000
00000000
NAME becky 130

TIL 6w
00000000
00000000
00000000
11111111
00000000
00000000
00000000
00000000
NAME becky 131

TIL 6x
00010000
00001100
00000011
00000000
00000000
00000000
00000000
00000000
NAME becky 132

TIL 6y
00000000
00000000
10000000
01111111
00000000
00000000
00000000
00000000
NAME becky 133

TIL 6z
00001100
00000011
00000000
11111111
00000000
00000000
00000000
00000000
NAME becky 134

TIL 7a
11100000
11100111
11111111
11111111
11111111
11111111
11111111
11111111
NAME becky 145

TIL 7b
00000000
10000000
11100000
11110000
11110000
11111111
11111111
11111111
NAME becky 146

TIL 7c
01111111
11111111
11111111
11111111
11111111
11111111
01111111
01111111
NAME becky 147

TIL 7d
11111000
11111100
11111100
11111111
11111111
11111111
11111111
11111111
NAME becky 148

TIL 7e
00000000
00000000
00000000
11000000
11100000
11110000
11111100
11111110
NAME becky 149

TIL 7f
00000011
00000011
00000001
00000001
00000000
00000000
00000000
00000000
NAME becky 150

TIL 7g
11111111
11111111
11111111
11111111
11111111
01111111
00111111
00011111
NAME becky 151

TIL 7h
11111111
11111111
11111111
11111111
11111111
11111111
00000000
00000000
NAME becky 152

TIL 7i
11000000
11100000
11111000
11111100
11111111
11111111
00000000
00000000
NAME becky 153

TIL 7j
00111111
00011111
00000111
00000000
00000000
00000000
00000000
00000000
NAME becky 154

TIL 7k
11111111
11111111
11111111
00000000
00000000
00000000
00000000
00000000
NAME becky 155

TIL 7l
11111110
11111111
11111111
00000000
00000000
00000000
00000000
00000000
NAME becky 156

TIL 7m
00000000
00000000
00000000
00000000
00000011
00001111
00011111
01111111
NAME becky 157

TIL 7n
00000000
00000000
00000000
01111111
11111111
11111111
11111111
11111111
NAME becky 158

TIL 7o
00000000
00000000
00000000
00000000
11100000
11111000
11111100
11111111
NAME becky 159

TIL 7p
00000000
00000000
00000000
00000000
00000001
00000111
00001111
00011111
NAME becky 160

TIL 7q
00000000
00000000
00000000
00111110
11111111
11111111
11111111
11111111
NAME becky 161

TIL 7r
00000000
00000000
00000000
00000000
11000000
11110000
11111000
11111100
NAME becky 162

TIL 7s
00000000
00000000
00000001
00000011
00000011
00000111
00000111
00000111
NAME becky 163

TIL 7t
10000000
10000000
11000000
11100011
11101111
11111111
11111111
11111111
NAME becky 164

TIL 7u
00000000
00000000
00000000
11111000
11111110
11111111
11111111
11111111
NAME becky 165

TIL 7v
00000000
00000000
00000000
00000000
00000000
10000000
11000000
11100000
NAME becky 166

TIL 7w
00111111
00111111
01111111
01111111
01111111
11111111
11111111
11111111
NAME becky 167

TIL 7x
00000000
00111110
11111111
11111111
11111111
11111111
11111111
11111111
NAME becky 168

TIL 7y
00000000
00000000
10000000
11000000
11100000
11110000
11110000
11111011
NAME becky 169

TIL 7z
00001111
00001111
00001111
00001111
00001111
00001111
00001111
00000111
NAME becky 170

TIL 8a
11111100
11111111
11111111
11111111
00000000
00000000
00000000
00000000
NAME becky 181

TIL 8b
00000000
00000000
00000000
00000000
00000000
00000000
00000000
00100000
NAME mara 1

TIL 8c
00000000
00000000
00000000
00000000
00000000
00000000
00000000
00001000
NAME mara 2

TIL 8d
00000000
00000000
00000000
00000000
00000000
00000000
00000001
00010001
NAME mara 3

TIL 8e
00000000
00000000
00000000
00000000
00000000
10000000
11000000
11000000
NAME mara 4

TIL 8f
00000000
00000000
00000000
00000000
00000000
00000000
00000001
00001111
NAME mara 5

TIL 8g
00000000
00000000
00000000
00000000
00000000
00000000
11110000
11110000
NAME mara 6

TIL 8h
00000000
00000000
00000001
00000011
00000110
00001100
00001000
00011001
NAME mara 7

TIL 8i
01100000
11110000
11110000
11100001
11100011
11100110
11001101
11001101
NAME mara 8

TIL 8j
00000000
00000000
11000000
11100000
11100000
11000000
11000000
11000000
NAME mara 9

TIL 8k
00000000
00000000
00000000
00000001
00000011
00000011
00000110
00001100
NAME mara 10

TIL 8l
00111000
01111000
11111000
10110000
11110000
01110000
01110000
01110000
NAME mara 11

TIL 8m
00111111
01111111
01110000
10000000
00000001
00000011
00000011
00000110
NAME mara 12

TIL 8n
11111111
11111111
11000001
11000000
10000001
00001110
01110000
11000000
NAME mara 13

TIL 8o
11000000
11000000
11000000
10000000
00000000
00000000
00000000
00000000
NAME mara 14

TIL 8p
00000000
00000000
00000001
00000011
00000111
00000110
00001100
00011000
NAME mara 15

TIL 8q
01110001
11110001
11110000
01100000
11100000
11100000
11100000
11100000
NAME mara 16

TIL 8r
11000000
10000001
10000011
00000110
00001000
00011000
00011111
00000111
NAME mara 17

TIL 8s
01111111
11111000
10000000
00000000
00000000
00000000
11111111
11111111
NAME mara 18

TIL 8t
11100000
01000000
00000000
00000000
00000000
00000000
10000000
11100000
NAME mara 19

TIL 8u
00000000
00000000
00000000
00000001
00000001
00000011
00000110
00001110
NAME mara 20

TIL 8v
00110001
01100001
11000001
10000011
10000011
00000011
00000000
00000000
NAME mara 21

TIL 8w
11011011
10110011
11100011
11100111
11000111
10000111
00000111
00000000
NAME mara 22

TIL 8x
10000000
10000001
10000011
00000000
01000000
11000001
10000011
00000011
NAME mara 23

TIL 8y
00011000
11111111
11111111
11000000
11000000
10000000
10000000
00000000
NAME mara 24

TIL 8z
01110000
11111000
11110000
01110000
01110000
00111000
00111000
00000000
NAME mara 25

TIL 9a
00000000
00000000
00000001
00000000
00000000
00000000
00000000
00000000
NAME mara 36

TIL 9b
11000000
11000000
11000000
00000000
00000000
00000000
00000000
00000000
NAME mara 37

TIL 9c
00000001
00000001
00000001
00000000
00000000
00000000
00000000
00000000
NAME mara 38

TIL 9d
11111111
11111110
11000000
00000000
00000000
00000000
00000000
00000000
NAME mara 39

TIL 9e
11000000
00000000
00000000
00000000
00000000
00000000
00000000
00000000
NAME mara 40

TIL 9f
11111111
11111111
11111111
11111111
11111111
11111111
11111111
11111111
NAME cloud
COL 2

TIL 9g
11111110
00000001
00000001
00000001
00000001
00000001
00000001
00000001
WAL false

TIL 9h
00111100
01111100
01111000
01110000
11100000
11000000
11000000
10000000
WAL true

TIL 9i
00011111
00000000
00000000
00000000
00000000
00000000
00000000
00000000

TIL 9j
11111100
00000000
00000000
00000000
00000000
00000000
00000000
00000000

TIL 9k
00000000
00000000
00000000
00000000
00000000
00000000
10000000
11100000
NAME trumk
COL 2

TIL 9l
00111100
01111100
01111100
01111110
11101110
11101111
11100111
11111111
NAME trumk
WAL true
COL 2

TIL 9m
00101000
00111000
00111000
01111100
01111100
11011100
10011111
11111111
NAME trumk
WAL true
COL 2

TIL 9n
01101100
10010010
00000001
00000101
00000101
00001001
10000010
01111100
NAME outline
COL 8

TIL 9o
00000000
00000000
00000001
00000001
00000001
00000001
00000000
00000000
NAME outline
COL 8

TIL 9p
00000000
00000000
00000000
00000000
00000000
00000000
00000001
00000111
NAME trumk

SPR A
00000000
00011000
00011000
00000000
00111100
00011000
00111100
01111110
POS 1q 4,1
COL 6

SPR a
00011000
00011000
00000000
00111100
01011010
00111100
01111110
11111111
>
00001100
00001100
00000000
00111100
01011010
00111100
01111110
11111111
NAME mom
DLG SPR_1
POS 2 2,5
COL 3

SPR b
00000000
00011000
00011000
00000000
00111100
00011000
00011000
00100100

SPR c
00000000
00000000
00011000
00011000
00000000
00111100
00000000
00000000
NAME db
COL 7

SPR f
00000000
00000000
00000000
00000000
00000000
00000000
00000000
00000000
NAME undressed
DLG SPR_0
POS c 6,9

SPR h
00000000
00000001
00000001
00000000
00000011
00000001
00000001
00000010
NAME porple
POS m 11,12
COL 4

SPR i
00000000
10000000
10000000
00000000
11000000
10000000
10000000
01000000
NAME porple
POS m 12,12
COL 4

SPR j
00111100
00111100
00011000
00111100
00011000
00000000
00000000
00000000
NAME tvsis
DLG SPR_6
POS r 6,13
COL 4

SPR k
00010101
00001010
00010101
00001010
00000000
00000000
00000000
00000000
>
00001010
00010101
00001010
00010101
00000000
00000000
00000000
00000000
NAME  SOLID
DLG SPR_7
POS r 5,9

SPR l
01010000
10101000
01010000
10101000
00000000
00000000
00000000
00000000
>
10101000
01010000
10101000
01010000
00000000
00000000
00000000
00000000
NAME  SOLID
DLG SPR_8
POS r 6,9

SPR m
00000000
00000000
00000000
00000000
00000000
00000000
01010000
10101000
>
00000000
00000000
00000000
00000000
00000000
00000000
10101000
01010000
POS r 6,8

SPR n
00000000
00000000
00000000
00000000
00000000
00000000
00010101
00001010
>
00000000
00000000
00000000
00000000
00000000
00000000
00001010
00010101
POS r 5,8

SPR o
00000000
00000000
00000000
00100000
00101100
00101100
00100000
00000000
NAME sleepsis
DLG SPR_2
POS 0 14,9
COL 4

SPR p
00000000
00000000
00000000
00100000
00101100
00101100
00100000
00000000
NAME sleepsis2
DLG SPR_5
POS g 14,9
COL 4

SPR q
00000000
00000000
00000000
00000000
00000000
00000000
00000000
00000000
NAME sleep
DLG SPR_3
POS 0 13,9

SPR r
00000000
00000000
00000000
00000000
00000000
00000000
00000000
00000000
NAME sleep2
DLG SPR_4
POS g 13,9

SPR s
00000000
01101100
11111110
10110110
11111110
11001110
01111100
00000000
NAME apple
DLG SPR_9
POS 10 9,7
COL 5

SPR t
00000000
00110110
01111111
01101101
01111111
01110011
00111110
00000000
NAME apple
DLG SPR_a
POS 11 4,7
COL 5

SPR u
00000000
01110110
11111111
10110111
10010011
11111111
11001111
01111110
NAME apple
DLG SPR_e
POS 11 10,12
COL 5

SPR v
00000000
01101100
11011010
11011010
11111110
11100110
01111100
00000000
NAME apple
DLG SPR_f
POS 10 1,9
COL 5

SPR w
00000000
00000000
00000000
00111100
00011000
00111100
01111110
00000000
NAME dresss
DLG SPR_b
POS 14 13,6
COL 6

SPR x
00011000
00011000
00000000
00111100
01011010
00111100
01111110
11111111
>
00001100
00001100
00000000
00111100
01011010
00111100
01111110
11111111
NAME mom
DLG SPR_c
POS 1x 2,5
COL 3

SPR y
00011000
00011000
00000000
00111100
01011010
00111100
01111110
11111111
>
00001100
00001100
00000000
00111100
01011010
00111100
01111110
11111111
NAME mom
DLG SPR_d
POS 1y 2,5
COL 3

SPR z
00000000
00000000
00011000
00011000
00000000
00111100
00000000
00000000

ITM 0
00011000
00011000
00000000
00111100
01011010
00111100
01111110
11111111
NAME mom SOLID
DLG ITM_8
COL 3

ITM 1
00000000
00011000
00011000
00000000
00111100
00011000
00011000
00100100
NAME becky
COL 7

ITM 2
00000000
00000000
00000000
00111100
00011000
00111100
01111110
00000000
NAME db
COL 7

ITM 3
00000000
00000000
00000000
00000000
00000000
00000000
00000000
00000000
NAME getdress
DLG ITM_1

ITM 4
00000000
00000000
00000000
00000000
00000000
00000000
00000000
00000000
NAME checkbed SOLID
DLG ITM_0

ITM 5
00000000
00000000
00000000
00000000
00000000
00000000
00000000
00000000
NAME notout SOLID
DLG ITM_6

ITM 6
00000000
00000000
00000000
00000000
00000000
00000000
00000000
00000000
NAME notleave SOLID

ITM 7
00011000
00011000
00000000
00111100
01011010
00111100
01111110
11111111
>
00001100
00001100
00000000
00111100
01011010
00111100
01111110
11111111
NAME mom SOLID
COL 3

ITM 8
00000000
00011000
00011000
00000000
00111100
00011000
00011000
00100100
NAME mara
COL 4

ITM 10
00000000
00000000
00000000
00000000
00000000
00000000
00000000
00000000
NAME bigapple
DLG ITM_f

ITM 11
00000000
00000000
00000000
00000000
00000000
11000000
11000000
11000000
NAME bapp
COL 5

ITM 12
11111100
11111100
11111100
11111100
11111100
11111100
11111100
10111100
NAME bapp
COL 5

ITM 13
00011100
00011100
00011100
00011100
00111100
00111100
01111100
11111100
NAME bapp
COL 5

ITM 14
11111100
11000000
11000000
11000000
11000000
00000000
00000000
00000000
NAME bapp
COL 5

ITM 16
00000000
00000000
00000000
00000000
00000000
11111100
11111100
11111100
NAME bapp
COL 5

ITM 17
00000000
00000000
00000000
00000000
00000000
00000011
00000011
00000011
NAME bapp
COL 5

ITM 18
00000000
00000000
00000000
00000000
00000000
00111111
00111111
00111111
NAME bapp
COL 5

ITM 19
00111111
00000011
00000011
00000011
00000011
00000000
00000000
00000000

ITM 20
00000000
00000000
00000000
00000000
01111111
11111111
11111111
11111111

ITM 21
00000000
00000000
00000000
00000001
00000001
00000011
00000011
00000011

ITM 22
00000111
00000111
00000111
00000111
00000111
00000111
00000111
00000011

ITM 23
00000000
00000000
10000000
11000000
11000011
11101111
11101111
11101111

ITM 24
11110111
11110111
11110111
11110111
11111111
11111111
11111111
11111111

ITM 25
00000011
00000011
00000001
00000001
00000000
00000000
00000000
00000000

ITM 26
11111111
11111111
11111111
11111111
11111111
01111111
01111111
00011111

ITM 27
00001111
00000011
00000000
00000000
00000000
00000000
00000000
00000000

ITM 28
00000000
00000000
00000000
00000000
11111000
11111110
11111111
11111111

ITM 29
00000000
00000000
00000000
00000000
00000000
00000000
10000000
11000000

ITM 30
11000000
11000000
11100111
11101111
11101111
11111111
11111111
11111111

ITM 31
00000000
00000000
00000000
00000000
00000000
00000000
00000000
00000000
NAME noback SOLID
DLG ITM_h

ITM 32
00000000
00000000
00000000
00000000
00000000
00000000
00000000
00000000
NAME mara SOLID
DLG ITM_i
COL 4

ITM 33
00000000
00000000
00000000
00000000
00000000
00000000
00000000
00000000
NAME wakeup SOLID
DLG ITM_j

ITM 34
00000000
00000000
00000000
00000000
00000000
00000000
00000000
00000000
NAME wakeup2 SOLID
DLG ITM_k

ITM 35
00000000
00000000
00000000
00000000
00000000
00000000
00000000
00000000
NAME tv SOLID
DLG ITM_l

ITM 36
11000000
11000000
11000000
11000000
11000000
11000000
11000000
10000000
NAME lp

ITM 37
11000000
10000000
10000000
10000000
00000000
00000000
00000000
00000000
NAME lp

ITM 38
00111100
01111100
01111000
01110000
11100000
11000000
11000000
10000000
NAME tronk
COL 1

ITM 39
10000000
00000000
00000000
00000000
00000000
00000000
00000000
00000000

ITM a
00000000
00000000
00000000
00000000
00000000
00000000
00000000
00000000
NAME madsis SOLID
DLG ITM_b

ITM b
00000000
00000000
00000000
00000000
00000000
00000000
00000000
00000000
NAME talkto SOLID
DLG ITM_2

ITM c
00011000
00011000
00000000
00111100
01011010
00111100
01111110
11111111
>
00001100
00001100
00000000
00111100
01011010
00111100
01111110
11111111
NAME mom SOLID
DLG ITM_c
COL 3

ITM d
00011000
00011000
00000000
00111100
01011010
00111100
01111110
11111111
NAME mom SOLID
DLG ITM_d
COL 3

ITM h
00000000
00000000
00000000
00000000
00000000
00000000
00000000
00000000
NAME wakeup SOLID
DLG ITM_7

ITM k
10000000
10000000
10000000
10000000
10000000
10000000
10000000
10000000
NAME wall

ITM l
00101000
00101000
00001000
00001000
00000000
00000000
00000000
00000000
NAME trunk
COL 1

ITM m
00111100
00111100
00111000
00110000
00100000
00000000
00000000
00000000
NAME trunk
COL 1

ITM n
00000000
00000000
00000000
00000000
00000000
00000000
00000000
00000000
NAME lg
COL 4

ITM o
11111111
11111111
11111111
11111111
11111111
11111111
01111111
00000000
NAME lg
COL 4

ITM p
11111111
11111111
11111111
11111111
11111111
11111110
11111000
00000000
NAME lg
COL 4

ITM q
11110000
11100000
11100000
11000000
10000000
00000000
00000000
00000000
NAME lg
COL 4

ITM r
11100000
11110000
11110000
11110000
11110000
11110000
11110000
11110000
NAME lg
COL 4

ITM s
00000000
00000000
00000000
00000000
10000000
11000000
11000000
11100000
NAME lg
COL 4

ITM t
00111111
00111111
00011111
00001111
00000111
00000001
00000000
00000000
NAME lg
COL 4

ITM u
00111111
00111111
01111111
01111111
01111111
01111111
01111111
01111111
NAME lg
COL 4

ITM v
00000000
00000000
00000000
00000011
00000111
00001111
00011111
00011111
NAME lg
COL 4

ITM w
00000000
00011111
11111111
11111111
11111111
11111111
11111111
11111111
NAME lg
COL 4

ITM x
00000000
11110000
11111100
11111111
11111111
11111111
11111111
11111111
NAME lg
COL 4

ITM y
00111100
00111100
00011100
00001100
00000100
00000000
00000000
00000000
NAME trunk
COL 1

ITM z
00000000
01101100
11111110
11111110
10010010
11111110
01111100
00000000
NAME apple
DLG ITM_e
COL 5

ITM 1a
00001111
11111111
11111111
11111111
11111111
00000000
00000000
00000000

ITM 1b
11110000
11111111
11111111
11111111
11111111
00000000
00000000
00000000

ITM 1c
00000000
00000000
00000000
00100000
00101100
00101100
00100000
00000000
NAME marasl
COL 4

ITM 1d
00000000
00011000
00011000
00000000
00111100
00011000
00111100
01111110
NAME porple
COL 4

ITM 1e
00010111
00010111
00010111
00010111
00010111
00010111
00010111
00010111
NAME lp

ITM 1f
11000000
11000000
11000000
11000000
11000000
11000000
11000000
11000000

ITM 1g
11000000
10000000
10000000
10000000
00010000
00010000
00011000
00000000

ITM 1h
00010111
00000111
00000111
00000011
00000011
00100011
01100000
00000000

ITM 1i
00101000
00101000
00101000
00101000
00101000
00101000
00101000
00101000

ITM 1j
00111100
00111100
00111100
00111100
00111100
00111100
00111100
00111100

ITM 1k
00000000
01101100
11111110
11111010
11111010
11110110
01111100
00000000
NAME gapple
COL 7

ITM 1l
11110011
11110111
11110111
11111111
11111111
11111111
11111111
11111111

ITM 1m
11111111
11111111
11111111
00000000
00000000
00000000
00000000
00000000

ITM 1n
00000000
00000000
00000000
10000000
11000000
11100000
11100000
11110000

ITM 1o
00000000
00000000
00111110
11111111
11111111
01111111
01111111
01111111

ITM 1p
01111111
01111111
11111111
11111111
11111111
11111111
11111111
11111111

ITM 1q
11111100
11111100
11111110
11111110
11111110
11111111
11111111
11111111

ITM 1r
11110000
11111100
11111111
00000000
00000000
00000000
00000000
00000000

ITM 1s
11111111
11111111
00111111
00000000
00000000
00000000
00000000
00000000

ITM 1t
11111111
11111111
01111111
00000000
00000000
00000000
00000000
00000000

ITM 1u
00000000
00000000
00000000
00000000
00000000
11000000
11110000
11111000

ITM 1v
00000000
00000000
00000000
00000000
00111110
11111111
11111111
11111111

ITM 1w
00000000
00000000
00000000
00000000
00000000
00000001
00000111
00001111

ITM 1x
00000000
00000000
00000000
00000000
00000000
00000011
00001111
00011111

ITM 1y
00000000
00000000
00000000
00000000
00000000
11100000
11111000
11111100

ITM 1z
00000000
00000000
00000000
00000000
00000000
00000111
00011111
00111111

ITM 2a
11100000
11100000
11110000
11110000
11111000
11111011
11111011
11111011

ITM 2b
10000000
10000000
11011110
11011111
11011111
11111111
11111111
11111111

ITM 2c
00000000
00000000
00000000
10000000
10000000
11000000
11000000
11100000

ITM 2d
01111111
01111111
00111111
00111111
00111111
00011111
00011111
00001111

ITM 2e
00000111
00000001
00000000
00000000
00000000
00000000
00000000
00000000

ITM 2f
00011111
00011111
00111111
00111111
00111111
01111111
01111111
01111111

ITM 2g
00111111
01111111
01111111
01111111
01111111
01111111
00111111
00111111

ITM 2h
00011111
00000111
00000000
00000000
00000000
00000000
00000000
00000000

ITM 2i
11111111
11111111
00000000
00000000
00000000
00000000
00000000
00000000

ITM 2j
11111100
11111110
00000000
00000000
00000000
00000000
00000000
00000000

ITM 2k
00000000
00000000
00000000
00000000
11000000
11100000
11100000
11101100

ITM 2l
11100000
11111000
11111000
11111100
11111101
11111111
11111111
11111111

ITM 2m
11111001
11111101
11111101
11111101
11111111
11111111
11111111
11111111

ITM 2n
11111111
11111111
11111111
11111111
01111111
00111111
00011111
00000011

ITM 2o
00000001
00000001
00000000
00000000
00000000
00000000
00000000
00000000

ITM 2p
00000000
00000000
00000000
00000000
00000000
00000001
00000001
00000001

ITM 2q
00011111
00111111
01111111
11111111
11111111
11111111
11111111
11111111

ITM 2r
00000000
00000000
00000000
00000000
00000000
00000000
00000000
00000111

ITM 2s
00000000
00000000
00000000
00000000
00000000
00000000
00000000
11000000

ITM 2t
11110000
11111000
11111100
11111110
11111110
11111111
11111111
11111111

ITM 2u
00000000
00000000
00000000
00111100
11111111
01111111
01111111
01111111

ITM 2v
01111111
11111111
11111111
11111111
11111111
11111111
11111111
11111111

ITM 2w
11111111
11111111
11111111
11111111
11111111
00000000
00000000
00000000

ITM 2x
10000000
11000000
11100000
11111000
11111100
00000000
00000000
00000000

ITM 2y
00000000
00000000
00000000
00000000
00000000
00000000
00000000
10000000

ITM 2z
00000000
00000000
10000000
11100000
11100000
11110000
11110111
11110111

ITM 3a
11000000
01000000
00000000
00000000
00000000
00000000
00000000
00000000

ITM 3b
00000011
00000000
00000000
00000000
00000000
00000000
00000000
00000000

ITM 3c
00000000
00000000
00000000
00000000
00000000
00000000
00000000
00000000
NAME locked SOLID
DLG ITM_3

ITM 3d
00000000
00000000
00000000
00000000
00000000
00000000
00000000
00000000
NAME crunch

ITM 3e
00111100
00111100
00111100
00111100
00111100
00111100
00111100
00111100

ITM 3f
00010111
00010111
00010111
00010111
00010111
00010111
00010111
00010111
NAME pwink
COL 6

ITM 3g
00010111
00000111
00000111
00000011
00000011
00100011
01100000
00000000
NAME pwink
COL 6

ITM 3h
11000000
11000000
11000000
11000000
11000000
11000000
11000000
11000000
NAME pwink
COL 6

ITM 3i
11000000
10000000
10000000
10000000
00010000
00010000
00011000
00000000
NAME pwink
COL 6

ITM 3j
00000000
00000000
00011000
00011000
00000000
00111100
00000000
00000000
NAME db
COL 7

DLG ITM_0
{becky}I can't go back to bed now, mom is waiting...{becky}

DLG SPR_0
{becky}I can't go out yet, I'm not dressed...{becky}

DLG ITM_1
{becky}I'll wear a dress today...{becky}

DLG ITM_2
{mom}Don't leave, I'm trying to talk to you!{mom}

DLG SPR_1
"""
{mom}Finally up, huh? Do you know what time it is?{mom}
{becky}sorry...{becky}

{mom}Go wake up your sister!{mom}(exit "3b,3,5")
"""

DLG ITM_6
{becky}I can't go outside, mom wants me...{becky}

DLG ITM_7
{becky}I should hurry and wake up Mara...{becky}

DLG ITM_8
{mom}Well? Go wake her up!{mom}

DLG SPR_2
"""
{becky}hey Mara, wake up{becky}

{mara}mmmghghh...{mara}

{mara}ok, just get out{mara} (exit "5b,14,10")
"""

DLG SPR_4
{mara}I'll get up, ok? Just leave!{mara}

DLG SPR_5
{mara}I'll get up, ok? Just leave!{mara}

DLG ITM_b
{mara}Don't come in here, I'm getting dressed!{mara}

DLG ITM_c
"""
{mom}You wake her up yet?{mom}

{becky}yes mom...{becky}

{mom}Ok, now go get some apples from the orchard.
Five should be enough.{mom} (exit "getapples,3,5")
"""

DLG ITM_d
"""
{
  - {item "apple"} < 5 ?
    {mom}Well? Go get five apples!{mom}
  - else ?
    {becky}I brought the apples, mom...{becky}
    
    {mom}This one is smushed! Go find one more!{mom}
}
"""

DLG SPR_6
{mara}get away, you're in front of the tv!{mara}

DLG SPR_7
the tv is on. looks like static

DLG SPR_8
the tv is on. looks like static

DLG SPR_9
"""
{shuffle
  - No, don't pick me! N-not yet!

  - Please no, I have so much left to live for!
  - Oh no! I don't want to die!

  - Please, I have children! They'll miss me so much!
  - Let me live! I'm begging you!

  - Stay back! I'll defend myself!

}
{becky}hm, can't pick this one...{becky}
"""

DLG SPR_a
"""
{shuffle
  - No, don't pick me! N-not yet!

  - Please no, I have so much left to live for!
  - Oh no! I don't want to die!

  - Please, I have children! They'll miss me so much!
  - Let me live! I'm begging you!

  - Stay back! I'll defend myself!

}
hm, can't pick this one...
"""

DLG ITM_e
"""
{sequence
  - {becky}great, I found an apple{becky}
  - {becky}I'll pick this, it isn't moving.{becky}
  - {becky}it looks a bit smushed, maybe it's dead.{becky}
    I guess it still works.
  - {becky}this one is shivering, but it stays silent. {becky}
  - {becky}ok, that's five apples. time to go back.{becky}
}
"""

DLG ITM_f
yeeeeeeeessss...  come take a bite of this apple... (exit "becky2,4,1")

DLG SPR_b
{becky}oh, I guess I'm already wearing my dress?{becky}

DLG ITM_h
"""
no...
I won't go back there
"""

DLG ITM_i
"""
...sis?

...mom?(exit "mara,4,1")
"""

DLG ITM_j
BECKY! WAKE UP!!! (exit "sleep,7,9")

DLG ITM_k
BECKY! WAKE UP!!! (exit "sleep2,7,9")

DLG ITM_l
the tv's turned off...

DLG SPR_3
"""
{becky}hey Mara, wake up{becky}

{mara}mmmghghh...{mara}

{mara}ok, just get out{mara} (exit "5b,12,9")
"""

DLG SPR_c
"""
{mom}Finally up, huh? Do you know what time it is?{mom}
{becky}sorry...{becky}

{mom}Go wake up your sister!{mom}(exit "3b,2,4")
"""

DLG SPR_d
"""
{mom}Finally up, huh? Do you know what time it is?{mom}
{becky}sorry...{becky}

{mom}Go wake up your sister!{mom}(exit "3b,2,6")
"""

DLG SPR_e
"""
{shuffle
  - No, don't pick me! N-not yet!

  - Please no, I have so much left to live for!
  - Oh no! I don't want to die!

  - Please, I have children! They'll miss me so much!
  - Let me live! I'm begging you!

  - Stay back! I'll defend myself!

}
hm, can't pick this one...
"""

DLG SPR_f
"""
{shuffle
  - No, don't pick me! N-not yet!

  - Please no, I have so much left to live for!
  - Oh no! I don't want to die!

  - Please, I have children! They'll miss me so much!
  - Let me live! I'm begging you!

  - Stay back! I'll defend myself!

}
hm, can't pick this one...
"""

DLG ITM_3
it's locked...

END 0


END undefined
ah, the golden apple.{br}of course...

VAR dest
3b,3,5


