
the belfry eviction

# BITSY VERSION 4.6

! ROOM_FORMAT 1

PAL 0
15,7,14
245,78,121
222,222,222

ROOM 0
0,0,0,0,0,0,0,0,0,0,0,0,0,0,0,0
0,1e,a,a,a,a,a,a,a,a,a,a,a,a,1e,0
0,1d,0,0,0,1a,1a,1a,1c,1c,1c,0,0,0,1d,0
0,1d,0,0,0,14,15,16,17,19,18,0,0,0,1d,0
0,1d,0,0,0,12,11,v,x,10,13,0,0,0,1d,0
0,1d,0,0,0,y,t,s,u,w,z,0,0,0,1d,0
0,1d,0,0,0,y,c,b,m,l,z,0,0,0,1d,0
0,1d,0,0,0,p,d,0,n,k,o,0,0,0,1d,0
0,1d,0,0,0,q,e,0,0,j,r,0,0,0,1d,0
0,1d,0,0,v,p,f,g,h,i,o,x,0,0,1d,0
0,1d,0,0,s,u,s,u,s,u,s,u,0,0,1d,0
0,1d,0,0,1c,1a,1c,1a,1c,1a,1c,1a,0,0,1d,0
0,1d,0,0,14,14,15,16,17,19,18,18,0,0,1d,0
0,1d,0,0,o,12,11,r,q,10,13,p,0,0,1d,0
0,1e,a,a,a,a,a,a,a,a,a,a,a,a,1e,0
0,0,0,0,0,0,0,0,0,0,0,0,0,0,0,0
NAME belfry
ITM 3 4,5
ITM 3 2,4
ITM 3 4,4
ITM 4 3,4
ITM 4 3,6
ITM 4 4,3
ITM 4 2,2
ITM 4 4,7
ITM 3 3,2
ITM 3 2,6
ITM 7 3,5
ITM 7 2,3
ITM 7 4,2
ITM 8 3,3
ITM 8 4,6
ITM 1 12,3
ITM 2 12,4
ITM 2 11,2
ITM 2 13,2
ITM 2 11,6
ITM 2 13,5
ITM 6 13,4
ITM 1 12,6
ITM 5 11,7
ITM 6 11,5
ITM 5 11,3
ITM 5 12,2
PAL 0

TIL 10
01101110
11111111
11011011
11011011
11011011
11011000
11000011
00011011

TIL 11
01101110
11111111
11011011
11011011
11011011
00011011
11000011
11011000

TIL 12
00011100
00111110
00110110
00110110
00110110
00000110
00110000
00110110

TIL 13
00111000
01111100
01101100
01101100
01101100
01100000
00001100
01101100

TIL 14
11101010
11101010
11101010
11100000
00011111
11111111
01010101
01000001

TIL 15
10101011
10101011
10101011
00000011
11111100
11111111
01010101
00000000

TIL 16
10101011
10101011
10101011
10000001
01111110
11111111
01010000
01010000

TIL 17
11010101
11010101
11010101
10000001
01111110
11111111
00001010
00001010

TIL 18
01010111
01010111
01010111
00000111
11111000
11111111
10101010
00000010

TIL 19
11010101
11010101
11010101
11000000
00111111
11111111
10101010
00000000

TIL a
00000000
01111110
01000010
11100111
11100111
01000010
01111110
00000000
>
00000000
11100111
00100100
01111110
01111110
00100100
11100111
00000000
WAL true

TIL b
00001111
01110000
10000111
00111000
11000001
00010001
00111001
00010000

TIL c
00001111
10011100
10110001
00100010
01100100
01001001
01010010
00100100

TIL d
00101000
01001001
01010011
01010001
10010000
10100000
10100000
10101110

TIL e
10101110
10100000
10100000
10010000
01010001
01010011
01001001
00101000

TIL f
10100100
10010010
10001001
10100100
10010010
10101001
10000000
11111111

TIL g
00010000
00111001
00010001
11000001
00111000
10000111
01110000
00001111

TIL h
00001000
10011100
10001000
10000011
00011100
11100001
00001110
11110000

TIL i
00100101
01001001
10010001
00100101
01001001
10010101
00000001
11111111

TIL j
01110101
00000101
00000101
00001001
00001010
10001010
11010010
10010100

TIL k
00010100
10010010
11001010
10001010
00001001
00000101
00000101
01110101

TIL l
11110000
00111001
10001101
01000100
00100110
10010010
01001010
00100100

TIL m
11110000
00001110
11100001
00011100
10000011
10001000
10011100
10001000

TIL n
10000000
10000000
10000001
10000000
11000000
11000000
11000000
11000000

TIL o
11110111
11110111
01010111
01010111
01010111
01010111
01010000
01010111
NAME ballus r

TIL p
11101111
11101111
11101010
11101010
11101010
11101010
00001010
11101010
NAME ballus l

TIL q
11100000
01001110
01000000
11101110
01001100
11101001
00000010
11101000

TIL r
00000111
01110010
00000010
01110111
00110010
10010111
01000000
00010111

TIL s
01101101
01001101
01011001
00011011
00110110
01101101
11011011
10110000

TIL t
11011011
11011011
11011011
11011011
11011011
11011010
00011000
11000011

TIL u
10110110
10110010
10011010
11011000
01101100
10110110
11011011
00001101

TIL v
00000000
00000000
00000000
00000000
00000000
00001111
00001010
00000100

TIL w
11011011
11011011
11011011
11011011
11011011
01011011
00011000
11000011

TIL x
00000000
00000000
00000000
00000000
00000000
11110000
01010000
00100000

TIL y
00110110
10110110
00110110
10110110
00000110
10110000
10000110
10110000

TIL z
01101100
01101101
01101100
01101101
01100000
00001101
01100001
00001101

TIL 1a
00011010
00011010
00011010
00011010
00011010
00111111
00000000
11111111

TIL 1b
00000000
00000000
00000000
00000000
00000000
00000000
00000000
11111111

TIL 1c
01011000
01011000
01011000
01011000
01011000
11111100
00000000
11111111

TIL 1d
00011000
01111110
01011010
01000010
01000010
01011010
01111110
00011000
>
01000010
01011010
01111110
00011000
00011000
01111110
01011010
01000010
WAL true

TIL 1e
00000000
00110000
01111110
01111110
00111100
00111000
00110100
00000000
>
00000000
00001100
01111110
01111110
00111100
00011100
00101100
00000000
WAL true

SPR A
00000000
00000000
00000000
00000000
00000000
00000000
00000000
00000000
POS 0 15,15

SPR a
00000000
00000000
00000000
00000000
00000000
00000000
00000000
00000000
DLG SPR_0
POS 0 0,15

ITM 0
00000000
00000000
00000000
00111100
01100100
00100100
00011000
00000000
NAME tea
DLG ITM_0

ITM 1
00000000
00000000
00000000
10000000
01000000
01100000
00110000
00001000
>
00000000
00001000
00001000
00001100
00000111
00000000
00000000
00000000

ITM 2
00000000
00000000
00000000
10000000
10000000
11000000
01110000
00000000
>
00000000
00010000
00001000
00001100
00000110
00000001
00000000
00000000

ITM 3
00000000
00000000
00000000
00000000
00000010
00000010
00000110
00011100
>
00001000
00010000
00110000
01100000
10000000
00000000
00000000
00000000

ITM 4
00000000
00001000
00010000
00110000
01100000
10000000
00000000
00000000
>
00000000
00000000
00000000
00000010
00000010
00000110
00011100
00000000

ITM 5
00000000
10000000
11001000
01101000
00001110
00000000
00000000
00000000
>
00100000
00100000
00111000
00000000
00000000
00100000
00110000
00011000

ITM 6
00000000
10000000
11000100
01100100
00000111
00000000
00000000
00000000
>
00000000
00000000
00001000
00001100
10000110
10000000
11100000
00000000

ITM 7
00000000
00010000
00110000
01100000
00000100
00000100
00011100
00000000
>
00000000
00100000
00100010
11100110
00001100
00000000
00000000
00000000

ITM 8
00000010
00000010
00001110
00000000
00010000
00110000
01100000
00000000
>
00000000
00100000
01100000
11000000
00000100
00000100
00011100
00000000

DLG SPR_0
I'm a cat

DLG ITM_0
You found a nice warm cup of tea

VAR a
42


