
Sparce

# BITSY VERSION 4.6

! ROOM_FORMAT 1

PAL 0
0,0,0
104,111,134
255,255,255

PAL 1
0,0,0
164,205,255
255,255,255

PAL 2
0,0,0
252,255,191
255,255,255

PAL 3
0,0,0
255,202,92
255,255,255

PAL 4
0,0,0
248,69,255
255,255,255

PAL 5
0,0,0
255,24,40
255,255,255

PAL 6
0,0,0
104,111,134
104,111,134

ROOM 1
0,0,0,0,0,0,0,0,0,0,0,0,0,0,0,0
0,0,0,1i,1h,0,0,0,0,0,0,0,0,0,0,0
0,0,0,1f,1g,0,0,0,0,0,0,0,0,0,0,0
0,0,0,0,0,0,0,0,0,0,0,0,0,0,0,0
0,0,0,0,0,0,0,0,0,0,0,0,0,0,0,0
0,0,0,0,0,0,0,0,0,0,0,0,0,0,0,0
0,0,0,0,0,0,0,0,0,0,0,0,0,0,0,0
a,a,a,a,a,a,a,a,a,a,a,a,a,a,a,a
0,0,0,0,0,r,0,0,0,0,0,d,0,0,0,0
0,0,d,0,0,0,0,0,0,0,0,0,0,0,0,0
1l,1l,1l,1l,1l,1l,1l,1l,1l,1l,1l,1l,1l,1l,1l,1l
m,m,m,m,m,m,m,m,m,m,m,m,m,m,m,m
c,c,c,c,c,c,c,c,c,c,c,c,c,c,c,c
0,0,0,0,0,0,0,0,0,0,0,0,0,0,0,0
0,0,0,0,0,0,0,0,0,0,0,0,0,0,0,0
0,0,0,0,0,0,0,0,0,0,0,0,0,0,0,0
EXT 15,11 9 0,11
PAL 1

ROOM 2
0,0,0,0,0,0,0,0,0,0,0,0,0,0,0,0
0,0,0,0,0,0,0,0,0,0,0,0,0,0,0,0
0,0,0,0,0,0,0,0,0,0,0,0,0,0,0,0
0,0,0,0,0,0,0,0,0,0,0,0,0,0,0,0
0,0,0,1i,1h,0,0,0,0,0,0,0,0,0,0,0
v,t,0,1f,1g,0,0,0,0,0,0,0,0,0,0,0
0,s,0,0,0,0,0,0,0,0,0,0,0,0,0,0
a,s,a,a,a,a,a,a,a,a,a,a,a,a,q,a
0,s,0,0,0,0,0,0,0,0,0,d,0,0,0,0
0,0,0,0,0,d,0,0,0,0,0,0,0,0,0,0
1l,1l,1l,1l,1l,1l,1l,1l,1l,1l,1l,1l,1l,1l,1l,1l
m,m,m,m,m,m,m,m,m,m,m,m,m,m,m,m
c,c,c,c,c,c,c,c,c,c,c,c,c,c,c,c
0,0,0,0,0,0,0,0,0,0,0,0,0,0,0,0
0,0,0,0,0,0,0,0,0,0,0,0,0,0,0,0
0,0,0,0,0,0,0,0,0,0,0,0,0,0,0,0
ITM 0 10,11
EXT 15,11 3 0,11
PAL 1

ROOM 3
0,0,0,0,0,0,0,0,0,0,0,0,0,0,0,0
0,0,0,0,0,0,0,0,0,0,0,0,0,0,0,0
0,0,0,0,0,0,0,0,0,0,0,0,0,0,0,0
0,0,0,0,0,0,0,0,0,0,0,0,0,0,0,0
0,0,0,0,0,0,0,0,0,0,0,0,0,0,0,0
0,0,0,0,0,0,0,0,0,0,0,0,0,0,0,0
0,0,0,1i,1h,0,0,0,0,0,0,0,0,0,0,0
a,a,a,1j,1k,a,a,a,a,a,a,a,a,a,a,a
0,d,0,0,0,0,0,0,0,0,0,0,0,0,0,0
0,0,0,0,0,0,0,0,0,0,0,0,d,0,0,0
1l,1l,1l,1l,1l,1l,1l,1l,1l,1l,1l,1l,1l,1l,1l,1l
m,m,m,m,m,m,m,m,m,m,m,m,m,m,m,m
c,c,c,c,c,c,c,c,c,c,c,c,c,c,c,c
0,0,0,0,0,0,0,0,0,0,0,0,0,0,0,0
0,0,0,0,0,0,0,0,0,0,0,0,0,0,0,0
0,0,0,0,0,0,0,0,0,0,0,0,0,0,0,0
ITM 1 5,11
EXT 15,11 4 0,11
PAL 2

ROOM 4
0,0,0,0,0,0,0,0,0,0,0,0,0,0,0,0
0,0,0,0,0,0,0,0,0,0,0,0,0,0,0,0
0,0,0,0,0,0,0,0,0,0,0,0,0,0,0,0
0,0,0,0,0,0,0,0,0,0,0,0,0,0,0,0
0,0,0,0,0,0,0,0,0,0,0,0,0,0,0,0
0,0,0,0,0,0,0,0,0,0,0,0,0,0,0,0
0,0,0,0,0,0,0,0,0,0,0,0,0,0,0,0
a,a,a,e,f,a,a,a,a,a,a,a,a,a,a,a
0,0,0,0,0,0,0,0,0,0,0,0,0,0,d,0
0,0,0,0,0,0,0,0,0,0,d,0,0,0,0,0
1l,1l,1l,1l,1l,1l,1l,1l,1l,1l,1l,1l,1l,1l,1l,1l
m,m,m,m,m,m,m,m,m,m,m,m,m,m,m,m
c,c,c,c,c,c,c,c,c,c,c,c,c,c,c,c
0,0,0,0,0,0,0,0,0,0,0,0,0,0,0,0
0,0,0,0,0,0,0,0,0,0,0,0,0,0,0,0
0,0,0,0,0,0,0,0,0,0,0,0,0,0,0,0
ITM 2 8,11
ITM 4 2,11
EXT 15,11 5 0,11
PAL 3

ROOM 5
0,0,0,0,0,0,0,0,0,0,0,0,0,0,0,0
0,0,0,0,0,0,0,0,0,0,0,0,0,0,0,0
0,0,0,0,0,0,0,0,0,0,0,0,0,0,0,0
0,0,0,0,0,0,0,0,0,0,0,0,0,0,0,0
0,0,0,0,0,0,0,0,0,0,0,0,0,0,0,0
0,0,0,0,0,0,0,0,0,0,0,0,0,0,0,0
0,0,0,0,0,0,0,0,0,0,0,0,0,0,0,0
a,a,a,14,15,a,a,a,a,a,a,a,a,a,a,a
0,0,d,d,0,0,0,0,d,0,0,0,0,0,0,0
0,d,0,0,0,d,0,0,0,0,0,0,d,0,0,0
1l,1l,1l,1l,1l,1l,1l,1l,1l,1l,1l,1l,1l,1l,1l,1l
m,m,m,m,m,m,m,m,m,m,m,m,m,m,m,m
c,c,c,c,c,c,c,c,c,c,c,c,c,c,c,c
0,0,0,0,0,0,0,0,0,0,0,0,0,0,0,0
0,0,0,0,0,0,0,0,0,0,0,0,0,0,0,0
0,0,0,0,0,0,0,0,0,0,0,0,0,0,0,0
EXT 15,11 6 0,11
PAL 5

ROOM 6
0,0,0,0,0,0,0,0,0,0,0,0,0,0,0,0
0,0,0,0,0,0,0,0,0,0,0,0,0,0,0,0
0,0,0,0,0,0,0,0,0,0,0,0,0,0,0,0
0,0,0,0,0,0,0,0,0,0,0,0,0,0,0,0
0,0,0,0,0,0,0,0,0,0,0,0,0,0,0,0
0,0,0,0,0,0,0,0,0,0,0,0,0,0,0,0
0,0,0,0,0,0,0,0,0,0,0,0,0,0,0,0
a,a,a,17,16,a,a,a,a,a,a,a,a,a,a,a
0,0,0,0,0,0,0,0,0,0,0,0,0,0,d,0
0,d,0,0,0,0,0,0,0,d,0,0,0,0,0,0
1l,1l,1l,1l,1l,1l,1l,1l,1l,1l,1l,1l,1l,1l,1l,1l
m,m,m,m,m,m,m,m,m,m,m,m,m,m,m,m
c,c,c,c,c,c,c,c,c,c,c,c,c,c,c,c
0,0,0,0,0,0,0,0,0,0,0,0,0,0,0,0
0,0,0,0,0,0,0,0,0,0,0,0,0,0,0,0
0,0,0,0,0,0,0,0,0,0,0,0,0,0,0,0
EXT 15,11 c 0,11
PAL 4

ROOM 7
0,0,0,0,0,0,0,0,0,0,0,0,0,0,0,0
0,0,0,0,0,0,0,0,0,0,0,0,0,0,0,0
0,0,0,0,0,0,0,0,0,0,0,0,0,0,0,0
0,0,0,0,0,0,0,0,0,0,0,0,0,0,0,0
0,0,0,0,0,0,0,0,0,0,0,0,0,0,0,0
0,0,0,0,0,0,0,0,0,0,0,0,0,0,0,0
0,0,0,0,0,0,0,11,10,12,0,0,0,0,0,0
a,a,a,a,a,a,z,x,13,y,a,a,a,a,a,a
0,0,0,0,0,0,0,0,0,0,0,0,0,0,0,0
0,0,0,0,0,0,0,0,0,0,0,0,0,0,0,0
1l,1l,1l,1l,1l,1l,1l,1l,1l,1l,1l,1l,1l,1l,1l,1l
m,m,m,m,m,m,m,m,m,m,m,m,m,m,m,m
c,c,c,c,c,c,c,c,c,c,c,c,c,c,c,c
0,0,0,0,0,0,0,0,0,0,0,0,0,0,0,0
0,0,0,0,0,0,0,0,0,0,0,0,0,0,0,0
0,0,0,0,0,0,0,0,0,0,0,0,0,0,0,0
EXT 15,11 g 0,11
PAL 0

ROOM 9
0,0,0,0,0,0,0,0,0,0,0,0,0,0,0,0
0,0,0,1i,1h,0,0,0,0,0,0,0,0,0,0,0
0,0,0,1f,1g,0,0,0,0,0,0,0,0,0,0,0
0,0,0,0,0,0,0,0,0,0,0,0,0,0,0,0
0,0,0,0,0,0,0,0,0,0,0,0,0,0,0,0
0,0,0,0,0,0,0,0,0,0,0,0,0,0,0,0
0,0,0,0,0,0,0,0,0,0,0,0,0,0,0,0
a,a,a,a,a,a,a,a,a,a,a,a,a,a,a,a
0,d,0,0,0,0,0,0,0,0,0,0,0,0,0,0
0,0,d,0,0,0,0,0,0,0,d,0,0,0,0,0
1l,1l,1l,1l,1l,1l,1l,1l,1l,1l,1l,1l,1l,1l,1l,1l
m,m,m,m,m,m,m,m,m,m,m,m,m,m,m,m
c,c,c,c,c,c,c,c,c,c,c,c,c,c,c,c
0,0,0,0,0,0,0,0,0,0,0,0,0,0,0,0
0,0,0,0,0,0,0,0,0,0,0,0,0,0,0,0
0,0,0,0,0,0,0,0,0,0,0,0,0,0,0,0
EXT 15,11 a 0,11
PAL 1

ROOM a
0,0,0,0,0,0,0,0,0,0,0,0,0,0,0,0
0,0,0,1i,1h,0,0,0,0,0,0,0,0,0,0,0
0,0,0,1f,1g,0,0,0,0,0,0,0,0,0,0,0
0,0,0,0,0,0,0,0,0,0,0,0,0,0,0,0
0,0,0,0,0,0,0,0,0,0,0,0,0,0,0,0
0,0,0,0,0,0,0,0,0,0,t,u,w,w,w,w
0,0,0,0,0,0,0,0,0,0,s,0,0,0,0,0
a,a,a,a,a,a,a,a,a,a,s,a,n,a,a,a
0,0,0,0,d,0,0,0,0,0,s,0,0,0,0,0
0,0,0,0,0,0,0,0,0,0,0,0,0,0,d,0
1l,1l,1l,1l,1l,1l,1l,1l,1l,1l,1l,1l,1l,1l,1l,1l
m,m,m,m,m,m,m,m,m,m,m,m,m,m,m,m
c,c,c,c,c,c,c,c,c,c,c,c,c,c,c,c
0,0,0,0,0,0,0,0,0,0,0,0,0,0,0,0
0,0,0,0,0,0,0,0,0,0,0,0,0,0,0,0
0,0,0,0,0,0,0,0,0,0,0,0,0,0,0,0
EXT 15,11 2 0,11
PAL 1

ROOM c
0,0,0,0,0,0,0,0,0,0,0,0,0,0,0,0
0,0,0,0,0,0,0,0,0,0,0,0,0,0,0,0
0,0,0,0,0,0,0,0,0,0,0,0,0,0,0,0
0,0,0,0,0,0,0,0,0,0,0,0,0,0,0,0
0,0,0,0,0,0,0,0,0,0,0,0,0,0,0,0
0,0,0,0,0,0,0,0,0,0,0,0,0,0,0,0
0,0,0,0,0,0,0,0,0,0,0,0,0,0,0,0
a,a,a,a,a,a,a,a,a,a,a,a,a,a,a,a
0,0,0,0,0,0,0,0,d,0,0,0,0,0,0,0
0,0,0,d,0,0,0,0,0,0,0,0,0,0,d,0
1l,1l,1l,1l,1l,1l,1l,1l,1l,1l,1l,1l,1l,1l,1l,1l
m,m,m,m,m,m,m,m,m,m,m,m,m,m,m,m
c,c,c,c,c,c,c,c,c,c,c,c,c,c,c,c
0,0,0,0,0,0,0,0,0,0,0,0,0,0,0,0
0,0,0,0,0,0,0,0,0,0,0,0,0,0,0,0
0,0,0,0,0,0,0,0,0,0,0,0,0,0,0,0
ITM 3 9,11
EXT 15,11 7 0,11
PAL 0

ROOM d
0,0,0,0,0,0,0,0,0,0,0,0,0,0,0,0
0,0,0,0,0,0,0,0,0,0,0,0,0,0,0,0
0,0,0,0,0,0,0,0,0,0,0,0,0,0,0,0
0,0,0,0,0,0,0,0,0,0,0,0,0,0,0,0
0,0,0,0,0,0,0,0,0,0,0,0,0,0,0,0
0,0,0,0,0,0,0,0,0,0,0,0,0,0,0,0
0,0,0,0,0,0,0,0,0,0,0,0,0,0,0,0
a,a,a,a,a,a,a,a,a,a,a,a,a,a,a,a
0,0,0,d,0,0,0,0,0,0,0,0,0,0,0,d
0,0,0,0,0,0,0,0,0,0,0,0,0,0,0,0
1l,1l,1l,1l,1l,1l,1l,1l,1l,1l,1l,1l,1l,1l,1l,1l
m,m,m,m,m,m,m,m,m,m,m,m,m,m,m,m
c,c,c,c,c,c,c,c,c,c,c,c,c,c,c,c
0,0,0,0,0,0,0,0,0,0,0,0,0,0,0,0
0,0,0,0,0,0,0,0,0,0,0,0,0,0,0,0
0,0,0,0,0,0,0,0,0,0,0,0,0,0,0,0
EXT 15,11 e 1,12
PAL 0

ROOM e
0,0,0,0,0,0,0,0,1x,0,0,0,0,0,0,0
1w,0,0,0,1x,0,1x,1y,0,0,0,1w,0,0,1u,0
0,0,1y,0,0,1w,0,0,0,0,0,1v,1u,1v,0,0
0,0,0,0,0,0,0,0,1w,1u,1v,1t,0,0,0,0
0,0,1w,0,0,1w,0,1u,1t,1u,1v,0,0,0,0,0
0,0,0,0,0,0,1u,1w,1u,1v,0,1y,1w,0,1x,0
0,1w,0,1w,1w,0,1v,1v,0,0,1w,0,0,0,0,0
0,0,0,1v,1t,1v,1u,0,0,0,1x,0,0,1w,0,0
1v,0,1w,1v,1v,0,0,0,0,0,0,1y,0,0,0,1x
0,0,1u,0,1v,1t,0,1w,0,0,1x,0,0,0,0,0
0,1w,1v,0,0,0,0,0,0,0,0,0,0,1p,1p,1p
1p,1p,1p,1x,1p,1p,1p,1p,1p,1p,1y,1p,1d,1q,1r,1p
1n,a,a,a,a,a,a,a,a,a,a,a,a,a,a,a
1m,1m,1m,1m,1m,1m,1m,1m,1m,1m,1m,1m,1m,1m,1m,1m
0,0,0,0,0,0,0,0,0,0,0,0,0,0,d,0
0,0,0,d,0,0,0,0,0,0,0,0,0,0,0,0
EXT 14,11 f 1,2
PAL 6

ROOM f
0,0,0,0,0,0,0,0,0,0,0,0,0,0,0,0
0,0,0,0,0,0,0,0,0,0,0,0,0,0,0,0
0,0,0,0,0,0,0,0,0,0,0,0,0,0,0,0
0,0,0,0,0,0,0,0,0,0,0,0,0,0,0,0
0,0,0,0,0,0,0,0,0,0,0,0,0,0,0,0
0,0,0,0,0,0,0,0,0,0,0,0,0,0,0,0
0,0,0,0,0,0,0,0,0,0,0,0,0,0,0,0
0,0,0,0,0,0,0,0,0,0,0,0,0,0,0,0
0,0,0,0,0,0,0,0,0,0,0,0,0,0,0,0
0,0,0,0,0,0,0,0,0,0,0,0,0,0,0,0
0,0,0,0,0,0,0,0,0,0,0,0,0,0,0,0
0,0,0,0,0,0,0,0,0,0,0,0,0,0,0,0
0,0,0,0,0,0,0,0,0,0,0,0,0,0,0,0
0,0,0,0,0,0,0,0,0,0,0,0,0,0,0,0
0,0,0,0,0,0,0,0,0,0,0,0,0,0,0,0
0,0,0,0,0,0,0,0,0,0,0,0,0,0,0,0
PAL 0

ROOM g
0,0,0,0,0,0,0,0,0,0,0,0,0,0,0,0
0,0,0,0,0,0,0,0,0,0,0,0,0,0,0,0
0,0,0,0,0,0,0,0,0,0,0,0,0,0,0,0
0,0,0,0,0,0,0,0,0,0,0,0,0,0,0,0
0,0,0,0,0,0,0,0,0,0,0,0,0,0,0,0
0,0,0,0,0,0,0,0,0,0,0,0,0,0,0,0
0,0,0,0,0,0,0,0,0,0,0,0,0,0,0,0
a,a,a,a,a,a,a,a,a,a,a,a,a,a,a,a
0,0,0,d,0,0,0,0,0,0,0,0,0,0,0,d
0,0,0,0,0,0,0,0,0,0,0,0,0,0,0,0
1l,1l,1l,1l,1l,1l,1l,1l,1l,1l,1l,1l,1l,1l,1l,1l
m,m,m,m,m,m,m,m,m,m,m,m,m,m,m,m
c,c,c,c,c,c,c,c,c,c,c,c,c,c,c,c
0,0,0,0,0,0,0,0,0,0,0,0,0,0,0,0
0,0,0,0,0,0,0,0,0,0,0,0,0,0,0,0
0,0,0,0,0,0,0,0,0,0,0,0,0,0,0,0
EXT 15,11 d 0,11
PAL 0

TIL 10
00000000
00001000
00001000
01001001
00100010
00000000
00000000
00000000

TIL 11
00000000
00000000
00000000
00000000
00000000
00000010
00000001
00000100

TIL 12
00000000
00000000
00000000
00000000
00000000
00100000
01000000
00010000

TIL 13
00110100
00111100
00101100
11111101
11110101
11111101
11101101
11111111

TIL 14
00000000
00000011
00000000
00111111
00001111
01111111
00011111
11111111

TIL 15
00000000
11000000
00000000
11111100
11110000
11111110
11111000
11111111

TIL 16
00000000
00000000
00000000
10000000
00000000
11100000
11110000
11111111

TIL 17
00000000
00000000
00000000
00000001
00000000
00000111
00001111
11111111

TIL a
00000000
00000000
00000000
00000000
00000000
00000000
00000000
11111111
WAL false

TIL b
00000000
00000000
00000000
00000000
00000000
00000000
11111111
11111111

TIL c
00000000
00000000
00010001
11111111
00000000
00000000
11111111
11111111
WAL true

TIL d
00000000
00000010
00000100
00100100
00010000
00010000
00000000
00000000

TIL e
00000000
00011111
00001111
01111111
00011111
11111111
00111111
11111111

TIL f
00000000
11111000
11110000
11111110
11111000
11111111
11111100
11111111

TIL i
00000000
00000000
00000000
00110111
00000000
00000000
10011111
00000000

TIL j
00000000
00000000
00000000
11001100
00000000
00000000
11111010
00000000

TIL m
00000000
00100100
10101001
00000010
00000000
00000000
00000000
00000000

TIL n
00000000
00000000
00000000
00011110
01100001
10000001
10000001
10000001

TIL o
00000000
00001110
00010001
00100001
00100001
00100001
00100001
11100001

TIL q
00011000
00100100
01100100
10100100
10000111
11100101
00100001
11100111

TIL r
00011000
00100100
01100100
10100110
10000101
11100001
00100111
00100100

TIL s
00011000
00011000
00011000
00011000
00011000
00011000
00011000
00011000

TIL t
00000000
00000000
00000000
01011010
01111110
00000000
00011000
00011000

TIL u
00000000
00000000
00000000
11000000
00111000
11000111
00111000
00000111

TIL v
00000000
00000000
00000000
00000011
00011100
11100011
00011100
11100000

TIL w
00000000
00000000
00000000
00000000
00000000
11111111
00000000
11111111

TIL x
00010000
00111000
00010110
00010110
00010110
01011110
01011110
11111111

TIL y
00000000
00000000
11000000
11000000
11011110
11011010
11010110
11111111

TIL z
00001110
00001110
00001100
00011100
00011100
00011000
00011000
11111111
>
01110000
01110000
00110000
00111000
00111000
00011000
00011000
11111111

TIL 1d
00001100
00110000
00100000
00111000
00100000
00010000
00010000
00000000
WAL true

TIL 1f
11111111
11111111
11111111
01111111
01111111
00111111
00011111
00000111

TIL 1g
11111111
11111111
11111111
11111110
11111110
11111100
11111000
11100000

TIL 1h
11100000
11111000
11111100
11111110
11111110
11111111
11111111
11111111

TIL 1i
00000111
00011111
00111111
01111111
01111111
11111111
11111111
11111111

TIL 1j
11111111
11111111
11111111
01111111
01111111
00111111
00011111
11111111

TIL 1k
11111111
11111111
11111111
11111110
11111110
11111100
11111000
11111111

TIL 1l
00000000
00000000
00000000
00000000
00000000
00000100
01001000
00001011
WAL true

TIL 1m
11111111
00000000
00000000
11000011
00000000
00000000
00000000
11111111

TIL 1n
00000000
00000000
00000000
00000000
00000000
00010000
01011000
11111111

TIL 1p
00000000
00000000
00000000
00000000
00000000
00000000
00000000
00000000
WAL true

TIL 1q
00000000
00011000
01110000
00010000
00001000
00001110
00011000
00000000
WAL true

TIL 1r
00000000
00010000
00111010
00101010
01001010
01000100
00000000
00000000

TIL 1s
00000000
00111000
00001000
00001000
00001000
00000000
00000000
00000000

TIL 1t
00010000
00010000
00101000
11000110
00101000
00010000
00010000
00000000

TIL 1u
00000001
00101000
00000000
00000100
01010000
00000010
10001000
00100000

TIL 1v
00000000
00010000
10000000
00000100
00000000
00100000
00000010
00000000

TIL 1w
00000000
00000010
00000000
00100000
00000000
00000000
00000100
00000000

TIL 1x
00000000
00000000
00000000
00000000
00001000
00000000
00000000
00000000
WAL true

TIL 1y
00000000
10010000
01000000
00111000
00011110
00001000
00001011
00000011
WAL true

SPR A
00000000
00011000
01111110
10111101
10111101
00111100
00111100
00100100
>
00000000
00001100
00111111
01011101
10011100
10011100
00011010
00110010
POS 1 0,11

SPR a
11111111
11111111
10000001
10000001
10000001
11111111
00100100
00000000
DLG SPR_0
POS 1 13,10

SPR b
00000000
00000000
00000000
00000000
00000000
00000100
01001000
00001011
DLG SPR_1
POS 7 8,10

SPR c
11111111
11111111
10000001
10000001
10000001
11111111
00100100
00000000
DLG SPR_2
POS d 11,10

SPR d
00111110
00100111
01101111
00111110
00010110
00111111
00001110
00101010
>
00111110
00100111
01101111
00111110
00010110
00111110
00101111
00001010
DLG SPR_3
POS f 8,7

ITM 0
00000000
00000010
00001110
00010110
00100010
00100100
00011000
00000000
NAME soder
DLG ITM_0

ITM 1
00000000
00000000
00000000
00110110
01001001
01100001
01110010
00111100
DLG ITM_1

ITM 2
00000000
00000000
00000000
00011110
00100001
00111111
00100001
00111111
DLG ITM_2

ITM 3
00001100
01011100
00111000
00111100
01111000
00110100
00110000
00011000
DLG ITM_4

ITM 4
00000000
00000010
00001110
00010110
00100010
00100100
00011000
00000000
DLG ITM_3

DLG SPR_0
"""
Xanadu
5 miles
<-----
"""

DLG SPR_1
"""
In {wvy}Xanadu{wvy} did Kubla Khan
A stately pleasure-dome decree
Where {wvy}Alph{wvy}, the sacred river, ran
Through caverns measureless to man
Down to a sunless sea
Kubla Khan by Samuel Taylor Coleridge (1816)
"""

DLG SPR_2
"""
Xanadu
6 miles
<-----
"""

DLG SPR_3
Wa-ha-ha! Waluigi, number one!

DLG SPR_5
Slow And Steady 

DLG SPR_6
Wins This Race

DLG ITM_0
a crushed can of Pepis Soda

DLG ITM_1
A left Sneak'r

DLG ITM_2
"""
A burg, with cheese
Inedible 
"""

DLG ITM_3
a crushed can of Dr. Plepr Soda

DLG ITM_4
"""
a cute lil gex

you put them in your pocket
"""

VAR a
42


