
MONDAY{br}I'm glad to be home.

# BITSY VERSION 4.6

! ROOM_FORMAT 1

PAL 0
NAME Normal Palette
20,20,20
255,255,255
255,0,0
255,0,0

PAL 1
NAME Sekrit Palette
20,20,20
255,255,255
20,20,20
255,0,0

ROOM 0
0,0,0,0,0,0,0,0,0,0,0,0,0,0,0,0
0,0,0,0,0,0,0,0,0,0,0,0,0,0,0,0
0,0,0,0,0,0,0,0,0,0,0,0,0,0,0,0
0,0,0,0,0,0,0,0,0,0,0,0,0,0,0,0
0,0,0,h,e,e,e,e,e,e,e,e,j,0,0,0
0,0,0,c,b,b,b,b,b,b,b,b,d,0,0,0
0,0,0,c,g,g,r,s,t,g,p,q,d,0,0,0
0,0,0,c,0,0,u,v,w,0,m,l,d,0,0,0
0,0,0,c,0,0,0,0,0,0,o,n,d,0,0,0
0,0,0,c,0,0,0,0,0,0,0,0,d,0,0,0
0,0,0,c,x,0,0,0,0,0,0,0,d,0,0,0
0,0,0,i,f,f,f,y,f,f,f,f,k,0,0,0
0,0,0,0,0,0,0,0,0,0,0,0,0,0,0,0
0,0,0,0,0,0,0,0,0,0,0,0,0,0,0,0
0,0,0,0,0,0,0,0,0,0,0,0,0,0,0,0
0,0,0,0,0,0,0,0,0,0,0,0,0,0,0,0
NAME Base Bedroom
PAL 0

ROOM 2
0,0,0,0,0,0,0,0,0,0,0,0,0,0,0,0
0,0,0,0,0,0,0,0,0,0,0,0,0,0,0,0
0,0,0,0,0,0,0,0,0,0,0,0,0,0,0,0
0,0,z,g,g,g,g,g,g,g,g,g,g,10,0,0
0,0,c,b,b,16,1f,b,1b,19,19,19,18,d,0,0
0,0,c,14,14,15,g,g,1c,1e,1e,1e,1d,d,0,0
0,0,c,13,1n,0,0,0,0,0,0,0,0,d,0,0
0,0,c,11,1m,0,0,0,0,0,0,0,0,d,0,0
0,0,c,11,1m,0,0,0,0,0,1g,1h,0,d,0,0
0,0,c,11,1m,0,0,1l,0,0,0,0,0,d,0,0
0,0,c,11,12,0,0,0,0,0,0,0,0,d,0,0
0,0,c,0,0,0,0,0,0,0,0,1k,0,d,0,0
0,0,c,0,0,0,0,0,0,0,0,0,0,d,0,0
0,0,i,f,f,f,f,f,f,f,f,f,f,k,0,0
0,0,0,0,0,0,0,0,0,0,0,0,0,0,0,0
0,0,0,0,0,0,0,0,0,0,0,0,0,0,0,0
NAME Base House
PAL 0

ROOM 3
0,0,0,0,0,0,0,0,0,0,0,0,0,0,0,0
0,0,0,0,0,0,0,0,0,0,0,0,0,0,0,0
0,0,0,0,0,0,0,0,0,0,0,0,0,0,0,0
0,0,z,g,g,g,g,g,g,g,g,g,g,10,0,0
0,0,c,b,b,16,1f,b,1b,19,19,19,18,d,0,0
0,0,c,14,14,15,g,g,1c,1e,1e,1e,1d,d,0,0
0,0,c,13,1n,0,0,0,0,0,0,0,0,d,0,0
0,0,c,11,1m,0,0,0,0,0,0,0,0,d,0,0
0,0,c,11,1m,0,0,0,0,0,1g,1h,0,d,0,0
0,0,c,11,1m,0,0,1l,0,0,0,0,0,d,0,0
0,0,c,11,12,0,0,0,0,0,0,0,0,d,0,0
0,0,c,0,0,0,0,0,0,0,0,1k,0,d,0,0
0,0,c,0,0,0,0,0,0,0,0,0,0,d,0,0
0,0,i,f,f,f,f,f,f,f,f,f,f,k,0,0
0,0,0,0,0,0,0,0,0,0,0,0,0,0,0,0
0,0,0,0,0,0,0,0,0,0,0,0,0,0,0,0
NAME Monday House
ITM 5 9,10
ITM 4 8,7
ITM 6 3,11
EXT 3,6 4 7,10
PAL 0

ROOM 4
0,0,0,0,0,0,0,0,0,0,0,0,0,0,0,0
0,0,0,0,0,0,0,0,0,0,0,0,0,0,0,0
0,0,0,0,0,0,0,0,0,0,0,0,0,0,0,0
0,0,0,0,0,0,0,0,0,0,0,0,0,0,0,0
0,0,0,h,e,e,e,e,e,e,e,e,j,0,0,0
0,0,0,c,b,b,b,b,b,b,b,b,d,0,0,0
0,0,0,c,g,g,r,s,t,g,p,q,d,0,0,0
0,0,0,c,0,0,u,v,w,0,m,l,d,0,0,0
0,0,0,c,0,0,0,0,0,0,o,n,d,0,0,0
0,0,0,c,0,0,0,0,0,0,0,0,d,0,0,0
0,0,0,c,x,0,0,0,0,0,0,0,d,0,0,0
0,0,0,i,f,f,f,y,f,f,f,f,k,0,0,0
0,0,0,0,0,0,0,0,0,0,0,0,0,0,0,0
0,0,0,0,0,0,0,0,0,0,0,0,0,0,0,0
0,0,0,0,0,0,0,0,0,0,0,0,0,0,0,0
0,0,0,0,0,0,0,0,0,0,0,0,0,0,0,0
NAME Monday Bedroom 1
EXT 7,9 5 1,13
EXT 6,10 5 1,13
EXT 8,10 5 1,13
PAL 0

ROOM 5
0,0,0,0,0,0,0,0,0,0,0,0,0,0,0,0
0,0,0,0,0,0,0,0,0,0,0,0,0,0,0,0
0,0,0,0,0,0,0,0,0,0,0,0,0,0,0,0
0,0,0,0,0,0,0,0,0,0,0,0,0,0,0,0
0,0,0,h,e,e,e,e,e,e,e,e,j,0,0,0
0,0,0,c,b,b,b,b,b,b,b,b,d,0,0,0
0,0,0,c,g,g,r,s,t,g,p,q,d,0,0,0
0,0,0,c,0,0,u,v,w,0,m,l,d,0,0,0
0,0,0,c,0,0,0,0,0,0,o,n,d,0,0,0
0,0,0,c,0,0,0,0,0,0,0,0,d,0,0,0
0,0,0,c,x,0,0,0,0,0,0,0,d,0,0,0
0,0,0,i,f,f,f,y,f,f,f,f,k,0,0,0
0,0,0,0,0,0,0,0,0,0,0,0,0,0,0,0
0,0,0,0,0,0,0,0,0,0,0,0,0,0,0,0
0,0,0,0,0,0,0,0,0,0,0,0,0,0,0,0
0,0,0,0,0,0,0,0,0,0,0,0,0,0,0,0
NAME Monday Bedroom 2
ITM 2 8,9
EXT 1,12 6 1,13
EXT 0,13 6 1,13
EXT 2,13 6 1,13
EXT 1,14 6 1,13
PAL 1

ROOM 6
0,0,0,0,0,0,0,0,0,0,0,0,0,0,0,0
0,0,0,0,0,0,0,0,0,0,0,0,0,0,0,0
0,0,0,0,0,0,0,0,0,0,0,0,0,0,0,0
0,0,0,0,0,0,0,0,0,0,0,0,0,0,0,0
0,0,0,h,e,e,e,e,e,e,e,e,j,0,0,0
0,0,0,c,b,b,b,b,b,b,b,b,d,0,0,0
0,0,0,c,g,g,r,s,t,g,p,q,d,0,0,0
0,0,0,c,0,0,u,v,w,0,m,l,d,0,0,0
0,0,0,c,0,0,0,0,0,0,o,n,d,0,0,0
0,0,0,c,0,0,0,0,0,0,0,0,d,0,0,0
0,0,0,c,x,0,0,0,0,0,0,0,d,0,0,0
0,0,0,i,f,f,f,y,f,f,f,f,k,0,0,0
0,0,0,0,0,0,0,0,0,0,0,0,0,0,0,0
0,0,0,0,0,0,0,0,0,0,0,0,0,0,0,0
0,0,0,0,0,0,0,0,0,0,0,0,0,0,0,0
0,0,0,0,0,0,0,0,0,0,0,0,0,0,0,0
NAME Monday Bedroom 3
ITM 2 9,8
EXT 1,12 7 1,13
EXT 0,13 7 1,13
EXT 1,14 7 1,13
EXT 2,13 7 1,13
PAL 1

ROOM 7
0,0,0,0,0,0,0,0,0,0,0,0,0,0,0,0
0,0,0,0,0,0,0,0,0,0,0,0,0,0,0,0
0,0,0,0,0,0,0,0,0,0,0,0,0,0,0,0
0,0,0,0,0,0,0,0,0,0,0,0,0,0,0,0
0,0,0,h,e,e,e,e,e,e,e,e,j,0,0,0
0,0,0,c,b,b,b,b,b,b,b,b,d,0,0,0
0,0,0,c,g,g,r,s,t,g,p,q,d,0,0,0
0,0,0,c,0,0,u,v,w,0,m,l,d,0,0,0
0,0,0,c,0,0,0,0,0,0,o,n,d,0,0,0
0,0,0,c,0,0,0,0,0,0,0,0,d,0,0,0
0,0,0,c,x,0,0,0,0,0,0,0,d,0,0,0
0,0,0,i,f,f,f,y,f,f,f,f,k,0,0,0
0,0,0,0,0,0,0,0,0,0,0,0,0,0,0,0
0,0,0,0,0,0,0,0,0,0,0,0,0,0,0,0
0,0,0,0,0,0,0,0,0,0,0,0,0,0,0,0
0,0,0,0,0,0,0,0,0,0,0,0,0,0,0,0
NAME Monday Bedroom 4
ITM 7 10,7
ITM 3 1,12
ITM 3 0,13
ITM 3 2,13
ITM 3 1,14
EXT 1,12 8 1,1
EXT 0,13 8 1,1
EXT 1,14 8 1,1
EXT 2,13 8 1,1
PAL 1

ROOM 8
0,0,0,0,0,0,0,0,0,0,0,0,0,0,0,0
0,0,0,0,0,0,0,0,0,0,0,0,0,0,0,0
0,0,0,0,0,0,0,0,0,0,0,0,0,0,0,0
0,0,0,0,0,0,0,0,0,0,0,0,0,0,0,0
0,0,0,h,e,e,e,e,e,e,e,e,j,0,0,0
0,0,0,c,b,b,b,b,b,b,b,b,d,0,0,0
0,0,0,c,g,g,r,s,t,g,p,q,d,0,0,0
0,0,0,c,0,0,u,v,w,0,m,l,d,0,0,0
0,0,0,c,0,0,0,0,0,0,o,n,d,0,0,0
0,0,0,c,0,0,0,0,0,0,0,0,d,0,0,0
0,0,0,c,x,0,0,0,0,0,0,0,d,0,0,0
0,0,0,i,f,f,f,y,f,f,f,f,k,0,0,0
0,0,0,0,0,0,0,0,0,0,0,0,0,0,0,0
0,0,0,0,0,0,0,0,0,0,0,0,0,0,0,0
0,0,0,0,0,0,0,0,0,0,0,0,0,0,0,0
0,0,0,0,0,0,0,0,0,0,0,0,0,0,0,0
NAME Monday Bedroom 5
ITM 1 11,6
ITM 8 1,0
ITM 8 0,1
ITM 8 1,2
ITM 8 2,1
EXT 1,0 9 5,6
EXT 0,1 9 5,6
EXT 1,2 9 5,6
EXT 2,1 9 5,6
PAL 1

ROOM 9
0,0,0,0,0,0,0,0,0,0,0,0,0,0,0,0
0,0,0,0,0,0,0,0,0,0,0,0,0,0,0,0
0,0,0,0,0,0,0,0,0,0,0,0,0,0,0,0
0,0,z,g,g,g,g,g,g,g,g,g,g,10,0,0
0,0,c,b,b,16,1f,b,1b,19,19,19,18,d,0,0
0,0,c,14,14,15,g,g,1c,1e,1e,1e,1d,d,0,0
0,0,c,13,1n,0,0,0,0,0,0,0,0,d,0,0
0,0,c,11,1m,0,0,0,0,0,0,0,0,d,0,0
0,0,c,11,1m,0,0,0,0,0,1g,1h,0,d,0,0
0,0,c,11,1m,0,0,1l,0,0,0,0,0,d,0,0
0,0,c,11,12,0,0,0,0,0,0,0,0,d,0,0
0,0,c,0,0,0,0,0,0,0,0,1k,0,d,0,0
0,0,c,0,0,0,0,0,0,0,0,0,0,d,0,0
0,0,i,f,f,f,f,f,f,f,f,f,f,k,0,0
0,0,0,0,0,0,0,0,0,0,0,0,0,0,0,0
0,0,0,0,0,0,0,0,0,0,0,0,0,0,0,0
NAME Tuesday House
ITM 9 8,7
ITM a 9,10
ITM b 3,11
EXT 3,6 a 7,10
PAL 0

ROOM 10
0,0,0,0,0,0,0,0,0,0,0,0,0,0,0,0
0,0,0,0,0,0,0,0,0,0,0,0,0,0,0,0
0,0,0,0,0,0,0,0,0,0,0,0,0,0,0,0
0,0,0,0,0,0,0,0,0,0,0,0,0,0,0,0
0,0,0,0,0,0,0,0,0,0,0,0,0,0,0,0
0,0,0,0,0,0,0,0,0,0,0,0,0,0,0,0
0,0,0,0,0,0,0,0,0,0,0,0,0,0,0,0
0,0,0,0,0,0,0,0,0,0,0,0,0,0,0,0
0,0,0,0,0,0,0,0,0,0,0,0,0,0,0,0
0,0,0,0,0,0,0,0,0,0,0,0,0,0,0,0
0,0,0,0,0,0,0,0,0,0,0,0,0,0,0,0
0,0,0,0,0,0,0,0,0,0,0,0,0,0,0,0
0,0,0,0,0,0,0,0,0,0,0,0,0,0,0,0
0,0,0,0,0,0,0,0,0,0,0,0,0,0,0,0
0,0,0,0,0,0,0,0,0,0,0,0,0,0,0,0
0,0,0,0,0,0,0,0,0,0,0,0,0,0,0,0
NAME Saturday Bedroom 3
EXT 14,0 11 14,1
EXT 13,1 11 14,1
EXT 15,1 11 14,1
EXT 14,2 11 14,1
PAL 1

ROOM 11
0,0,0,0,0,0,0,0,0,0,0,0,0,0,0,0
0,2x,2y,2z,30,31,32,33,34,0,0,0,0,0,0,0
0,0,0,0,0,0,0,0,0,0,0,0,0,0,0,0
0,0,0,0,0,0,0,0,0,0,0,0,0,0,0,0
0,0,0,0,0,0,0,0,0,0,0,0,0,0,0,0
0,0,0,0,0,0,0,0,0,0,0,0,0,0,0,0
0,0,0,0,0,0,0,0,0,0,0,0,0,0,0,0
0,0,0,0,0,0,0,0,0,0,0,0,0,0,0,0
0,0,0,0,0,0,0,0,0,0,0,0,0,0,0,0
0,0,0,0,0,0,0,0,0,0,0,0,0,0,0,0
0,0,0,0,0,0,0,0,0,0,0,0,0,0,0,0
0,0,0,0,0,0,0,0,0,0,0,0,0,0,0,0
0,0,0,0,0,0,0,0,0,0,0,0,0,0,0,0
0,0,0,0,0,0,0,0,0,0,0,0,0,0,0,0
0,0,0,0,0,0,0,0,0,0,0,0,0,0,0,0
0,0,0,0,0,0,0,0,0,0,0,0,0,0,0,0
NAME Saturday Bedroom 4
ITM 3 14,0
ITM 3 13,1
ITM 3 15,1
ITM 3 14,2
EXT 14,0 12 14,1
EXT 13,1 12 14,1
EXT 15,1 12 14,1
EXT 14,2 12 14,1
PAL 1

ROOM 12
0,0,0,0,0,0,0,0,0,0,0,0,0,0,0,0
0,2x,2y,2z,30,31,32,33,34,0,0,0,0,0,0,0
0,35,36,37,38,39,3a,3b,3c,3d,0,0,0,0,0,0
0,0,0,0,0,0,0,0,0,0,0,0,0,0,0,0
0,0,0,0,0,0,0,0,0,0,0,0,0,0,0,0
0,0,0,0,0,0,0,0,0,0,0,0,0,0,0,0
0,0,0,0,0,0,0,0,0,0,0,0,0,0,0,0
0,0,0,0,0,0,0,0,0,0,0,0,0,0,0,0
0,0,0,0,0,0,0,0,0,0,0,0,0,0,0,0
0,0,0,0,0,0,0,0,0,0,0,0,0,0,0,0
0,0,0,0,0,0,0,0,0,0,0,0,0,0,0,0
0,0,0,0,0,0,0,0,0,0,0,0,0,0,0,0
0,0,0,0,0,0,0,0,0,0,0,0,0,0,0,0
0,0,0,0,0,0,0,0,0,0,0,0,0,0,0,0
0,0,0,0,0,0,0,0,0,0,0,0,0,0,0,0
0,0,0,0,0,0,0,0,0,0,0,0,0,0,0,0
NAME Saturday Bedroom 5
END undefined 14,0
END undefined 13,1
END undefined 15,1
END undefined 14,2
PAL 1

ROOM a
0,0,0,0,0,0,0,0,0,0,0,0,0,0,0,0
0,0,0,0,0,0,0,0,0,0,0,0,0,0,0,0
0,0,0,0,0,0,0,0,0,0,0,0,0,0,0,0
0,0,0,0,0,0,0,0,0,0,0,0,0,0,0,0
0,0,0,h,e,e,e,e,e,e,e,e,j,0,0,0
0,0,0,c,b,b,b,b,b,b,b,b,d,0,0,0
0,0,0,c,g,g,r,s,t,g,p,q,d,0,0,0
0,0,0,c,0,0,u,v,w,0,m,l,d,0,0,0
0,0,0,c,0,0,0,0,0,0,o,n,d,0,0,0
0,0,0,c,0,0,0,0,0,0,0,0,d,0,0,0
0,0,0,c,x,0,0,0,0,0,0,0,d,0,0,0
0,0,0,i,f,f,f,y,f,f,f,f,k,0,0,0
0,0,0,0,0,0,0,0,0,0,0,0,0,0,0,0
0,0,0,0,0,0,0,0,0,0,0,0,0,0,0,0
0,0,0,0,0,0,0,0,0,0,0,0,0,0,0,0
0,0,0,0,0,0,0,0,0,0,0,0,0,0,0,0
NAME Tuesday Bedroom 1
EXT 6,10 b 1,1
EXT 7,9 b 1,1
EXT 8,10 b 1,1
PAL 0

ROOM b
0,0,0,0,0,0,0,0,0,0,0,0,0,0,0,0
0,0,0,0,0,0,0,0,0,0,0,0,0,0,0,0
0,0,0,0,0,0,0,0,0,0,0,0,0,0,0,0
0,0,0,0,0,0,0,0,0,0,0,0,0,0,0,0
0,0,0,0,0,0,0,0,0,0,0,0,0,0,0,0
0,0,h,e,e,e,e,e,e,e,e,j,0,0,0,0
0,0,c,0,0,0,0,0,0,0,0,d,0,0,0,0
0,0,c,g,g,r,s,t,g,p,q,d,0,0,0,0
0,0,c,0,0,u,v,w,0,m,l,d,0,0,0,0
0,0,c,0,0,0,0,0,0,o,n,d,0,0,0,0
0,0,c,0,0,0,0,0,0,0,0,d,0,0,0,0
0,0,c,x,0,0,0,0,0,0,0,d,0,0,0,0
0,0,i,f,f,f,y,f,f,f,f,k,0,0,0,0
0,0,0,0,0,0,0,0,0,0,0,0,0,0,0,0
0,0,0,0,0,0,0,0,0,0,0,0,0,0,0,0
0,0,0,0,0,0,0,0,0,0,0,0,0,0,0,0
NAME Tuesday Bedroom 2
ITM 2 7,10
EXT 1,0 c 1,1
EXT 0,1 c 1,1
EXT 2,1 c 1,1
EXT 1,2 c 1,1
PAL 1

ROOM c
0,0,0,0,0,0,0,0,0,0,0,0,0,0,0,0
0,0,0,0,0,0,0,0,0,0,0,0,0,0,0,0
0,0,0,0,0,0,0,0,0,0,0,0,0,0,0,0
0,0,0,0,0,0,0,0,0,0,0,0,0,0,0,0
0,0,0,0,0,0,0,0,0,0,0,0,0,0,0,0
0,0,0,0,0,0,0,0,0,0,0,0,0,0,0,0
0,h,e,e,e,e,e,e,e,e,j,0,0,0,0,0
0,c,0,0,0,0,0,0,0,0,d,0,0,0,0,0
0,c,g,g,r,s,t,g,p,q,d,0,0,0,0,0
0,c,0,0,u,v,w,0,m,l,d,0,0,0,0,0
0,c,0,0,0,0,0,0,o,n,d,0,0,0,0,0
0,c,0,0,0,0,0,0,0,0,d,0,0,0,0,0
0,c,x,0,0,0,0,0,0,0,d,0,0,0,0,0
0,i,f,f,f,y,f,f,f,f,k,0,0,0,0,0
0,0,0,0,0,0,0,0,0,0,0,0,0,0,0,0
0,0,0,0,0,0,0,0,0,0,0,0,0,0,0,0
NAME Tuesday Bedroom 3
ITM 2 7,10
EXT 1,0 d 1,1
EXT 0,1 d 1,1
EXT 2,1 d 1,1
EXT 1,2 d 1,1
PAL 1

ROOM d
0,0,0,0,0,0,0,0,0,0,0,0,0,0,0,0
0,0,0,0,0,0,0,0,0,0,0,0,0,0,0,0
0,0,0,0,0,0,0,0,0,0,0,0,0,0,0,0
0,0,0,0,0,0,0,0,0,0,0,0,0,0,0,0
0,0,0,0,0,0,0,0,0,0,0,0,0,0,0,0
0,0,0,0,0,0,0,0,0,0,0,0,0,0,0,0
0,0,0,0,0,0,0,0,0,0,0,0,0,0,0,0
h,e,e,e,e,e,e,e,e,j,0,0,0,0,0,0
c,0,0,0,0,0,0,0,0,d,0,0,0,0,0,0
c,g,g,r,s,t,g,p,q,d,0,0,0,0,0,0
c,0,0,u,v,w,0,0,l,d,0,0,0,0,0,0
c,0,0,0,0,0,0,o,n,d,0,0,0,0,0,0
c,0,0,0,0,0,0,0,0,d,0,0,0,0,0,0
c,x,0,0,0,0,0,0,0,d,0,0,0,0,0,0
i,f,f,f,y,f,f,f,f,k,0,0,0,0,0,0
0,0,0,0,0,0,0,0,0,0,0,0,0,0,0,0
NAME Tuesday Bedroom 4
ITM 7 7,10
ITM 3 1,0
ITM 3 0,1
ITM 3 2,1
ITM 3 1,2
EXT 1,0 e 14,13
EXT 0,1 e 14,13
EXT 2,1 e 14,13
EXT 1,2 e 14,13
PAL 1

ROOM e
0,0,0,0,0,0,0,0,0,0,0,0,0,0,0,0
0,0,0,0,0,0,0,0,0,0,0,0,0,0,0,0
0,0,0,0,0,0,0,0,0,0,0,0,0,0,0,0
0,0,0,0,0,0,0,0,0,0,0,0,0,0,0,0
0,0,0,0,0,0,0,0,0,0,0,0,0,0,0,0
0,0,0,0,0,0,0,0,0,0,0,0,0,0,0,0
0,0,0,0,0,0,0,0,0,0,0,0,0,0,0,0
0,0,0,0,0,0,0,0,0,0,0,0,0,0,0,0
e,e,e,e,e,e,e,e,j,0,0,0,0,0,0,0
0,0,0,0,0,0,0,0,d,0,0,0,0,0,0,0
g,g,r,s,t,g,p,0,d,0,0,0,0,0,0,0
0,0,u,v,w,0,m,l,d,0,0,0,0,0,0,0
0,0,0,0,0,0,o,n,d,0,0,0,0,0,0,0
0,0,0,0,0,0,0,0,d,0,0,0,0,0,0,0
x,0,0,0,0,0,0,0,d,0,0,0,0,0,0,0
f,f,f,y,f,f,f,f,k,0,0,0,0,0,0,0
NAME Tuesday Bedroom 5
ITM 1 7,10
ITM c 14,12
ITM c 13,13
ITM c 15,13
ITM c 14,14
EXT 14,12 f 5,6
EXT 13,13 f 5,6
EXT 15,13 f 5,6
EXT 14,14 f 5,6
PAL 1

ROOM f
0,0,0,0,0,0,0,0,0,0,0,0,0,0,0,0
0,0,0,0,0,0,0,0,0,0,0,0,0,0,0,0
0,0,0,0,0,0,0,0,0,0,0,0,0,0,0,0
0,0,z,g,g,g,g,g,g,g,g,g,g,10,0,0
0,0,c,b,b,16,1f,b,1b,19,19,19,18,d,0,0
0,0,c,14,14,15,g,g,1c,1e,1e,1e,1d,d,0,0
0,0,c,13,1n,0,0,0,0,0,0,0,0,d,0,0
0,0,c,11,1m,0,0,0,0,0,0,0,0,d,0,0
0,0,c,11,1m,0,0,0,0,0,1g,1h,0,d,0,0
0,0,c,11,1m,0,0,1l,0,0,0,0,0,d,0,0
0,0,c,11,12,0,0,0,0,0,0,0,0,d,0,0
0,0,c,0,0,0,0,0,0,0,0,1k,0,d,0,0
0,0,c,0,0,0,0,0,0,0,0,0,0,d,0,0
0,0,i,f,f,f,f,f,f,f,f,f,f,k,0,0
0,0,0,0,0,0,0,0,0,0,0,0,0,0,0,0
0,0,0,0,0,0,0,0,0,0,0,0,0,0,0,0
NAME Wednesday House
ITM d 8,7
ITM e 9,10
ITM f 3,11
EXT 3,6 g 7,10
PAL 0

ROOM g
0,0,0,0,0,0,0,0,0,0,0,0,0,0,0,0
0,0,0,0,0,0,0,0,0,0,0,0,0,0,0,0
0,0,0,0,0,0,0,0,0,0,0,0,0,0,0,0
0,0,0,0,0,0,0,0,0,0,0,0,0,0,0,0
0,0,0,h,e,e,e,e,e,e,e,e,j,0,0,0
0,0,0,c,b,b,b,b,b,b,b,b,d,0,0,0
0,0,0,c,g,g,r,s,t,g,p,q,d,0,0,0
0,0,0,c,0,0,u,v,w,0,m,l,d,0,0,0
0,0,0,c,0,0,0,0,0,0,o,n,d,0,0,0
0,0,0,c,0,0,0,0,0,0,0,0,d,0,0,0
0,0,0,c,x,0,0,0,0,0,0,0,d,0,0,0
0,0,0,i,f,f,f,y,f,f,f,f,k,0,0,0
0,0,0,0,0,0,0,0,0,0,0,0,0,0,0,0
0,0,0,0,0,0,0,0,0,0,0,0,0,0,0,0
0,0,0,0,0,0,0,0,0,0,0,0,0,0,0,0
0,0,0,0,0,0,0,0,0,0,0,0,0,0,0,0
NAME Wednesday Bedroom 1
ITM g 7,7
EXT 7,7 h 1,1
PAL 0

ROOM h
0,0,0,0,0,0,0,0,0,0,0,0,0,0,0,0
0,0,0,0,0,0,0,0,0,0,0,0,0,0,0,0
0,0,0,0,0,0,0,0,0,0,0,0,0,0,0,0
0,0,0,0,0,0,0,0,0,0,0,0,0,0,0,0
0,0,0,h,e,e,e,e,e,e,e,e,j,0,0,0
0,0,0,c,b,b,b,b,b,b,b,b,d,0,0,0
0,0,0,c,g,g,r,s,t,g,p,q,d,0,0,0
0,0,0,c,0,0,u,v,w,0,m,l,d,0,0,0
0,0,0,c,0,0,0,0,0,0,o,n,d,0,0,0
0,0,0,c,0,0,0,0,0,0,0,0,d,0,0,0
0,0,0,c,x,0,0,0,0,0,0,0,d,0,0,0
0,0,0,i,f,f,f,y,f,f,f,f,k,0,0,0
0,0,0,0,0,0,0,0,0,0,0,0,0,0,0,0
0,0,0,0,0,0,0,0,0,0,0,0,0,0,0,0
0,0,0,0,0,0,0,0,0,0,0,0,0,0,0,0
0,0,0,0,0,0,0,0,0,0,0,0,0,0,0,0
NAME Wednesday Bedroom 2
ITM h 7,7
ITM i 7,6
EXT 1,0 j 1,1
EXT 0,1 j 1,1
EXT 1,2 j 1,1
EXT 2,1 j 1,1
PAL 1

ROOM i
0,0,0,0,0,0,0,0,0,0,0,0,0,0,0,0
0,0,0,0,0,0,0,0,0,0,0,0,0,0,0,0
0,0,0,0,0,0,0,0,0,0,0,0,0,0,0,0
0,0,0,0,0,0,0,0,0,0,0,0,0,0,0,0
0,0,0,h,e,e,e,e,e,e,e,e,j,0,0,0
0,0,0,c,b,1s,1o,1o,1o,1t,b,b,d,0,0,0
0,0,0,c,g,1q,r,s,t,1x,1w,q,d,0,0,0
0,0,0,c,0,1q,u,v,w,1r,m,l,d,0,0,0
0,0,0,c,0,1u,1p,1p,1p,1v,o,n,d,0,0,0
0,0,0,c,0,0,0,0,0,0,0,0,d,0,0,0
0,0,0,c,x,0,0,0,0,0,0,0,d,0,0,0
0,0,0,i,f,f,f,y,f,f,f,f,k,0,0,0
0,0,0,0,0,0,0,0,0,0,0,0,0,0,0,0
0,0,0,0,0,0,0,0,0,0,0,0,0,0,0,0
0,0,0,0,0,0,0,0,0,0,0,0,0,0,0,0
0,0,0,0,0,0,0,0,0,0,0,0,0,0,0,0
NAME Wednesday Bedroom X
ITM 1 11,6
ITM h 7,7
ITM i 7,6
ITM l 1,0
ITM l 0,1
ITM l 2,1
ITM l 1,2
EXT 1,0 m 3,6
EXT 0,1 m 3,6
EXT 1,2 m 3,6
EXT 2,1 m 3,6
PAL 1

ROOM j
0,0,0,0,0,0,0,0,0,0,0,0,0,0,0,0
0,0,0,0,0,0,0,0,0,0,0,0,0,0,0,0
0,0,1s,1o,1o,1o,1o,1o,1o,1o,1o,1o,1t,0,0,0
0,0,1q,0,0,0,0,0,0,0,0,0,1r,0,0,0
0,0,1q,h,e,e,e,e,e,e,e,e,1r,0,0,0
0,0,1q,c,b,b,b,b,b,b,b,b,1r,0,0,0
0,0,1q,c,g,g,r,s,t,g,p,q,1r,0,0,0
0,0,1q,c,0,0,u,v,w,0,m,l,1r,0,0,0
0,0,1q,c,0,0,0,0,0,0,o,n,1r,0,0,0
0,0,1q,c,0,0,0,0,0,0,0,0,1r,0,0,0
0,0,1q,c,x,0,0,0,0,0,0,0,1r,0,0,0
0,0,1u,1p,1p,1p,1p,1p,1p,1p,1p,1p,1v,0,0,0
0,0,0,0,0,0,0,0,0,0,0,0,0,0,0,0
0,0,0,0,0,0,0,0,0,0,0,0,0,0,0,0
0,0,0,0,0,0,0,0,0,0,0,0,0,0,0,0
0,0,0,0,0,0,0,0,0,0,0,0,0,0,0,0
NAME Wednesday Bedroom 3
ITM i 7,6
ITM h 7,7
EXT 1,0 k 1,1
EXT 0,1 k 1,1
EXT 2,1 k 1,1
EXT 1,2 k 1,1
PAL 1

ROOM k
0,0,0,0,0,0,0,0,0,0,0,0,0,0,0,0
0,0,0,0,0,0,0,0,0,0,0,0,0,0,0,0
0,0,0,0,0,0,0,0,0,0,0,0,0,0,0,0
0,0,0,1s,1o,1o,1o,1o,1o,1o,1o,1t,0,0,0,0
0,0,0,1q,e,e,e,e,e,e,e,1r,0,0,0,0
0,0,0,1q,b,b,b,b,b,b,b,1r,0,0,0,0
0,0,0,1q,g,g,r,s,t,g,p,1r,0,0,0,0
0,0,0,1q,0,0,u,v,w,0,m,1r,0,0,0,0
0,0,0,1q,0,0,0,0,0,0,o,1r,0,0,0,0
0,0,0,1q,0,0,0,0,0,0,0,1r,0,0,0,0
0,0,0,1u,1p,1p,1p,1p,1p,1p,1p,1v,0,0,0,0
0,0,0,0,0,0,0,0,0,0,0,0,0,0,0,0
0,0,0,0,0,0,0,0,0,0,0,0,0,0,0,0
0,0,0,0,0,0,0,0,0,0,0,0,0,0,0,0
0,0,0,0,0,0,0,0,0,0,0,0,0,0,0,0
0,0,0,0,0,0,0,0,0,0,0,0,0,0,0,0
NAME Wednesday Bedroom 4
ITM h 7,7
ITM i 7,6
EXT 1,0 l 1,1
EXT 0,1 l 1,1
EXT 1,2 l 1,1
EXT 2,1 l 1,1
PAL 1

ROOM l
0,0,0,0,0,0,0,0,0,0,0,0,0,0,0,0
0,0,0,0,0,0,0,0,0,0,0,0,0,0,0,0
0,0,0,0,0,0,0,0,0,0,0,0,0,0,0,0
0,0,0,0,0,0,0,0,0,0,0,0,0,0,0,0
0,0,0,0,1s,1o,1o,1o,1o,1o,1t,0,0,0,0,0
0,0,0,0,1q,b,b,b,b,b,1r,0,0,0,0,0
0,0,0,0,1q,g,r,s,t,g,1r,0,0,0,0,0
0,0,0,0,1q,0,u,v,w,0,1r,0,0,0,0,0
0,0,0,0,1q,0,0,0,0,0,1r,0,0,0,0,0
0,0,0,0,1u,1p,1p,1p,1p,1p,1v,0,0,0,0,0
0,0,0,0,0,0,0,0,0,0,0,0,0,0,0,0
0,0,0,0,0,0,0,0,0,0,0,0,0,0,0,0
0,0,0,0,0,0,0,0,0,0,0,0,0,0,0,0
0,0,0,0,0,0,0,0,0,0,0,0,0,0,0,0
0,0,0,0,0,0,0,0,0,0,0,0,0,0,0,0
0,0,0,0,0,0,0,0,0,0,0,0,0,0,0,0
NAME Wednesday Bedroom 5
ITM h 7,7
ITM i 7,6
ITM 3 1,0
ITM 3 0,1
ITM 3 2,1
ITM 3 1,2
EXT 1,0 i 1,1
EXT 0,1 i 1,1
EXT 1,2 i 1,1
EXT 2,1 i 1,1
PAL 1

ROOM m
0,0,0,0,0,0,0,0,0,0,0,0,0,0,0,0
0,0,0,0,0,0,0,0,0,0,0,0,0,0,0,0
0,0,0,0,0,0,0,0,0,0,0,0,0,0,0,0
0,0,z,g,g,g,g,g,g,g,g,g,g,10,0,0
0,0,c,b,b,16,1f,b,1b,19,19,19,18,d,0,0
0,0,c,14,14,15,g,g,1c,1e,1e,1e,1d,d,0,0
0,0,c,13,1n,0,0,0,0,0,0,0,0,d,0,0
0,0,c,11,1m,0,0,0,0,0,0,0,0,d,0,0
0,0,c,11,1m,0,0,0,0,0,1g,1h,0,d,0,0
0,0,c,11,1m,0,0,1l,0,0,0,0,0,d,0,0
0,0,c,11,12,0,0,0,0,0,0,0,0,d,0,0
0,0,c,0,0,0,0,0,0,0,0,1k,0,d,0,0
0,0,c,0,0,0,0,0,0,0,0,0,0,d,0,0
0,0,i,f,f,f,f,f,f,f,f,f,f,k,0,0
0,0,0,0,0,0,0,0,0,0,0,0,0,0,0,0
0,0,0,0,0,0,0,0,0,0,0,0,0,0,0,0
NAME Thursday House
ITM k 5,5
ITM m 3,11
ITM n 9,10
ITM o 7,7
EXT 5,5 n 5,14
PAL 0

ROOM n
0,0,0,0,0,0,0,0,0,0,0,0,0,0,0,0
0,0,0,0,0,0,0,0,0,0,0,0,0,0,0,0
0,h,e,e,e,e,e,e,e,e,e,e,e,e,j,0
0,c,0,0,29,0,0,29,0,0,29,0,0,29,d,0
0,c,0,0,0,0,0,0,0,0,0,0,0,0,d,0
0,c,21,22,23,2a,2a,2a,2a,2a,2a,2a,2a,2a,d,0
0,c,0,0,0,0,0,0,0,0,0,0,0,0,d,0
0,c,26,27,0,0,0,2b,2c,0,0,2d,0,0,d,0
0,c,24,25,0,28,0,1y,1z,20,0,2e,2f,0,d,0
0,i,f,f,f,f,f,f,f,f,f,f,f,f,k,0
0,0,0,2g,2h,2i,2j,2k,2l,2m,2n,2o,2p,2q,0,0
0,0,0,0,0,0,0,0,0,0,0,0,0,0,0,0
0,0,0,0,0,0,0,0,0,0,0,0,0,0,0,0
0,0,0,0,0,0,0,0,0,0,0,0,0,0,0,0
0,0,0,0,0,0,0,0,0,0,0,0,0,0,0,0
0,0,0,0,0,0,0,0,0,0,0,0,0,0,0,0
NAME Thursday Hospital
ITM j 6,8
ITM p 5,13
ITM p 4,14
ITM p 6,14
ITM p 5,15
EXT 5,13 o 5,6
EXT 4,14 o 5,6
EXT 6,14 o 5,6
EXT 5,15 o 5,6
PAL 1

ROOM o
0,0,0,0,0,0,0,0,0,0,0,0,0,0,0,0
0,0,0,0,0,0,0,0,0,0,0,0,0,0,0,0
0,0,0,0,0,0,0,0,0,0,0,0,0,0,0,0
0,0,z,g,g,g,g,g,g,g,g,g,g,10,0,0
0,0,c,b,b,16,1f,b,1b,19,19,19,18,d,0,0
0,0,c,14,14,15,g,g,1c,1e,1e,1e,1d,d,0,0
0,0,c,13,1n,0,0,0,0,0,0,0,0,d,0,0
0,0,c,11,1m,0,0,0,0,0,0,0,0,d,0,0
0,0,c,11,1m,0,0,0,0,0,1g,1h,0,d,0,0
0,0,c,11,1m,0,0,1l,0,0,0,0,0,d,0,0
0,0,c,11,12,0,0,0,0,0,0,0,0,d,0,0
0,0,c,0,0,0,0,0,0,0,0,1k,0,d,0,0
0,0,c,0,0,0,0,0,0,0,0,0,0,d,0,0
0,0,i,f,f,f,f,f,f,f,f,f,f,k,0,0
0,0,0,0,0,0,0,0,0,0,0,0,0,0,0,0
0,0,0,0,0,0,0,0,0,0,0,0,0,0,0,0
NAME Friday House
ITM u 8,7
ITM v 9,10
ITM w 3,11
EXT 3,6 p 7,10
PAL 0

ROOM p
0,0,0,0,0,0,0,0,0,0,0,0,0,0,0,0
0,0,0,0,0,0,0,0,0,0,0,0,0,0,0,0
0,0,0,0,0,0,0,0,0,0,0,0,0,0,0,0
0,0,0,0,0,0,0,0,0,0,0,0,0,0,0,0
0,0,0,h,e,e,e,e,e,e,e,e,j,0,0,0
0,0,0,c,b,b,b,b,b,b,b,b,d,0,0,0
0,0,0,c,g,g,r,s,t,g,p,2r,d,0,0,0
0,0,0,c,0,0,u,v,w,0,m,2s,d,0,0,0
0,0,0,c,0,0,0,0,0,0,o,n,d,0,0,0
0,0,0,c,0,0,0,0,0,0,0,0,d,0,0,0
0,0,0,c,x,0,0,0,0,0,0,0,d,0,0,0
0,0,0,i,f,f,f,y,f,f,f,f,k,0,0,0
0,0,0,0,0,0,0,0,0,0,0,0,0,0,0,0
0,0,0,0,0,0,0,0,0,0,0,0,0,0,0,0
0,0,0,0,0,0,0,0,0,0,0,0,0,0,0,0
0,0,0,0,0,0,0,0,0,0,0,0,0,0,0,0
NAME Friday Bedroom 1
ITM 13 11,6
ITM 14 11,7
EXT 11,6 q 1,14
EXT 11,7 q 1,14
PAL 0

ROOM q
0,0,0,0,0,0,0,0,0,0,0,0,0,0,0,0
0,0,0,0,0,0,0,0,0,0,0,0,0,0,0,0
0,0,0,0,0,0,0,0,0,0,0,0,0,0,0,0
0,0,0,0,0,0,0,0,0,0,0,0,0,0,0,0
0,0,0,h,e,e,e,e,e,e,e,e,j,0,0,0
0,0,0,c,b,b,b,b,b,b,b,b,d,0,0,0
0,0,0,c,g,g,r,s,t,g,p,q,d,0,0,0
0,0,0,c,0,0,u,v,w,0,m,l,d,0,0,0
0,0,0,c,0,0,0,0,0,0,o,n,d,0,0,0
0,0,0,c,0,0,0,0,0,0,0,0,d,0,0,0
0,0,0,c,x,0,0,0,0,0,0,0,d,0,0,0
0,0,0,i,f,f,f,y,f,f,f,f,k,0,0,0
0,0,0,0,0,0,0,0,0,0,0,0,0,0,0,0
0,0,0,0,0,0,0,0,0,0,0,0,0,0,0,0
0,0,0,0,0,0,0,0,0,0,0,0,0,0,0,0
0,0,0,0,0,0,0,0,0,0,0,0,0,0,0,0
NAME Friday Bedroom 2
ITM 1 11,6
ITM s 8,9
ITM t 9,9
ITM x 6,9
ITM y 7,9
EXT 1,13 r 1,14
EXT 0,14 r 1,14
EXT 2,14 r 1,14
EXT 1,15 r 1,14
PAL 1

ROOM r
0,0,0,0,0,0,0,0,0,0,0,0,0,0,0,0
0,0,0,0,0,0,0,0,0,0,0,0,0,0,0,0
0,0,0,0,0,0,0,0,0,0,0,0,0,0,0,0
0,0,0,0,0,0,0,0,0,0,0,0,0,0,0,0
0,0,0,h,e,e,e,e,e,e,e,e,j,0,0,0
0,0,0,c,b,b,b,b,b,b,b,b,d,0,0,0
2t,2u,0,c,g,g,r,s,t,g,p,q,d,0,0,0
2v,2w,0,c,0,0,u,v,w,0,m,l,d,0,0,0
0,0,0,c,0,0,0,0,0,0,o,n,d,0,0,0
0,0,0,c,0,0,0,0,0,0,0,0,d,0,0,0
0,0,0,c,x,0,0,0,0,0,0,0,d,0,0,0
0,0,0,i,f,f,f,y,f,f,f,f,k,0,0,0
0,0,0,0,0,0,0,0,0,0,0,0,0,0,0,0
0,0,0,0,0,0,0,0,0,0,0,0,0,0,0,0
0,0,0,0,0,0,0,0,0,0,0,0,0,0,0,0
0,0,0,0,0,0,0,0,0,0,0,0,0,0,0,0
NAME Friday Bedroom 3
ITM 1 11,6
ITM q 6,9
ITM r 7,9
ITM s 8,9
ITM t 9,9
EXT 1,13 s 1,14
EXT 0,14 s 1,14
EXT 2,14 s 1,14
EXT 1,15 s 1,14
PAL 1

ROOM s
0,0,0,0,0,0,0,0,0,0,0,0,0,0,0,0
0,0,0,0,0,0,0,0,0,0,0,0,0,0,0,0
0,0,0,2t,2u,0,0,0,0,0,0,0,0,0,0,0
0,0,0,2v,2w,0,0,0,0,0,0,0,0,0,0,0
0,0,0,h,e,e,e,e,e,e,e,e,j,0,0,0
0,0,0,c,b,b,b,b,b,b,b,b,d,0,0,0
0,0,0,c,g,g,r,s,t,g,p,q,d,0,0,0
0,0,0,c,0,0,u,v,w,0,m,l,d,0,0,0
0,0,0,c,0,0,0,0,0,0,o,n,d,0,0,0
0,0,0,c,0,0,0,0,0,0,0,0,d,0,0,0
0,0,0,c,x,0,0,0,0,0,0,0,d,0,0,0
0,0,0,i,f,f,f,y,f,f,f,f,k,0,0,0
0,0,0,0,0,0,0,0,0,0,0,0,0,0,0,0
0,0,0,0,0,0,0,0,0,0,0,0,0,0,0,0
0,0,0,0,0,0,0,0,0,0,0,0,0,0,0,0
0,0,0,0,0,0,0,0,0,0,0,0,0,0,0,0
NAME Friday Bedroom 4
ITM q 6,9
ITM s 8,9
ITM t 9,9
ITM z 7,9
ITM 1 11,6
EXT 1,13 t 1,14
EXT 0,14 t 1,14
EXT 2,14 t 1,14
EXT 1,15 t 1,14
PAL 1

ROOM t
0,0,0,0,0,0,0,2t,2u,0,0,0,0,0,0,0
0,0,0,0,0,0,0,2v,2w,0,0,0,0,0,0,0
0,0,0,0,0,0,0,0,0,0,0,0,0,0,0,0
0,0,0,0,0,0,0,0,0,0,0,0,0,0,0,0
0,0,0,h,e,e,e,e,e,e,e,e,j,0,0,0
0,0,0,c,b,b,b,b,b,b,b,b,d,0,0,0
0,0,0,c,g,g,r,s,t,g,p,q,d,0,0,0
0,0,0,c,0,0,u,v,w,0,m,l,d,0,0,0
0,0,0,c,0,0,0,0,0,0,o,n,d,0,0,0
0,0,0,c,0,0,0,0,0,0,0,0,d,0,0,0
0,0,0,c,x,0,0,0,0,0,0,0,d,0,0,0
0,0,0,i,f,f,f,y,f,f,f,f,k,0,0,0
0,0,0,0,0,0,0,0,0,0,0,0,0,0,0,0
0,0,0,0,0,0,0,0,0,0,0,0,0,0,0,0
0,0,0,0,0,0,0,0,0,0,0,0,0,0,0,0
0,0,0,0,0,0,0,0,0,0,0,0,0,0,0,0
NAME Friday Bedroom 5
ITM 1 11,6
ITM q 6,9
ITM s 8,9
ITM t 9,9
ITM 10 7,9
EXT 1,13 u 1,14
EXT 0,14 u 1,14
EXT 2,14 u 1,14
EXT 1,15 u 1,14
PAL 1

ROOM u
0,0,0,0,0,0,0,0,0,0,0,0,0,0,0,0
0,0,0,0,0,0,0,0,0,0,0,0,0,0,0,0
0,0,0,0,0,0,0,0,0,0,0,2t,2u,0,0,0
0,0,0,0,0,0,0,0,0,0,0,2v,2w,0,0,0
0,0,0,h,e,e,e,e,e,e,e,e,j,0,0,0
0,0,0,c,b,b,b,b,b,b,b,b,d,0,0,0
0,0,0,c,g,g,r,s,t,g,p,q,d,0,0,0
0,0,0,c,0,0,u,v,w,0,m,l,d,0,0,0
0,0,0,c,0,0,0,0,0,0,o,n,d,0,0,0
0,0,0,c,0,0,0,0,0,0,0,0,d,0,0,0
0,0,0,c,x,0,0,0,0,0,0,0,d,0,0,0
0,0,0,i,f,f,f,y,f,f,f,f,k,0,0,0
0,0,0,0,0,0,0,0,0,0,0,0,0,0,0,0
0,0,0,0,0,0,0,0,0,0,0,0,0,0,0,0
0,0,0,0,0,0,0,0,0,0,0,0,0,0,0,0
0,0,0,0,0,0,0,0,0,0,0,0,0,0,0,0
NAME Friday Bedroom 6
ITM 1 11,6
ITM q 6,9
ITM y 7,9
ITM s 8,9
ITM t 9,9
EXT 1,13 v 1,14
EXT 0,14 v 1,14
EXT 2,14 v 1,14
EXT 1,15 v 1,14
PAL 1

ROOM v
0,0,0,0,0,0,0,0,0,0,0,0,0,0,0,0
0,0,0,0,0,0,0,0,0,0,0,0,0,0,0,0
0,0,0,0,0,0,0,0,0,0,0,0,0,0,0,0
0,0,0,0,0,0,0,0,0,0,0,0,0,0,0,0
0,0,0,h,e,e,e,e,e,e,e,e,j,0,0,0
0,0,0,c,b,b,b,b,b,b,b,b,d,0,0,0
0,0,0,c,g,g,r,s,t,g,p,q,d,0,2t,2u
0,0,0,c,0,0,u,v,w,0,m,l,d,0,2v,2w
0,0,0,c,0,0,0,0,0,0,o,n,d,0,0,0
0,0,0,c,0,0,0,0,0,0,0,0,d,0,0,0
0,0,0,c,x,0,0,0,0,0,0,0,d,0,0,0
0,0,0,i,f,f,f,y,f,f,f,f,k,0,0,0
0,0,0,0,0,0,0,0,0,0,0,0,0,0,0,0
0,0,0,0,0,0,0,0,0,0,0,0,0,0,0,0
0,0,0,0,0,0,0,0,0,0,0,0,0,0,0,0
0,0,0,0,0,0,0,0,0,0,0,0,0,0,0,0
NAME Friday Bedroom 7
ITM 1 11,6
ITM q 6,9
ITM s 8,9
ITM t 9,9
ITM 11 7,9
ITM 3 1,13
ITM 3 0,14
ITM 3 2,14
ITM 3 1,15
EXT 1,13 w 1,14
EXT 0,14 w 1,14
EXT 2,14 w 1,14
EXT 1,15 w 1,14
PAL 1

ROOM w
0,0,0,0,0,0,0,0,0,0,0,0,0,0,0,0
0,0,0,0,0,0,0,0,0,0,0,0,0,0,0,0
0,0,0,0,0,0,0,0,0,0,0,0,0,0,0,0
0,0,0,0,0,0,0,0,0,0,0,0,0,0,0,0
0,0,0,h,e,e,e,e,e,e,e,e,j,0,0,0
0,0,0,c,b,b,b,b,b,b,b,b,d,0,0,0
0,0,0,c,g,g,r,s,t,g,p,q,d,0,0,0
0,0,0,c,0,0,u,v,w,0,m,l,d,0,0,0
0,0,0,c,0,0,0,0,0,0,o,n,d,0,0,0
0,0,0,c,0,0,0,0,0,0,0,0,d,0,0,0
0,0,0,c,x,0,0,0,0,0,0,0,d,0,0,0
0,0,0,i,f,f,f,y,f,f,f,f,k,0,0,0
0,0,0,0,0,0,0,0,0,0,0,0,0,0,0,0
0,0,0,0,0,0,0,0,0,0,0,0,0,0,0,0
0,0,0,0,0,0,0,0,0,0,0,0,0,0,0,0
0,0,0,0,0,0,0,0,0,0,0,0,0,0,0,0
NAME Friday Bedroom 8
ITM 12 7,9
ITM q 6,9
ITM s 8,9
ITM t 9,9
ITM 1 11,6
ITM 15 1,13
ITM 15 0,14
ITM 15 2,14
ITM 15 1,15
EXT 1,13 x 5,6
EXT 0,14 x 5,6
EXT 2,14 x 5,6
EXT 1,15 x 5,6
PAL 1

ROOM x
0,0,0,0,0,0,0,0,0,0,0,0,0,0,0,0
0,0,0,0,0,0,0,0,0,0,0,0,0,0,0,0
0,0,0,0,0,0,0,0,0,0,0,0,0,0,0,0
0,0,z,g,g,g,g,g,g,g,g,g,g,10,0,0
0,0,c,b,b,16,1f,b,1b,19,19,19,18,d,0,0
0,0,c,14,14,15,g,g,1c,1e,1e,1e,1d,d,0,0
0,0,c,13,1n,0,0,0,0,0,0,0,0,d,0,0
0,0,c,11,1m,0,0,0,0,0,0,0,0,d,0,0
0,0,c,11,1m,0,0,0,0,0,1g,1h,0,d,0,0
0,0,c,11,1m,0,0,1l,0,0,0,0,0,d,0,0
0,0,c,11,12,0,0,0,0,0,0,0,0,d,0,0
0,0,c,0,0,0,0,0,0,0,0,1k,0,d,0,0
0,0,c,0,0,0,0,0,0,0,0,0,0,d,0,0
0,0,i,f,f,f,f,f,f,f,f,f,f,k,0,0
0,0,0,0,0,0,0,0,0,0,0,0,0,0,0,0
0,0,0,0,0,0,0,0,0,0,0,0,0,0,0,0
NAME Saturday House
ITM 16 8,7
ITM 17 9,10
ITM 18 3,11
EXT 3,6 y 7,10
PAL 0

ROOM y
0,0,0,0,0,0,0,0,0,0,0,0,0,0,0,0
0,0,0,0,0,0,0,0,0,0,0,0,0,0,0,0
0,0,0,0,0,0,0,0,0,0,0,0,0,0,0,0
0,0,0,0,0,0,0,0,0,0,0,0,0,0,0,0
0,0,0,h,e,e,e,e,e,e,e,e,j,0,0,0
0,0,0,c,b,b,b,b,b,b,b,b,d,0,0,0
0,0,0,c,g,g,r,s,t,g,p,q,d,0,0,0
0,0,0,c,0,0,u,v,w,0,m,l,d,0,0,0
0,0,0,c,0,0,0,0,0,0,o,n,d,0,0,0
0,0,0,c,0,0,0,0,0,0,0,0,d,0,0,0
0,0,0,c,x,0,0,0,0,0,0,0,d,0,0,0
0,0,0,i,f,f,f,y,f,f,f,f,k,0,0,0
0,0,0,0,0,0,0,0,0,0,0,0,0,0,0,0
0,0,0,0,0,0,0,0,0,0,0,0,0,0,0,0
0,0,0,0,0,0,0,0,0,0,0,0,0,0,0,0
0,0,0,0,0,0,0,0,0,0,0,0,0,0,0,0
NAME Saturday Bedroom 1
ITM 19 7,7
EXT 7,7 z 14,1
PAL 0

ROOM z
0,0,0,0,0,0,0,0,0,0,0,0,0,0,0,0
0,0,0,0,0,0,0,0,0,0,0,0,0,0,0,0
0,0,0,0,0,0,0,0,0,0,0,0,0,0,0,0
0,0,0,0,0,0,0,0,0,0,0,0,0,0,0,0
0,0,0,h,e,e,e,e,e,e,e,e,j,0,0,0
0,0,0,c,b,b,b,b,b,b,b,b,d,0,0,0
0,0,0,c,g,g,r,s,t,g,p,q,d,0,0,0
0,0,0,c,0,0,u,v,w,0,m,l,d,0,0,0
0,0,0,c,0,0,0,0,0,0,o,n,d,0,0,0
0,0,0,c,0,0,0,0,0,0,0,0,d,0,0,0
0,0,0,c,x,0,0,0,0,0,0,0,d,0,0,0
0,0,0,i,f,f,f,y,f,f,f,f,k,0,0,0
0,0,0,0,0,0,0,0,0,0,0,0,0,0,0,0
0,0,0,0,0,0,0,0,0,0,0,0,0,0,0,0
0,0,0,0,0,0,0,0,0,0,0,0,0,0,0,0
0,0,0,0,0,0,0,0,0,0,0,0,0,0,0,0
NAME Saturday Bedroom 2
ITM i 7,6
ITM h 7,7
EXT 14,0 10 14,1
EXT 13,1 10 14,1
EXT 15,1 10 14,1
EXT 14,2 10 14,1
PAL 1

TIL 10
00000000
00000000
00000000
00000000
10000000
10000000
10000000
10000000
WAL true

TIL 11
00000000
00000000
00000000
11111111
00000000
00000000
00000000
11111111

TIL 12
10010000
10010000
10010000
10010000
10010000
10010000
11010000
11010000
WAL true

TIL 13
10110111
00000000
00000000
00000000
00000000
00000000
00000000
00000000

TIL 14
00000000
00000000
00000000
00000000
11111111
00000000
00000000
00000000
WAL true

TIL 15
01000010
01010010
01000010
01000010
11111111
00000000
00000000
00000000

TIL 16
00000000
00000000
00000000
00000000
00000000
01111110
01000010
01000010
WAL true

TIL 18
00000000
00000000
11111000
10001000
10001000
01001000
00111000
01001000
WAL true

TIL 19
00000000
00000000
11111111
00000000
00000000
10101010
00000000
00000000
WAL true

TIL 20
00000000
00000000
11111110
10010010
10010010
11111110
11111110
10010010

TIL 21
11111111
00000000
01000101
11110010
01000010
00000101
00000000
11111111

TIL 22
11111111
00000000
00001110
01101010
00001100
00001010
00000000
11111111

TIL 23
11111111
00000001
01001011
10100101
11100101
10100101
00000001
11111111

TIL 24
01011101
01010101
01011101
01000001
01000101
01000101
01000001
01000001

TIL 25
01110100
01010100
01110100
00000100
01000100
01000100
00000100
00000100

TIL 26
00000000
00000000
00000000
00000000
01111111
01000001
01111111
01000001

TIL 27
00000000
00000000
00000000
00000000
11111100
00000100
11111100
00000100

TIL 28
00111100
00101000
00111100
01111110
01101110
00111100
00111100
01100110
>
00111100
00010100
00111100
01111110
01101110
00111100
00111100
01100110

TIL 29
00010000
00010000
00111000
01111100
00000000
00000000
00000000
00000000

TIL 30
00000000
00100111
01010010
01010010
01010010
00100010
00000000
00000000

TIL 31
00000000
00011001
00010101
00011001
00010101
00011001
00000000
00000000

TIL 32
00000000
11000110
00000101
11000110
00000101
11000101
00000000
00000000

TIL 33
00000000
01110010
01000101
01110111
01000101
01110101
00000000
00000000

TIL 34
00000000
01100000
01010000
01010000
01010000
01100000
00000000
00000000

TIL 35
00000000
00100110
01010101
01110110
01010101
01010110
00000000
00000000

TIL 36
00000000
00100110
01010101
01010110
01010101
00100101
00000000
00000000

TIL 37
00000000
01110001
00100001
00100010
00100100
00100100
00000000
00000000

TIL 38
00000000
01100111
01010100
01100111
01010100
01010111
00000000
00000000

TIL 39
00000000
01110110
00100101
00100110
00100101
00100101
00000000
00000000

TIL a
11111111
10000001
10000001
10011001
10011001
10000001
10000001
11111111

TIL b
00000000
00000000
00000000
00000000
00000000
00000000
00000000
00000000
NAME Wall Blank
WAL true

TIL c
00000001
00000001
00000001
00000001
00000001
00000001
00000001
00000001
NAME Wall Left
WAL true

TIL d
10000000
10000000
10000000
10000000
10000000
10000000
10000000
10000000
NAME Wall Right
WAL true

TIL e
00000000
00000000
00000000
00000000
00000000
00000000
00000000
11111111
NAME Wall Top
WAL true

TIL f
11111111
00000000
00000000
00000000
00000000
00000000
00000000
00000000
NAME Wall Bottom
WAL true

TIL g
00000000
00000000
00000000
00000000
11111111
00000000
00000000
00000000
NAME Wall Perspective

TIL h
00000000
00000000
00000000
00000000
00000000
00000000
00000000
00000001
NAME Wall TL Corner
WAL true

TIL i
00000001
00000000
00000000
00000000
00000000
00000000
00000000
00000000
NAME Wall BL Corner
WAL true

TIL j
00000000
00000000
00000000
00000000
00000000
00000000
00000000
10000000
NAME Wall TR Corner
WAL true

TIL k
10000000
00000000
00000000
00000000
00000000
00000000
00000000
00000000
NAME Wall BR Corner
WAL true

TIL l
11111111
00000000
11111111
01010101
10101010
01010101
10101010
11111111
NAME Bed A
WAL true

TIL m
00000011
00000010
00000011
00000011
00000010
00000011
00000010
00000011
NAME Bed B
WAL false

TIL n
00000000
00000000
11111111
00000010
00000010
00000000
00000000
00000000
NAME Bed C
WAL true

TIL o
00000010
00000010
00000011
00000001
00000001
00000000
00000000
00000000
NAME Bed D

TIL p
00000000
00000001
00000010
00000010
11111110
00000011
00000010
00000010
NAME Bed E
WAL false

TIL q
00000000
11111111
00000000
01111100
10000010
10000011
10000010
01111100
NAME Bed F
WAL true

TIL r
00000000
00000000
00000000
11111111
10000000
10000000
10000000
11111111
WAL true

TIL s
01111110
01000010
01011010
11000011
01111110
00000000
01111110
11111111
>
01111110
01000010
01000010
11000011
01111110
00000000
01111110
11111111
WAL true

TIL t
00000000
00000000
00000000
11111111
00000001
00000001
00000001
11111111
WAL true

TIL u
10000000
11111111
01000000
01000000
01000000
01111111
00000000
00000000

TIL v
00111100
11100111
00100100
01100110
00100100
11111111
00011000
00111100

TIL w
00000001
11111111
00000010
00000010
00000010
11111110
00000000
00000000

TIL x
00000000
00011000
00100100
00111100
00100100
00100100
00011000
00000000

TIL y
10000001
10000001
10000001
00000000
10000001
10000001
00000000
10000001
WAL true

TIL z
00000000
00000000
00000000
00000000
00000001
00000001
00000001
00000001
WAL true

TIL 1b
00000000
00000000
00111111
00100010
00100010
00100100
00111000
00100100
WAL true

TIL 1c
00100010
00111111
00000000
00000000
11111111
00000000
00000000
00000000

TIL 1d
10001000
11111000
00000000
00000000
11111111
00000000
00000000
00000000

TIL 1e
00000000
11111111
00000000
00000000
11111111
00000000
00000000
00000000

TIL 1f
00000000
00000000
00000000
00000000
00000000
00001111
00001001
00001111
WAL true

TIL 1g
00011111
00100000
00100000
01011111
10100000
10011111
10010000
11111111
WAL true

TIL 1h
11111000
00000100
00000100
11111010
00000101
11111001
00001001
11111111
WAL true

TIL 1k
00000000
11111111
10000001
10100101
10100101
11111111
00100100
00111100
WAL true

TIL 1l
00000000
00000000
00000000
00000000
00000000
01111110
00100100
00000000
WAL true

TIL 1m
10010000
10010000
10010000
10010000
10010000
10010000
10010000
10010000
WAL true

TIL 1n
11110000
10010000
10010000
10010000
10010000
10010000
10010000
10010000
WAL true

TIL 1o
00000000
00000000
00000000
00000000
01110111
10001000
00000000
00000000

TIL 1p
00000000
00000000
10001000
01110111
00000000
00000000
00000000
00000000

TIL 1q
00000100
00001000
00001000
00001000
00000100
00001000
00001000
00001000

TIL 1r
00010000
00010000
00010000
00100000
00010000
00010000
00010000
00100000

TIL 1s
00000000
00000000
00000000
00000000
00000111
00001000
00001000
00001000

TIL 1t
00000000
00000000
00000000
00000000
01100000
10010000
00010000
00100000

TIL 1u
00000100
00001000
00001000
00000111
00000000
00000000
00000000
00000000

TIL 1v
00010000
00010000
10010000
01100000
00000000
00000000
00000000
00000000

TIL 1w
00000000
10000001
10000010
00000010
00010010
00101011
00010010
00000010

TIL 1x
00010011
00010100
00010100
00100011
00010000
00010000
00010000
00100000

TIL 1y
00000000
00000000
00001111
00001001
01001001
11001111
00001111
00001001

TIL 1z
00000000
00000000
11111111
00100100
00100100
11111111
11111111
00100100

TIL 2a
11111111
01010101
10101010
11111111
00000000
00000000
00000000
00000000

TIL 2b
00000000
00000000
01111111
01000000
01011001
01000000
01111111
00000000

TIL 2c
00000000
00000000
11111110
00000010
10010010
00000010
11111110
00000000

TIL 2d
00000000
00000000
00111100
00111100
00111100
00111100
00111000
00000000

TIL 2e
00000000
00111000
01010100
00111010
00011000
00111100
00111100
01111110
>
00011100
00101010
00011101
00001100
00011100
00111100
00111100
01111110

TIL 2f
00000000
00000000
00111000
01010111
00111001
00011111
00111101
00101001

TIL 2g
00000000
00000000
00100001
10101000
01110000
10101000
00100000
00000000
>
00000000
00000000
00000000
00000000
00000000
00000000
00000000
00000000

TIL 2h
00000000
00000000
11010101
10010101
10011101
10010101
10010101
00000000
>
00000000
00000000
00000000
00000000
00000000
00000000
00000000
00000000

TIL 2i
00000000
00000000
00110000
01000001
00100001
00010001
01100001
00000000
>
00000000
00000000
00000000
00000000
00000000
00000000
00000000
00000000

TIL 2j
00000000
00000000
10001101
01010000
11010000
01010000
01001100
00000000
>
00000000
00000000
00000000
00000000
00000000
00000000
00000000
00000000

TIL 2k
00000000
00000000
11010100
10010101
10010101
10010101
10011101
00000000
>
00000000
00000000
00000000
00000000
00000000
00000000
00000000
00000000

TIL 2l
00000000
00000000
10010010
01010010
11010010
01010010
01011011
00000000
>
00000000
00000000
00000000
00000000
00000000
00000000
00000000
00000000

TIL 2m
00000000
00000000
01010001
01010001
00100001
00100001
00100001
00000000
>
00000000
00000000
00000000
00000000
00000000
00000000
00000000
00000000

TIL 2n
00000000
00000000
01001001
01010101
11011101
01010101
01010101
00000000
>
00000000
00000000
00000000
00000000
00000000
00000000
00000000
00000000

TIL 2o
00000000
00000000
10011001
01010101
10011001
00010001
00010001
00000000
>
00000000
00000000
00000000
00000000
00000000
00000000
00000000
00000000

TIL 2p
00000000
00000000
11011001
00010101
11010101
00010101
11010101
00000000
>
00000000
00000000
00000000
00000000
00000000
00000000
00000000
00000000

TIL 2q
00000000
00000000
11011000
00010100
11010100
00010100
11011000
00000000
>
00000000
00000000
00000000
00000000
00000000
00000000
00000000
00000000

TIL 2r
00000000
11111111
00000000
01111100
10000010
10000011
10000010
01111100
NAME Magic Bed
WAL false

TIL 2s
11111111
00000000
11111111
01010101
10101010
01010101
10101010
11111111
NAME Magic Bed
WAL false

TIL 2t
00000111
00011111
00111111
00001111
00000011
00000001
00000000
00000000

TIL 2u
11100000
11111000
11111100
11111110
11111110
11111111
11111111
11111111

TIL 2v
00000000
00000000
00000001
00000011
00001111
00111111
00011111
00000111

TIL 2w
11111111
11111111
11111111
11111110
11111110
11111100
11111000
11100000

TIL 2x
00000000
00110000
01000100
01000000
01000100
00110000
00000000
00000000

TIL 2y
00000000
00110010
01000101
01000111
01000101
00110101
00000000
00000000

TIL 2z
00000000
01100110
01010101
01010101
01010101
01010101
00000000
00000000

TIL 3a
00000000
01010001
01010001
00100010
00100100
00100100
00000000
00000000

TIL 3b
00000000
01110010
01000101
01110111
01000101
01000101
00000000
00000000

TIL 3c
00000000
01110100
00100100
00100100
00100100
01110111
00000000
00000000

TIL 3d
00000000
01110000
00010000
00100000
00000000
00100000
00000000
00000000

SPR A
00011100
00101010
00011100
00111110
00111110
00011100
00010100
00010000
>
00011100
00101010
00011100
00111110
00111110
00011100
00010100
00000100
POS 3 5,6

SPR a
00000000
00000000
01010001
01110001
01110010
01111100
00111100
00100100
DLG SPR_0
POS f 11,9

ITM 0
00000000
00000000
00000000
00111100
01100100
00100100
00011000
00000000
NAME tea
DLG ITM_0

ITM 1
00000000
11111111
00000000
01111100
10000010
10111011
11010110
01111100
NAME Bedhead
COL 3

ITM 2
00011100
00101010
00011100
00111110
00111110
00011100
00010100
00010000
>
00011100
00101010
00011100
00111110
00111110
00011100
00010100
00000100
NAME Fake Avatar
COL 3

ITM 3
00001000
11101000
10101110
11101010
00000000
01110111
01010101
01010111
NAME oh no
DLG ITM_1

ITM 4
00000000
00100000
01010000
00100000
00000000
00000100
00000000
00000000
>
00000000
00000000
00100000
00000000
00000100
00001010
00000100
00000000
NAME Monday Dialogue 1
DLG ITM_2

ITM 5
00000000
00100000
01010000
00100000
00000000
00000100
00000000
00000000
>
00000000
00000000
00100000
00000000
00000100
00001010
00000100
00000000
NAME Monday Dialogue 2
DLG ITM_3

ITM 6
00000000
00100000
01010000
00100000
00000000
00000100
00000000
00000000
>
00000000
00000000
00100000
00000000
00000100
00001010
00000100
00000000
NAME Monday Dialogue 3
DLG ITM_4

ITM 7
00111011
01010110
00111011
00111111
00111010
00111011
00101010
00100011
NAME Get In Bed
COL 3

ITM 8
00000000
00100000
01010000
00100000
00000000
00000100
00000000
00000000
>
00000000
00000000
00100000
00000000
00000100
00001010
00000100
00000000
NAME TUESDAY OPENER
DLG ITM_5

ITM 9
00000000
00100000
01010000
00100000
00000000
00000100
00000000
00000000
>
00000000
00000000
00100000
00000000
00000100
00001010
00000100
00000000
NAME Tuesday Dialogue 1
DLG ITM_e

ITM 10
00000000
00111000
00000101
00000101
00111000
01000001
01000001
00111000
>
00000000
00111000
00000100
00000100
00111000
01000000
01000000
00111000
NAME Clock H
COL 3

ITM 11
00000000
00000000
01000101
01000101
00111000
00000101
00000101
00000000
>
00000000
00000000
01000100
01000100
00111000
00000100
00000100
00000000
NAME Clock I
COL 3

ITM 12
00000000
00111000
01000001
01000001
00111000
00000101
00000101
00111000
>
00000000
00111000
01000000
01000000
00111000
00000100
00000100
00111000
NAME Clock J
COL 3

ITM 13
00000000
11111111
00000000
01111100
10000010
10000011
10000010
01111100
NAME Secret Bed Top
DLG ITM_a
COL 1

ITM 14
11111111
00000000
11111111
01010101
10101010
01010101
10101010
11111111
NAME Secret Bed Bottom
DLG ITM_b
COL 1

ITM 15
00000000
00100000
01010000
00100000
00000000
00000100
00000000
00000000
>
00000000
00000000
00100000
00000000
00000100
00001010
00000100
00000000
NAME SATURDAY OPENING
DLG ITM_c

ITM 16
00000000
00100000
01010000
00100000
00000000
00000100
00000000
00000000
>
00000000
00000000
00100000
00000000
00000100
00001010
00000100
00000000
NAME Saturday Dialogue 1
DLG ITM_r

ITM 17
00000000
00100000
01010000
00100000
00000000
00000100
00000000
00000000
>
00000000
00000000
00100000
00000000
00000100
00001010
00000100
00000000
NAME Saturday Dialogue 2
DLG ITM_s

ITM 18
00000000
00100000
01010000
00100000
00000000
00000100
00000000
00000000
>
00000000
00000000
00100000
00000000
00000100
00001010
00000100
00000000
NAME Saturday Dialogue 3
DLG ITM_t

ITM 19
00111100
11100111
00100100
01100110
00100100
11111111
00011000
00111100
NAME Second Secret Chair
DLG ITM_d
COL 1

ITM a
00000000
00100000
01010000
00100000
00000000
00000100
00000000
00000000
>
00000000
00000000
00100000
00000000
00000100
00001010
00000100
00000000
NAME Tuesday Dialogue 2
DLG ITM_f

ITM b
00000000
00100000
01010000
00100000
00000000
00000100
00000000
00000000
>
00000000
00000000
00100000
00000000
00000100
00001010
00000100
00000000
NAME Tuesday Dialogue 3
DLG ITM_h

ITM c
00000000
00100000
01010000
00100000
00000000
00000100
00000000
00000000
>
00000000
00000000
00100000
00000000
00000100
00001010
00000100
00000000
NAME WEDNESDAY OPENING
DLG ITM_g

ITM d
00000000
00100000
01010000
00100000
00000000
00000100
00000000
00000000
>
00000000
00000000
00100000
00000000
00000100
00001010
00000100
00000000
NAME Wednesday Dialogue 1
DLG ITM_i

ITM e
00000000
00100000
01010000
00100000
00000000
00000100
00000000
00000000
>
00000000
00000000
00100000
00000000
00000100
00001010
00000100
00000000
NAME Wednesday Dialogue 2
DLG ITM_j

ITM f
00000000
00100000
01010000
00100000
00000000
00000100
00000000
00000000
>
00000000
00000000
00100000
00000000
00000100
00001010
00000100
00000000
NAME Wednesday Dialogue 3
DLG ITM_k

ITM g
00111100
11100111
00100100
01100110
00100100
11111111
00011000
00111100
NAME Wednesday Secret Chair
DLG ITM_6
COL 1

ITM h
00111110
11100111
01100110
01100110
00100100
11111111
00011000
00111100
NAME Wednesday Typing Chair
COL 3

ITM i
01111110
01000010
01011010
11000011
01111110
00000000
01011100
10111101
>
01111110
01000010
01000010
11000011
01111110
00000000
00011110
10011111
NAME Wednesday Typing Computer
COL 3

ITM j
00000000
00001110
00110101
00101110
00111110
00111111
00101000
00101000
NAME Broken Foot
COL 3

ITM k
01000010
01010010
01000010
01000010
11111111
00000000
00000000
00000000
NAME Secret Door
DLG ITM_7
COL 1

ITM l
00000000
00100000
01010000
00100000
00000000
00000100
00000000
00000000
>
00000000
00000000
00100000
00000000
00000100
00001010
00000100
00000000
NAME THURSDAY OPENING
DLG ITM_l

ITM m
00000000
00100000
01010000
00100000
00000000
00000100
00000000
00000000
>
00000000
00000000
00100000
00000000
00000100
00001010
00000100
00000000
NAME Thursday Dialog 1
DLG ITM_m

ITM n
00000000
00100000
01010000
00100000
00000000
00000100
00000000
00000000
>
00000000
00000000
00100000
00000000
00000100
00001010
00000100
00000000
NAME Thursday Dialog 2
DLG ITM_n

ITM o
00000000
00100000
01010000
00100000
00000000
00000100
00000000
00000000
>
00000000
00000000
00100000
00000000
00000100
00001010
00000100
00000000
NAME Thursday Dialog 3
DLG ITM_8

ITM p
00000000
00100000
01010000
00100000
00000000
00000100
00000000
00000000
>
00000000
00000000
00100000
00000000
00000100
00001010
00000100
00000000
NAME FRIDAY OPENING
DLG ITM_9

ITM q
00000000
00001110
00010001
00010001
00000000
00010001
00010001
00001110
NAME Clock A
COL 3

ITM r
00000000
00111000
01000101
01000101
00000000
01000101
01000101
00111000
>
00000000
00111000
01000100
01000100
00000000
01000100
01000100
00111000
NAME Clock B
COL 3

ITM s
00000000
00111000
01000101
01000101
00000000
01000101
01000101
00111000
NAME Clock C
COL 3

ITM t
00000000
11100000
00010000
00010000
00000000
00010000
00010000
11100000
NAME Clock D
COL 3

ITM u
00000000
00100000
01010000
00100000
00000000
00000100
00000000
00000000
>
00000000
00000000
00100000
00000000
00000100
00001010
00000100
00000000
NAME Friday Dialogue 1
DLG ITM_o

ITM v
00000000
00100000
01010000
00100000
00000000
00000100
00000000
00000000
>
00000000
00000000
00100000
00000000
00000100
00001010
00000100
00000000
NAME Friday Dialogue 2
DLG ITM_p

ITM w
00000000
00100000
01010000
00100000
00000000
00000100
00000000
00000000
>
00000000
00000000
00100000
00000000
00000100
00001010
00000100
00000000
NAME Friday Dialogue 3
DLG ITM_q

ITM x
00000000
00001110
00000001
00000001
00001110
00010000
00010000
00001110
NAME Clock E
COL 3

ITM y
00000000
00111000
00000101
00000101
00111000
00000101
00000101
00111000
>
00000000
00111000
00000100
00000100
00111000
00000100
00000100
00111000
NAME Clock F
COL 3

ITM z
00000000
00000000
00000101
00000101
00000000
00000101
00000101
00000000
>
00000000
00000000
00000100
00000100
00000000
00000100
00000100
00000000
NAME Clock G
COL 3

DLG SPR_0
I'm a cat

DLG ITM_0
You found a nice warm cup of tea

DLG ITM_1
oh no

DLG ITM_2
The commute to my new office is longer, and I have to get up earlier.

DLG ITM_3
There's a lot more people and it takes a lot more effort to keep up being a Proper Human Being all day.

DLG ITM_4
I hope I can get some creative work done before my depression kicks in.

DLG ITM_5
"""
TUESDAY
I got up early this morning to give someone a lift.
"""

DLG ITM_6
"""
OK, so, let's get to it. It's going to have three hundred screens with 16 colours per screen, and a dozen different NPCs with dialogue trees in each location. It'll have a battle system compatible with BBC BASIC using trading cards, and it has to be ready by 4am else the Piggies will defeat Daddy Giraffe and the cat will steal my toenails.{br}Wait... I don't...{br}
I don't have a cat.
{br}What...?
"""

DLG ITM_7
oh no

DLG ITM_8
In fact, you know what? I'm going to walk out of that door and have a fantastic day! Yeah!

DLG ITM_9
"""
FRIDAY
At least it wasn't broken.
"""

DLG ITM_a
Here's to a good night's sleep!

DLG ITM_b
Here's to a good night's sleep!

DLG ITM_c
"""
SATURDAY
hngngnhngnhghnghnghn
"""

DLG ITM_e
I had to do a bunch of training for people, so I had to focus all day.

DLG ITM_f
I really feel like a pizza and a sit down. Just for a bit.

DLG ITM_g
"""
WEDNESDAY
Got stuck in traffic.
"""

DLG ITM_h
I should work. But I just want to rest. Just for a bit.{br}Just for a bit.

DLG ITM_i
People posted a bunch of new games today. They were amazing.

DLG ITM_j
I haven't worked on mine for days, and everything I've seen is so much better than what I've done.

DLG ITM_k
"""
Got to keep up. Got to make something good so people will like me.{br}
{shk}It!{shk} I mean it. Like it.
"""

DLG ITM_l
"""
THURSDAY
I think I'm feeling better.
"""

DLG ITM_m
I think I'm coming out of this downswing. Feeling a little better about myself.

DLG ITM_n
I'm fine. I'm doing fine. I'm OK. I can face the world.

DLG ITM_o
so tired

DLG ITM_p
so I'm finally going to listen to what my body has been asking for all week.

DLG ITM_q
Sod trying to work. I'm going to get in bed, and then I'm going to {wvy}rest{wvy}.

DLG ITM_r
bought groceries

DLG ITM_s
cleaned the car

DLG ITM_t
now at last{br}{br}unfettered creative time

DLG ITM_d
Finally{br}{br}my time to shine.

END 0


END undefined
SUNDAY{br}I wrote a game. Now I just have to show it to people!{br}{br}...oh no

VAR a
42


