
        -Sfer Milendall-               un jeu Peter Februar

# BITSY VERSION 4.5

! ROOM_FORMAT 1

PAL 0
NAME p3
204,48,127
80,135,255
255,230,92

PAL 1
NAME p1
255,97,48
34,88,255
57,255,122

PAL 2
NAME p2
255,50,56
41,188,255
255,251,9

PAL 3
NAME p4
147,0,255
2,255,196
255,163,39

PAL 4
NAME p5
18,64,255
114,255,132
255,83,14

ROOM 0
0,0,0,0,0,0,0,0,0,0,0,0,0,0,0,0
0,0,0,0,0,j,0,0,0,0,0,0,0,0,0,0
0,0,0,0,0,0,0,0,0,0,0,0,0,0,0,0
0,0,0,0,0,0,0,0,0,0,0,0,0,0,0,0
0,0,0,j,j,0,0,0,0,0,0,0,0,0,0,0
0,0,j,0,0,j,0,0,18,0,0,0,0,0,0,0
0,j,0,0,0,0,10,13,1j,1l,1f,0,0,0,0,0
0,j,0,0,0,0,f,e,k,g,0,1a,0,0,0,0
0,j,0,0,0,0,11,1m,1m,16,1e,0,0,0,0,0
0,0,j,0,0,j,0,0,0,0,0,0,0,0,0,0
0,0,0,j,j,0,0,0,0,0,0,0,0,0,0,0
0,j,0,0,0,0,0,0,0,0,0,0,0,0,0,0
0,0,0,0,0,0,0,0,0,0,0,0,0,0,0,0
0,0,0,j,0,0,0,0,0,0,0,0,0,0,0,0
0,0,0,0,0,0,0,0,0,0,0,0,0,0,0,0
0,0,0,0,0,0,0,0,0,0,0,0,0,0,0,0
NAME 20
EXT 8,6 1 8,6
EXT 10,7 5 4,7
PAL 1

ROOM 1
0,0,0,0,0,0,0,0,0,0,0,0,0,0,0,0
0,0,0,0,0,0,0,0,0,0,0,0,0,0,0,0
0,0,0,0,0,0,0,0,0,0,0,0,0,0,0,0
0,0,0,0,0,0,0,0,0,0,0,0,0,0,0,0
0,0,0,0,0,0,0,y,1p,0,0,0,0,0,0,0
0,0,0,0,0,0,w,h,a,1n,0,0,0,0,0,0
0,0,0,0,0,0,0,1q,1g,1n,0,0,0,0,0,0
0,0,0,0,0,0,0,0,1b,0,0,0,0,0,0,0
0,0,0,0,0,0,0,0,0,0,0,0,0,0,0,0
0,0,0,0,0,0,0,0,0,0,0,0,0,0,0,0
0,0,0,0,0,0,0,0,0,0,0,0,0,0,0,0
0,0,0,0,0,0,0,0,0,0,0,0,0,0,0,0
0,0,0,0,0,0,0,0,0,0,0,0,0,0,0,0
0,0,0,0,0,0,0,0,0,0,0,0,0,0,0,0
0,0,0,0,0,0,0,0,0,0,0,0,0,0,0,0
0,0,0,0,0,0,0,0,0,0,0,0,0,0,0,0
NAME 21
EXT 8,6 0 8,6
PAL 1

ROOM 2
0,0,0,0,0,0,0,0,0,0,0,0,0,0,0,0
0,0,0,0,0,0,0,0,0,0,0,0,0,0,0,0
0,0,0,0,0,0,0,0,0,0,0,0,0,0,0,0
0,0,0,0,0,0,0,0,0,0,0,0,0,0,0,0
0,0,0,0,0,0,0,0,0,0,0,0,0,0,0,0
0,0,0,0,0,0,0,0,0,0,0,0,0,0,0,0
0,0,0,0,0,0,0,0,0,0,0,0,0,0,0,0
0,0,0,0,0,0,0,0,0,0,0,0,0,0,0,0
0,0,0,0,0,0,0,y,17,1f,0,0,0,0,0,0
0,0,0,0,0,0,w,h,g,0,1a,0,0,0,0,0
0,0,0,0,0,0,0,x,16,1e,0,0,0,0,0,0
0,0,0,0,0,0,0,0,0,0,0,0,0,0,0,0
0,0,0,0,0,0,0,0,0,0,0,0,0,0,0,0
0,0,0,0,0,0,0,0,0,0,0,0,0,0,0,0
0,0,0,0,0,0,0,0,0,0,0,0,0,0,0,0
0,0,0,0,0,0,0,0,0,0,0,0,0,0,0,0
NAME 19
EXT 9,9 6 5,9
PAL 1

ROOM 3
0,0,0,0,0,0,0,0,0,0,0,0,0,0,0,0
0,0,0,0,0,0,0,0,0,0,0,0,0,0,0,0
0,0,0,0,0,0,0,1p,17,1f,0,0,0,0,0,0
0,0,0,0,0,0,1o,m,g,0,1a,0,0,0,0,0
0,0,0,0,0,0,0,0,16,1e,0,0,0,0,0,0
0,0,0,0,0,0,0,0,0,0,0,0,0,0,0,0
0,0,0,0,0,0,0,0,0,0,0,0,0,0,0,0
0,0,0,0,0,0,0,0,0,0,0,0,0,0,0,0
0,0,0,0,0,0,0,0,0,0,0,0,0,0,0,0
0,0,0,0,0,0,0,0,0,0,0,0,0,0,0,0
0,0,0,0,0,0,0,0,0,0,0,0,0,0,0,0
0,0,0,0,0,0,0,0,0,0,0,0,0,0,0,0
0,0,0,0,0,0,0,0,0,0,0,0,0,0,0,0
0,0,0,0,0,0,0,0,0,0,0,0,0,0,0,0
0,0,0,0,0,0,0,0,0,0,0,0,0,0,0,0
0,0,0,0,0,0,0,0,0,0,0,0,0,0,0,0
NAME 10
EXT 7,3 4 7,5
EXT 9,3 9 5,3
PAL 2

ROOM 4
0,0,0,0,0,0,0,0,0,0,0,0,0,0,0,0
0,0,0,0,0,0,0,0,0,0,0,0,0,0,0,0
0,0,0,0,0,0,0,0,0,0,0,0,0,0,0,0
0,0,0,0,0,0,0,0,0,0,0,0,0,0,0,0
0,0,0,0,0,0,y,1s,1p,17,1f,0,0,0,0,0
0,0,0,0,0,w,h,o,e,p,0,1a,0,0,0,0
0,0,0,0,0,0,x,1m,14,1g,1r,0,0,0,0,0
0,0,0,0,0,0,0,0,0,1b,0,0,0,0,0,0
0,0,0,0,0,0,0,0,0,0,0,0,0,0,0,0
0,0,0,0,0,0,0,0,0,0,0,0,0,0,0,0
0,0,0,0,0,0,0,0,0,0,0,0,0,0,0,0
0,0,0,0,0,0,0,0,0,0,0,0,0,0,0,0
0,0,0,0,0,0,0,0,0,0,0,0,0,0,0,0
0,0,0,0,0,0,0,0,0,0,0,0,0,0,0,0
0,0,0,0,0,0,0,0,0,0,0,0,0,0,0,0
0,0,0,0,0,0,0,0,0,0,0,0,0,0,0,0
NAME 9
EXT 9,6 o 9,6
EXT 10,5 a 4,5
PAL 2

ROOM 5
0,0,0,0,0,0,0,0,0,0,0,0,0,0,0,0
0,0,0,0,0,0,0,0,0,0,0,0,0,0,0,0
0,0,0,0,0,0,0,0,0,0,0,0,0,0,0,0
0,0,0,0,0,0,0,0,0,0,0,0,0,0,0,0
0,0,0,0,0,0,0,0,0,0,0,0,0,0,0,0
0,0,0,0,0,0,0,0,0,0,0,0,0,0,0,0
0,0,0,0,1d,10,1p,1p,1p,1p,17,1f,0,0,0,0
0,0,0,19,0,f,e,e,a,s,g,0,0,0,0,0
0,0,0,0,1c,11,1m,14,1g,15,16,1e,0,0,0,0
0,0,0,0,0,0,0,0,1b,0,0,0,0,0,0,0
0,0,0,0,0,0,0,0,0,0,0,0,0,0,0,0
0,0,0,0,0,0,0,0,0,0,0,0,0,0,0,0
0,0,0,0,0,0,0,0,0,0,0,0,0,0,0,0
0,0,0,0,0,0,0,0,0,0,0,0,0,0,0,0
0,0,0,0,0,0,0,0,0,0,0,0,0,0,0,0
0,0,0,0,0,0,0,0,0,0,0,0,0,0,0,0
NAME 8
EXT 4,7 0 10,7
EXT 8,8 p 8,8
PAL 2

ROOM 6
0,0,0,0,0,0,0,0,0,0,0,0,0,0,0,0
0,0,0,0,0,0,0,0,0,0,0,0,0,0,0,0
0,0,0,0,0,0,0,0,0,0,0,0,0,0,0,0
0,0,0,0,0,0,0,0,0,0,0,0,0,0,0,0
0,0,0,0,0,0,0,0,0,0,0,0,0,0,0,0
0,0,0,0,0,0,0,0,0,0,0,0,0,0,0,0
0,0,0,0,0,0,0,0,0,0,0,0,0,0,0,0
0,0,0,0,0,0,0,0,0,0,0,0,0,0,0,0
0,0,0,0,0,1d,10,1p,1p,17,1f,0,0,0,0,0
0,0,0,0,19,0,f,a,u,g,0,0,0,0,0,0
0,0,0,0,0,1c,1t,1g,15,16,1e,0,0,0,0,0
0,0,0,0,0,0,0,1b,0,0,0,0,0,0,0,0
0,0,0,0,0,0,0,0,0,0,0,0,0,0,0,0
0,0,0,0,0,0,0,0,0,0,0,0,0,0,0,0
0,0,0,0,0,0,0,0,0,0,0,0,0,0,0,0
0,0,0,0,0,0,0,0,0,0,0,0,0,0,0,0
NAME 7
EXT 5,9 2 9,9
EXT 7,10 7 7,10
PAL 2

ROOM 7
0,0,0,0,0,0,0,0,0,0,0,0,0,0,0,0
0,0,0,0,0,0,0,0,0,0,0,0,0,0,0,0
0,0,0,0,0,0,0,0,0,0,0,0,0,0,0,0
0,0,0,0,0,0,0,0,0,0,0,0,0,0,0,0
0,0,0,0,0,0,0,0,0,0,0,0,0,0,0,0
0,0,0,0,0,0,0,0,0,0,0,0,0,0,0,0
0,0,0,0,0,0,0,0,0,0,0,0,0,0,0,0
0,0,0,0,0,0,0,0,0,0,0,0,0,0,0,0
0,0,0,0,0,0,0,0,0,0,0,0,0,0,0,0
0,0,0,0,0,0,0,18,0,0,0,0,0,0,0,0
0,0,0,0,0,0,1o,1j,1l,1f,0,0,0,0,0,0
0,0,0,0,0,0,1o,c,g,0,1a,0,0,0,0,0
0,0,0,0,0,0,0,1m,16,1e,0,0,0,0,0,0
0,0,0,0,0,0,0,0,0,0,0,0,0,0,0,0
0,0,0,0,0,0,0,0,0,0,0,0,0,0,0,0
0,0,0,0,0,0,0,0,0,0,0,0,0,0,0,0
NAME 18
EXT 9,11 d 5,11
EXT 7,10 6 7,10
PAL 2

ROOM 8
0,0,0,0,0,0,0,1p,y,0,0,0,0,0,0,0
0,0,0,0,0,0,1o,b,i,z,0,0,0,0,0,0
0,0,0,0,0,0,1o,1g,1u,0,0,0,0,0,0,0
0,0,0,0,0,0,0,1b,0,0,0,0,0,0,0,0
0,0,0,0,0,0,0,0,0,0,0,0,0,0,0,0
0,0,0,0,0,0,0,0,0,0,0,0,0,0,0,0
0,0,0,0,0,0,0,0,0,0,0,0,0,0,0,0
0,0,0,0,0,0,0,0,0,0,0,0,0,0,0,0
0,0,0,0,0,0,0,0,0,0,0,0,0,0,0,0
0,0,0,0,0,0,0,0,0,0,0,0,0,0,0,0
0,0,0,0,0,0,0,0,0,0,0,0,0,0,0,0
0,0,0,0,0,0,0,0,0,0,0,0,0,0,0,0
0,0,0,0,0,0,0,0,0,0,0,0,0,0,0,0
0,0,0,0,0,0,0,0,0,0,0,0,0,0,0,0
0,0,0,0,0,0,0,0,0,0,0,0,0,0,0,0
0,0,0,0,0,0,0,0,0,0,0,0,0,0,0,0
NAME 22
EXT 7,2 9 7,2
PAL 0

ROOM 9
0,0,0,0,0,0,0,0,0,0,0,0,0,0,0,0
0,0,0,0,0,0,0,18,0,0,0,0,0,0,0,0
0,0,0,0,0,1d,1i,1j,12,17,1f,0,0,0,0,0
0,0,0,0,19,0,f,k,l,g,0,1a,0,0,0,0
0,0,0,0,0,1c,11,14,1g,1h,1e,0,0,0,0,0
0,0,0,0,0,0,0,0,1b,0,0,0,0,0,0,0
0,0,0,0,0,0,0,0,0,0,0,0,0,0,0,0
0,0,0,0,0,0,0,0,0,0,0,0,0,0,0,0
0,0,0,0,0,0,0,0,0,0,0,0,0,0,0,0
0,0,0,0,0,0,0,0,0,0,0,0,0,0,0,0
0,0,0,0,0,0,0,0,0,0,0,0,0,0,0,0
0,0,0,0,0,0,0,0,0,0,0,0,0,0,0,0
0,0,0,0,0,0,0,0,0,0,0,0,0,0,0,0
0,0,0,0,0,0,0,0,0,0,0,0,0,0,0,0
0,0,0,0,0,0,0,0,0,0,0,0,0,0,0,0
0,0,0,0,0,0,0,0,0,0,0,0,0,0,0,0
NAME 11
EXT 10,3 g 6,3
EXT 7,2 8 7,2
EXT 5,3 3 9,3
EXT 8,4 a 8,4
PAL 0

ROOM a
0,0,0,0,0,0,0,0,0,0,0,0,0,0,0,0
0,0,0,0,0,0,0,0,0,0,0,0,0,0,0,0
0,0,0,0,0,0,0,0,0,0,0,0,0,0,0,0
0,0,0,0,0,0,0,0,18,0,0,0,0,0,0,0
0,0,0,0,1d,10,1p,13,1j,12,17,1f,0,0,0,0
0,0,0,19,0,f,e,e,k,e,g,0,1a,0,0,0
0,0,0,0,1c,11,1m,1m,1m,1m,16,1e,0,0,0,0
0,0,0,0,0,0,0,0,0,0,0,0,0,0,0,0
0,0,0,0,0,0,0,0,0,0,0,0,0,0,0,0
0,0,0,0,0,0,0,0,0,0,0,0,0,0,0,0
0,0,0,0,0,0,0,0,0,0,0,0,0,0,0,0
0,0,0,0,0,0,0,0,0,0,0,0,0,0,0,0
0,0,0,0,0,0,0,0,0,0,0,0,0,0,0,0
0,0,0,0,0,0,0,0,0,0,0,0,0,0,0,0
0,0,0,0,0,0,0,0,0,0,0,0,0,0,0,0
0,0,0,0,0,0,0,0,0,0,0,0,0,0,0,0
NAME 2
EXT 4,5 4 10,5
EXT 11,5 h 5,5
EXT 8,4 9 8,4
PAL 0

ROOM b
0,0,0,0,0,0,0,0,0,0,0,0,0,0,0,0
0,0,0,0,0,0,0,0,0,0,0,0,0,0,0,0
0,0,0,0,0,0,0,0,0,0,0,0,0,0,0,0
0,0,0,0,0,0,0,0,0,0,0,0,0,0,0,0
0,0,0,0,0,0,0,0,0,0,0,0,0,0,0,0
0,0,0,0,0,0,0,0,0,0,0,0,0,0,0,0
0,0,0,1d,10,1p,1p,1p,1p,1p,1p,17,1f,0,0,0
0,0,19,0,f,e,e,e,a,s,e,g,0,0,0,0
0,0,0,1c,11,1m,1m,14,1g,15,1m,16,1e,0,0,0
0,0,0,0,0,0,0,0,1b,0,0,0,0,0,0,0
0,0,0,0,0,0,0,0,0,0,0,0,0,0,0,0
0,0,0,0,0,0,0,0,0,0,0,0,0,0,0,0
0,0,0,0,0,0,0,0,0,0,0,0,0,0,0,0
0,0,0,0,0,0,0,0,0,0,0,0,0,0,0,0
0,0,0,0,0,0,0,0,0,0,0,0,0,0,0,0
0,0,0,0,0,0,0,0,0,0,0,0,0,0,0,0
NAME 1
EXT 3,7 o 11,7
EXT 8,8 r 8,8
PAL 0

ROOM c
0,0,0,0,0,0,0,0,0,0,0,0,0,0,0,0
0,0,0,0,0,0,0,0,0,0,0,0,0,0,0,0
0,0,0,0,0,0,0,0,0,0,0,0,0,0,0,0
0,0,0,0,0,0,0,0,0,0,0,0,0,0,0,0
0,0,0,0,0,0,0,0,0,0,0,0,0,0,0,0
0,0,0,0,0,0,0,0,0,0,0,0,0,0,0,0
0,0,0,0,0,0,0,0,0,0,0,0,0,0,0,0
0,0,0,0,0,0,0,0,0,0,0,0,0,0,0,0
0,0,0,0,1d,10,1p,1p,1p,1p,y,0,0,0,0,0
0,0,0,19,0,f,e,a,u,k,0,z,0,0,0,0
0,0,0,0,1c,11,14,1g,15,1m,x,0,0,0,0,0
0,0,0,0,0,0,0,1b,0,0,0,0,0,0,0,0
0,0,0,0,0,0,0,0,0,0,0,0,0,0,0,0
0,0,0,0,0,0,0,0,0,0,0,0,0,0,0,0
0,0,0,0,0,0,0,0,0,0,0,0,0,0,0,0
0,0,0,0,0,0,0,0,0,0,0,0,0,0,0,0
NAME 6
EXT 4,9 p 10,9
EXT 7,10 d 7,10
PAL 0

ROOM d
0,0,0,0,0,0,0,0,0,0,0,0,0,0,0,0
0,0,0,0,0,0,0,0,0,0,0,0,0,0,0,0
0,0,0,0,0,0,0,0,0,0,0,0,0,0,0,0
0,0,0,0,0,0,0,0,0,0,0,0,0,0,0,0
0,0,0,0,0,0,0,0,0,0,0,0,0,0,0,0
0,0,0,0,0,0,0,0,0,0,0,0,0,0,0,0
0,0,0,0,0,0,0,0,0,0,0,0,0,0,0,0
0,0,0,0,0,0,0,0,0,0,0,0,0,0,0,0
0,0,0,0,0,0,0,0,0,0,0,0,0,0,0,0
0,0,0,0,0,0,0,18,0,0,0,0,0,0,0,0
0,0,0,0,0,1d,1i,1j,12,17,0,0,0,0,0,0
0,0,0,0,19,0,f,r,s,g,0,0,0,0,0,0
0,0,0,0,0,1c,1t,1g,15,16,0,0,0,0,0,0
0,0,0,0,0,0,0,1b,0,0,0,0,0,0,0,0
0,0,0,0,0,0,0,0,0,0,0,0,0,0,0,0
0,0,0,0,0,0,0,0,0,0,0,0,0,0,0,0
NAME 17
EXT 7,10 c 7,10
EXT 5,11 7 9,11
EXT 7,12 e 7,12
PAL 0

ROOM e
0,0,0,0,0,0,0,0,0,0,0,0,0,0,0,0
0,0,0,0,0,0,0,0,0,0,0,0,0,0,0,0
0,0,0,0,0,0,0,0,0,0,0,0,0,0,0,0
0,0,0,0,0,0,0,0,0,0,0,0,0,0,0,0
0,0,0,0,0,0,0,0,0,0,0,0,0,0,0,0
0,0,0,0,0,0,0,0,0,0,0,0,0,0,0,0
0,0,0,0,0,0,0,0,0,0,0,0,0,0,0,0
0,0,0,0,0,0,0,0,0,0,0,0,0,0,0,0
0,0,0,0,0,0,0,0,0,0,0,0,0,0,0,0
0,0,0,0,0,0,0,0,0,0,0,0,0,0,0,0
0,0,0,0,0,0,0,0,0,0,0,0,0,0,0,0
0,0,0,0,0,0,0,18,18,0,0,0,0,0,0,0
0,0,0,0,0,0,1o,1j,1j,1n,0,0,0,0,0,0
0,0,0,0,0,0,1o,c,d,1n,0,0,0,0,0,0
0,0,0,0,0,0,0,1m,1m,0,0,0,0,0,0,0
0,0,0,0,0,0,0,0,0,0,0,0,0,0,0,0
NAME 23
EXT 7,12 d 7,12
EXT 8,12 s 8,12
PAL 0

ROOM g
0,0,0,0,0,0,0,0,0,0,0,0,0,0,0,0
0,0,0,0,0,0,0,0,0,0,0,0,0,0,0,0
0,0,0,0,0,0,1d,10,y,0,0,0,0,0,0,0
0,0,0,0,0,19,0,f,i,z,0,0,0,0,0,0
0,0,0,0,0,0,1c,11,x,0,0,0,0,0,0,0
0,0,0,0,0,0,0,0,0,0,0,0,0,0,0,0
0,0,0,0,0,0,0,0,0,0,0,0,0,0,0,0
0,0,0,0,0,0,0,0,0,0,0,0,0,0,0,0
0,0,0,0,0,0,0,0,0,0,0,0,0,0,0,0
0,0,0,0,0,0,0,0,0,0,0,0,0,0,0,0
0,0,0,0,0,0,0,0,0,0,0,0,0,0,0,0
0,0,0,0,0,0,0,0,0,0,0,0,0,0,0,0
0,0,0,0,0,0,0,0,0,0,0,0,0,0,0,0
0,0,0,0,0,0,0,0,0,0,0,0,0,0,0,0
0,0,0,0,0,0,0,0,0,0,0,0,0,0,0,0
0,0,0,0,0,0,0,0,0,0,0,0,0,0,0,0
NAME 12
EXT 6,3 9 10,3
PAL 3

ROOM h
0,0,0,0,0,0,0,0,0,0,0,0,0,0,0,0
0,0,0,0,0,0,0,0,0,0,0,0,0,0,0,0
0,0,0,0,0,0,0,0,0,0,0,0,0,0,0,0
0,0,0,0,0,0,0,0,0,0,0,0,0,0,0,0
0,0,0,0,0,1d,10,1p,1p,y,0,0,0,0,0,0
0,0,0,0,19,0,f,e,l,i,z,0,0,0,0,0
0,0,0,0,0,1c,11,14,1g,1u,0,0,0,0,0,0
0,0,0,0,0,0,0,0,1b,0,0,0,0,0,0,0
0,0,0,0,0,0,0,0,0,0,0,0,0,0,0,0
0,0,0,0,0,0,0,0,0,0,0,0,0,0,0,0
0,0,0,0,0,0,0,0,0,0,0,0,0,0,0,0
0,0,0,0,0,0,0,0,0,0,0,0,0,0,0,0
0,0,0,0,0,0,0,0,0,0,0,0,0,0,0,0
0,0,0,0,0,0,0,0,0,0,0,0,0,0,0,0
0,0,0,0,0,0,0,0,0,0,0,0,0,0,0,0
0,0,0,0,0,0,0,0,0,0,0,0,0,0,0,0
NAME 3
EXT 8,6 t 8,6
EXT 5,5 a 11,5
PAL 3

ROOM i
0,0,0,0,0,0,0,0,0,0,0,0,0,0,0,0
0,0,0,0,0,0,0,0,0,0,0,0,0,0,0,0
0,0,0,0,0,0,0,0,0,0,0,0,0,0,0,0
0,0,0,0,0,0,0,0,0,0,0,0,0,0,0,0
0,0,0,0,0,0,0,0,0,0,0,0,0,0,0,0
0,0,0,0,0,0,0,0,0,0,0,0,0,0,0,0
0,0,0,0,1d,10,1p,1p,1p,1p,17,0,0,0,0,0
0,0,0,19,0,f,e,a,s,e,g,0,0,0,0,0
0,0,0,0,1c,11,14,1g,15,1m,16,0,0,0,0,0
0,0,0,0,0,0,0,1b,0,0,0,0,0,0,0,0
0,0,0,0,0,0,0,0,0,0,0,0,0,0,0,0
0,0,0,0,0,0,0,0,0,0,0,0,0,0,0,0
0,0,0,0,0,0,0,0,0,0,0,0,0,0,0,0
0,0,0,0,0,0,0,0,0,0,0,0,0,0,0,0
0,0,0,0,0,0,0,0,0,0,0,0,0,0,0,0
0,0,0,0,0,0,0,0,0,0,0,0,0,0,0,0
NAME 4
EXT 4,7 q 12,7
EXT 7,8 j 7,8
PAL 3

ROOM j
0,0,0,0,0,0,0,0,0,0,0,0,0,0,0,0
0,0,0,0,0,0,0,0,0,0,0,0,0,0,0,0
0,0,0,0,0,0,0,0,0,0,0,0,0,0,0,0
0,0,0,0,0,0,0,0,0,0,0,0,0,0,0,0
0,0,0,0,0,0,0,0,0,0,0,0,0,0,0,0
0,0,0,0,0,0,0,0,0,0,0,0,0,0,0,0
0,0,0,0,0,0,0,0,0,0,0,0,0,0,0,0
0,0,0,0,0,0,0,18,0,0,0,0,0,0,0,0
0,0,0,0,0,0,13,1j,12,17,1f,0,0,0,0,0
0,0,0,0,0,w,h,k,l,g,0,1a,0,0,0,0
0,0,0,0,0,0,x,14,1g,1h,1e,0,0,0,0,0
0,0,0,0,0,0,0,0,1b,0,0,0,0,0,0,0
0,0,0,0,0,0,0,0,0,0,0,0,0,0,0,0
0,0,0,0,0,0,0,0,0,0,0,0,0,0,0,0
0,0,0,0,0,0,0,0,0,0,0,0,0,0,0,0
0,0,0,0,0,0,0,0,0,0,0,0,0,0,0,0
NAME 5
EXT 7,8 i 7,8
EXT 8,10 k 8,10
EXT 10,9 n 6,9
PAL 3

ROOM k
0,0,0,0,0,0,0,0,0,0,0,0,0,0,0,0
0,0,0,0,0,0,0,0,0,0,0,0,0,0,0,0
0,0,0,0,0,0,0,0,0,0,0,0,0,0,0,0
0,0,0,0,0,0,0,0,0,0,0,0,0,0,0,0
0,0,0,0,0,0,0,0,0,0,0,0,0,0,0,0
0,0,0,0,0,0,0,0,0,0,0,0,0,0,0,0
0,0,0,0,0,0,0,0,0,0,0,0,0,0,0,0
0,0,0,0,0,0,0,0,0,0,0,0,0,0,0,0
0,0,0,0,0,0,0,0,0,0,0,0,0,0,0,0
0,0,0,0,0,0,0,0,18,0,0,0,0,0,0,0
0,0,0,0,0,0,1d,1i,1j,1n,0,0,0,0,0,0
0,0,0,0,0,19,0,f,d,1n,0,0,0,0,0,0
0,0,0,0,0,0,1c,11,1m,0,0,0,0,0,0,0
0,0,0,0,0,0,0,0,0,0,0,0,0,0,0,0
0,0,0,0,0,0,0,0,0,0,0,0,0,0,0,0
0,0,0,0,0,0,0,0,0,0,0,0,0,0,0,0
NAME 16
EXT 8,10 j 8,10
EXT 6,11 s 10,11
PAL 3

ROOM l
0,0,0,0,0,0,0,0,0,0,0,0,0,0,0,0
0,0,0,0,0,0,0,0,0,0,0,0,0,0,0,0
0,0,0,0,0,0,0,0,0,0,0,0,0,0,0,0
0,0,0,0,0,0,0,0,0,0,0,0,0,0,0,0
0,0,0,0,0,0,0,1p,y,0,0,0,0,0,0,0
0,0,0,0,0,0,1o,b,i,z,0,0,0,0,0,0
0,0,0,0,0,0,1o,1g,1u,0,0,0,0,0,0,0
0,0,0,0,0,0,0,1b,0,0,0,0,0,0,0,0
0,0,0,0,0,0,0,0,0,0,0,0,0,0,0,0
0,0,0,0,0,0,0,0,0,0,0,0,0,0,0,0
0,0,0,0,0,0,0,0,0,0,0,0,0,0,0,0
0,0,0,0,0,0,0,0,0,0,0,0,0,0,0,0
0,0,0,0,0,0,0,0,0,0,0,0,0,0,0,0
0,0,0,0,0,0,0,0,0,0,0,0,0,0,0,0
0,0,0,0,0,0,0,0,0,0,0,0,0,0,0,0
0,0,0,0,0,0,0,0,0,0,0,0,0,0,0,0
NAME 13
EXT 7,6 m 7,6
PAL 4

ROOM m
0,0,0,0,0,0,0,0,0,0,0,0,0,0,0,0
0,0,0,0,0,0,0,0,0,0,0,0,0,0,j,0
0,0,0,0,0,0,0,0,0,0,0,j,0,0,0,0
0,0,0,0,0,0,0,0,0,0,0,0,0,0,0,0
0,0,0,0,0,0,0,0,0,0,0,j,j,0,0,0
0,0,0,0,0,0,0,18,0,0,j,0,0,j,0,0
0,0,0,0,0,1d,1i,1j,12,17,0,0,0,0,j,0
0,0,0,0,19,0,f,k,e,g,0,0,0,0,0,0
0,0,0,0,0,1c,11,1m,1m,16,0,0,0,0,j,0
0,0,0,0,0,0,0,0,0,0,j,0,0,j,0,0
0,0,0,0,0,0,0,0,0,0,0,j,j,0,0,0
0,0,0,0,0,0,0,0,0,0,0,0,0,0,j,0
0,0,0,0,0,0,0,0,0,0,j,0,0,0,0,0
0,0,0,0,0,0,0,0,0,0,0,0,j,0,0,0
0,0,0,0,0,0,0,0,0,0,0,0,0,j,0,0
0,0,0,0,0,0,0,0,0,0,0,0,0,0,0,0
NAME 14
EXT 5,7 t 11,7
EXT 7,6 l 7,6
END undefined 14,7
PAL 4

ROOM n
0,0,0,0,0,0,0,0,0,0,0,0,0,0,0,0
0,0,0,0,0,0,0,0,0,0,0,0,0,0,0,0
0,0,0,0,0,0,0,0,0,0,0,0,0,0,0,0
0,0,0,0,0,0,0,0,0,0,0,0,0,0,0,0
0,0,0,0,0,0,0,0,0,0,0,0,0,0,0,0
0,0,0,0,0,0,0,0,0,0,0,0,0,0,0,0
0,0,0,0,0,0,0,0,0,0,0,0,0,0,0,0
0,0,0,0,0,0,0,0,0,0,0,0,0,0,0,0
0,0,0,0,0,0,1d,10,y,0,0,0,0,0,0,0
0,0,0,0,0,19,0,f,i,z,0,0,0,0,0,0
0,0,0,0,0,0,1c,11,x,0,0,0,0,0,0,0
0,0,0,0,0,0,0,0,0,0,0,0,0,0,0,0
0,0,0,0,0,0,0,0,0,0,0,0,0,0,0,0
0,0,0,0,0,0,0,0,0,0,0,0,0,0,0,0
0,0,0,0,0,0,0,0,0,0,0,0,0,0,0,0
0,0,0,0,0,0,0,0,0,0,0,0,0,0,0,0
NAME 15
EXT 6,9 j 10,9
PAL 4

ROOM o
0,0,0,0,0,0,0,0,0,0,0,0,0,0,0,0
0,0,0,0,0,0,0,0,0,0,0,0,0,0,0,0
0,0,0,0,0,0,0,0,0,0,0,0,0,0,0,0
0,0,0,0,0,0,0,0,0,0,0,0,0,0,0,0
0,0,0,0,0,0,0,0,0,0,0,0,0,0,0,0
0,0,0,0,0,0,0,0,0,18,0,0,0,0,0,0
0,0,0,0,0,10,1p,1p,13,1j,1l,1f,0,0,0,0
0,0,0,0,0,f,e,e,t,c,g,0,1a,0,0,0
0,0,0,0,0,11,1m,1m,1m,1m,16,1e,0,0,0,0
0,0,0,0,0,0,0,0,0,0,0,0,0,0,0,0
0,0,0,0,0,0,0,0,0,0,0,0,0,0,0,0
0,0,0,0,0,0,0,0,0,0,0,0,0,0,0,0
0,0,0,0,0,0,0,0,0,0,0,0,0,0,0,0
0,0,0,0,0,0,0,0,0,0,0,0,0,0,0,0
0,0,0,0,0,0,0,0,0,0,0,0,0,0,0,0
0,0,0,0,0,0,0,0,0,0,0,0,0,0,0,0
NAME 8bis
EXT 9,6 4 9,6
EXT 11,7 b 3,7
PAL 2

ROOM p
0,0,0,0,0,0,0,0,0,0,0,0,0,0,0,0
0,0,0,0,0,0,0,0,0,0,0,0,0,0,0,0
0,0,0,0,0,0,0,0,0,0,0,0,0,0,0,0
0,0,0,0,0,0,0,0,0,0,0,0,0,0,0,0
0,0,0,0,0,0,0,0,0,0,0,0,0,0,0,0
0,0,0,0,0,0,0,0,0,0,0,0,0,0,0,0
0,0,0,0,0,0,0,0,0,0,0,0,0,0,0,0
0,0,0,0,0,0,0,0,18,0,0,0,0,0,0,0
0,0,0,0,0,1d,10,13,1j,1l,1f,0,0,0,0,0
0,0,0,0,0,0,f,t,c,g,0,1a,0,0,0,0
0,0,0,0,0,1c,11,1m,1m,16,1e,0,0,0,0,0
0,0,0,0,0,0,0,0,0,0,0,0,0,0,0,0
0,0,0,0,0,0,0,0,0,0,0,0,0,0,0,0
0,0,0,0,0,0,0,0,0,0,0,0,0,0,0,0
0,0,0,0,0,0,0,0,0,0,0,0,0,0,0,0
0,0,0,0,0,0,0,0,0,0,0,0,0,0,0,0
NAME 7bis
EXT 8,8 5 8,8
EXT 10,9 c 4,9
PAL 2

ROOM q
0,0,0,0,0,0,0,0,0,0,0,0,0,0,0,0
0,0,0,0,0,0,0,0,0,0,0,0,0,0,0,0
0,0,0,0,0,0,0,0,0,0,0,0,0,0,0,0
0,0,0,0,0,0,0,0,0,0,0,0,0,0,0,0
0,0,0,0,0,0,0,0,0,0,0,0,0,0,0,0
0,0,0,0,0,0,0,0,0,0,0,0,0,0,0,0
0,0,0,0,10,1p,1p,1p,1p,1p,1p,17,1f,0,0,0
0,0,0,0,f,e,e,e,t,b,e,g,0,1a,0,0
0,0,0,0,11,1m,1m,1m,14,1g,15,16,1e,0,0,0
0,0,0,0,0,0,0,0,0,1b,0,0,0,0,0,0
0,0,0,0,0,0,0,0,0,0,0,0,0,0,0,0
0,0,0,0,0,0,0,0,0,0,0,0,0,0,0,0
0,0,0,0,0,0,0,0,0,0,0,0,0,0,0,0
0,0,0,0,0,0,0,0,0,0,0,0,0,0,0,0
0,0,0,0,0,0,0,0,0,0,0,0,0,0,0,0
0,0,0,0,0,0,0,0,0,0,0,0,0,0,0,0
NAME 1bis
EXT 9,8 r 9,8
EXT 12,7 i 4,7
PAL 0

ROOM r
0,0,0,0,0,0,0,0,0,0,0,0,0,0,0,0
0,0,0,0,0,0,0,0,0,0,0,0,0,0,0,0
0,0,0,0,0,0,0,0,0,0,0,0,0,0,0,0
0,0,0,0,0,0,0,0,0,0,0,0,0,0,0,0
0,0,0,0,0,0,0,0,0,0,0,0,0,0,0,0
0,0,0,0,0,0,0,0,0,0,0,0,0,0,0,0
0,0,0,0,0,0,0,0,0,0,0,0,0,0,0,0
0,0,0,0,0,0,0,0,18,18,0,0,0,0,0,0
0,0,0,0,0,10,1p,13,1j,1j,1v,0,0,0,0,0
0,0,0,0,0,f,e,t,c,k,i,z,0,0,0,0
0,0,0,0,0,11,1m,1m,1m,1m,x,0,0,0,0,0
0,0,0,0,0,0,0,0,0,0,0,0,0,0,0,0
0,0,0,0,0,0,0,0,0,0,0,0,0,0,0,0
0,0,0,0,0,0,0,0,0,0,0,0,0,0,0,0
0,0,0,0,0,0,0,0,0,0,0,0,0,0,0,0
0,0,0,0,0,0,0,0,0,0,0,0,0,0,0,0
NAME 6bis
EXT 8,8 b 8,8
EXT 9,8 q 9,8
PAL 0

ROOM s
0,0,0,0,0,0,0,0,0,0,0,0,0,0,0,0
0,0,0,0,0,0,0,0,0,0,0,0,0,0,0,0
0,0,0,0,0,0,0,0,0,0,0,0,0,0,0,0
0,0,0,0,0,0,0,0,0,0,0,0,0,0,0,0
0,0,0,0,0,0,0,0,0,0,0,0,0,0,0,0
0,0,0,0,0,0,0,0,0,0,0,0,0,0,0,0
0,0,0,0,0,0,0,0,0,0,0,0,0,0,0,0
0,0,0,0,0,0,0,0,0,0,0,0,0,0,0,0
0,0,0,0,0,0,0,0,0,0,0,0,0,0,0,0
0,0,0,0,0,0,0,0,0,0,0,0,0,0,0,0
0,0,0,0,0,1d,10,1p,1p,17,1f,0,0,0,0,0
0,0,0,0,0,0,f,v,b,g,0,1a,0,0,0,0
0,0,0,0,0,1c,11,14,1g,1h,1e,0,0,0,0,0
0,0,0,0,0,0,0,0,1b,0,0,0,0,0,0,0
0,0,0,0,0,0,0,0,0,0,0,0,0,0,0,0
0,0,0,0,0,0,0,0,0,0,0,0,0,0,0,0
NAME 17bis
EXT 10,11 k 6,11
EXT 8,12 e 8,12
PAL 0

ROOM t
0,0,0,0,0,0,0,0,0,0,0,0,0,0,0,0
0,0,0,0,0,0,0,0,0,0,0,0,0,0,0,0
0,0,0,0,0,0,0,0,0,0,0,0,0,0,0,0
0,0,0,0,0,0,0,0,0,0,0,0,0,0,0,0
0,0,0,0,0,0,0,0,0,0,0,0,0,0,0,0
0,0,0,0,0,0,0,0,18,0,0,0,0,0,0,0
0,0,0,0,1d,10,1p,13,1j,12,17,1f,0,0,0,0
0,0,0,0,0,f,e,t,c,e,g,0,1a,0,0,0
0,0,0,0,1c,11,1m,1m,1m,1m,16,1e,0,0,0,0
0,0,0,0,0,0,0,0,0,0,0,0,0,0,0,0
0,0,0,0,0,0,0,0,0,0,0,0,0,0,0,0
0,0,0,0,0,0,0,0,0,0,0,0,0,0,0,0
0,0,0,0,0,0,0,0,0,0,0,0,0,0,0,0
0,0,0,0,0,0,0,0,0,0,0,0,0,0,0,0
0,0,0,0,0,0,0,0,0,0,0,0,0,0,0,0
0,0,0,0,0,0,0,0,0,0,0,0,0,0,0,0
NAME 4bis
EXT 11,7 m 5,7
EXT 8,6 h 8,6
PAL 3

TIL 10
00000000
00000000
00000000
00000000
00000000
00000000
00000000
10101111
WAL true

TIL 11
01011111
00000000
00000000
00000000
00000000
00000000
00000000
00000000
WAL true

TIL 12
10000000
10000000
10000000
10000000
10000000
10000000
10000000
11111111
WAL true

TIL 13
00000001
00000001
00000001
00000001
00000001
00000001
00000001
11111111
WAL true

TIL 14
11111111
00000001
00000001
00000001
00000001
00000001
00000001
00000001
WAL true

TIL 15
11111111
10000000
10000000
10000000
10000000
10000000
10000000
10000000
WAL true

TIL 16
11110101
00000000
00000000
00000000
00000000
00000000
00000000
00000000
WAL true

TIL 17
00000000
00000000
00000000
00000000
00000000
00000000
00000000
11101010
WAL true

TIL 18
00000000
00011000
00100100
01000010
11100111
00100100
00100100
00111100
WAL true

TIL 19
00001000
00011000
00101111
01000001
01000001
00101111
00011000
00001000
WAL true

TIL a
11111111
00000001
00100101
00111101
00100101
00111101
00100101
11111111

TIL b
11111111
10000000
10100100
10111100
10100100
10111100
10100100
11111111

TIL c
11111111
10100100
10111100
10100100
10111100
10100100
10000000
11111111

TIL d
11111111
00100101
00111101
00100101
00111101
00100101
00000001
11111111

TIL e
11111111
00000000
00000000
00000000
00000000
00000000
00000000
11111111

TIL f
01011111
00000000
00000000
00000000
00000000
00000000
00000000
10101111

TIL g
11110100
00000000
00000000
00000000
00000000
00000000
00000000
11111010

TIL h
11111111
10000000
10000000
10000000
10000000
10000000
10000000
11111111

TIL i
11111111
00000001
00000001
00000001
00000001
00000001
00000001
11111111

TIL j
00000000
00100010
01000100
11001001
10010010
00100110
01000000
10011001
WAL true

TIL k
11111111
00100100
00111100
00100100
00111100
00100100
00000000
11111111

TIL l
11111111
00000000
00100100
00111100
00100100
00111100
00100100
11111111

TIL m
11111111
10000000
10101010
10101000
10100100
10010100
10010100
10010101

TIL n
10000001
00000000
00000000
00000000
00000000
00000000
00000000
11111111

TIL o
10010101
00100100
00101000
00101010
00001010
00101000
00100000
11111111

TIL p
11110100
00000000
00100100
00111100
00100100
00111100
00100100
11111010

TIL q
11111111
00000001
00000001
00100101
00111101
00100101
00111101
10100101

TIL r
11111111
00100101
00111101
00100101
00111101
00100101
00111101
11100111

TIL s
11111111
10000000
10100100
10111100
10100100
10111100
10100100
11111111
WAL true

TIL t
11111111
00000001
00100101
00111101
00100101
00111101
00100101
11111111
WAL true

TIL u
11111111
10100100
10111100
10100100
10111100
10100100
10000000
11111111
WAL true

TIL v
11111111
00100101
00111101
00100101
00111101
00100101
00111101
11100111
WAL true

TIL w
00000001
00000011
00000011
00000011
00000011
00000011
00000011
00000001
WAL true

TIL x
11111111
01111110
00000000
00000000
00000000
00000000
00000000
00000000
WAL true

TIL y
00000000
00000000
00000000
00000000
00000000
00000000
01111110
11111111
WAL true

TIL z
10000000
11000000
11000000
11000000
11000000
11000000
11000000
10000000
WAL true

TIL 1a
00010000
00011000
11110100
10000010
10000010
11110100
00011000
00010000
WAL true

TIL 1b
00111100
00100100
00100100
11100111
01000010
00100100
00011000
00000000
WAL true

TIL 1c
00001001
00000000
00000000
00000000
00000000
00000000
00000000
00000000
WAL true

TIL 1d
00000000
00000000
00000000
00000000
00000000
00000000
00000000
00010010
WAL true

TIL 1e
00100000
00000000
00000000
00000000
00000000
00000000
00000000
00000000
WAL true

TIL 1f
00000000
00000000
00000000
00000000
00000000
00000000
00000000
10010000
WAL true

TIL 1g
11111111
01010101
10101010
01001001
00100100
10001000
00100010
00000000

TIL 1h
11110101
10000000
10000000
10000000
10000000
10000000
10000000
10000000
WAL true

TIL 1i
00000001
00000001
00000001
00000001
00000001
00000001
00000001
10111111
WAL true

TIL 1j
00000000
01000100
00010001
00100100
10010010
01010101
10101010
11111111

TIL 1l
10000000
10000000
10000000
10000000
10000000
10000000
10000000
11101010
WAL true

TIL 1m
11111111
00000000
00000000
00000000
00000000
00000000
00000000
00000000
WAL true

TIL 1n
10000000
10000000
10000000
10000000
10000000
10000000
10000000
10000000
WAL true

TIL 1o
00000001
00000001
00000001
00000001
00000001
00000001
00000001
00000001
WAL true

TIL 1p
00000000
00000000
00000000
00000000
00000000
00000000
00000000
11111111
WAL true

TIL 1q
11111111
01111111
00000001
00000001
00000001
00000001
00000001
00000001
WAL true

TIL 1r
10100000
10000000
10000000
10000000
10000000
10000000
10000000
10000000
WAL true

TIL 1s
00000000
00000000
00000000
00000000
00000000
00000000
00000000
10010100

TIL 1t
01011111
00000001
00000001
00000001
00000001
00000001
00000001
00000001
WAL true

TIL 1u
11111111
11111110
10000000
10000000
10000000
10000000
10000000
10000000
WAL true

TIL 1v
10000000
10000000
10000000
10000000
10000000
10000000
11111110
11111111
WAL true

SPR A
00000000
00101000
00111100
01011010
01111110
01000010
00111100
00000000
POS 0 4,7

SPR a
11111111
10000001
11010111
10001001
10110101
10000101
10010001
11111111
DLG SPR_0
POS 0 3,9

SPR b
00000000
00000000
00000000
00100000
00100000
00110000
00000000
00000000
DLG SPR_1
POS 1 7,5

SPR d
00000000
00000000
00000000
00100000
00100000
00110000
00000000
00000000
DLG SPR_2
POS 2 7,9

SPR e
00000000
00000000
00000000
00100000
00100000
00110000
00000000
00000000
DLG SPR_3
POS 4 6,5

SPR f
00000000
00000000
00000000
00000100
00000100
00001100
00000000
00000000
DLG SPR_4
POS 8 8,1

SPR g
00000000
00000000
00000000
00100000
00100000
00110000
00000000
00000000
DLG SPR_5
POS j 6,9

SPR h
00000000
00000000
00000000
00000100
00000100
00001100
00000000
00000000
DLG SPR_6
POS g 8,3

SPR i
00000000
00000000
00000000
00000100
00000100
00001100
00000000
00000000
DLG SPR_7
POS h 9,5

SPR j
00000000
00000000
00000000
00000100
00000100
00001100
00000000
00000000
DLG SPR_8
POS r 10,9

SPR k
00000000
00000000
00000000
00000100
00000100
00001100
00000000
00000000
DLG SPR_9
POS l 8,5

SPR l
00000000
00000000
00000000
00000100
00000100
00001100
00000000
00000000
DLG SPR_a
POS n 8,9

ITM 0
00000000
00000000
00000000
00111100
01100100
00100100
00011000
00000000
NAME tea
DLG ITM_0

DLG SPR_0
Hoffff, pas b'soin d'carte !

DLG ITM_0
You found a nice warm cup of tea

DLG SPR_1
Fallait pas tourner.

DLG SPR_2
Un long chemin t'attend encore.

DLG SPR_3
Gaffe au trou !

DLG SPR_4
Marcher a l'air de te plaire...

DLG SPR_5
T'es sur la bonne voie.

DLG SPR_6
Il fait frisquet, par chez vous.

DLG SPR_7
Tu chauffes ! T'y es presque !

DLG SPR_8
T'aurais pu prendre une carte avec toi, mais non !

DLG SPR_9
As-tu vu mes neuf frangins ?

DLG SPR_a
Et non ! Essaie encore !

END 0


END undefined
Un grand bravo - Tu l'as fait ! Et sans carte, en plus !         Mazette !

VAR a
42


