        rarelikeaunicorn                    presents...

# BITSY VERSION 3.4

! ROOM_FORMAT 1

PAL 0
11,72,107
207,240,158
59,134,134

PAL 1
11,72,107
121,189,154
207,240,158

PAL 2
3,22,52
9,145,196
40,208,124

ROOM 0
0,0,0,0,0,0,0,0,0,0,0,0,0,0,0,0
0,0,0,0,0,0,0,11,12,0,0,0,0,0,0,0
0,0,0,0,0,0,r,10,v,w,0,0,0,0,0,0
0,0,0,0,0,0,l,x,y,z,0,0,0,0,0,0
0,0,0,0,0,r,s,t,u,v,w,0,0,0,0,0
0,0,0,0,0,l,m,n,o,p,q,0,0,0,0,0
0,0,0,0,0,h,i,j,j,j,k,0,0,0,0,0
0,0,0,0,0,0,0,0,0,0,0,0,0,0,0,0
0,0,0,0,0,0,0,0,0,0,0,0,0,0,0,0
0,0,0,0,a,b,c,d,e,f,b,f,0,0,0,0
0,0,0,0,0,0,0,0,0,0,0,0,0,0,0,0
0,0,0,0,0,0,0,0,0,0,0,0,0,0,0,0
0,0,0,0,0,0,0,0,0,0,0,0,0,0,0,0
0,0,0,0,0,0,0,0,0,0,0,0,0,0,0,0
0,0,0,0,0,0,0,0,0,0,0,0,0,0,0,0
0,0,0,0,0,0,0,0,0,0,0,0,0,0,0,0
WAL 1y
EXT 2,13 1 3,1
EXT 3,14 1 3,1
EXT 4,13 1 3,1
EXT 3,12 1 3,1
PAL 0

ROOM 1
0,0,0,1y,0,0,0,0,0,0,0,0,0,0,0,0
0,0,0,0,13,0,32,0,0,0,0,32,31,0,0,0
0,0,0,0,0,32,0,0,0,0,0,0,0,0,33,0
0,0,0,0,0,0,0,0,0,0,0,0,0,0,0,0
0,0,31,0,0,0,0,0,0,0,0,0,0,0,0,0
0,0,32,0,0,0,0,0,0,17,14,16,1k,0,0,0
0,0,0,0,31,0,0,0,17,14,15,14,1j,1i,0,0
0,33,0,0,0,0,0,17,14,16,1a,17,1g,1h,0,0
0,0,0,0,0,0,17,14,16,19,17,14,16,19,0,0
0,0,0,0,0,17,14,16,19,17,14,16,19,19,0,0
0,0,0,1d,17,14,16,19,19,18,17,14,16,19,0,0
0,0,1e,1c,14,16,19,19,19,18,18,17,14,15,14,16
0,0,1b,1f,16,19,19,19,19,18,18,18,17,14,16,19
0,0,18,0,19,19,19,19,19,18,18,18,18,0,19,19
0,0,18,0,19,19,19,19,19,18,18,18,18,0,19,19
0,0,18,0,19,19,19,19,19,18,18,18,18,0,19,19
WAL 1y
EXT 3,2 2 6,14
EXT 2,1 3 7,1
PAL 1

ROOM 2
0,0,18,18,18,18,18,18,18,18,0,19,19,1a,0,19
0,0,18,18,18,18,18,18,18,18,0,19,19,1a,0,19
0,0,18,18,18,18,18,18,18,18,0,19,19,1a,0,19
0,0,18,18,18,18,18,18,18,18,0,19,19,1a,0,19
0,0,18,18,18,18,18,18,18,18,0,19,19,1a,0,19
0,31,18,18,18,18,18,18,18,1m,14,1l,19,1a,0,19
32,0,18,18,18,18,18,18,1m,14,1n,14,1l,1a,0,19
0,0,18,18,18,18,18,1m,14,1l,18,1m,14,1s,0,19
0,0,18,18,18,18,1m,14,1l,18,1m,14,1l,1a,0,19
32,0,18,18,18,1m,14,1l,0,1m,14,1l,19,1a,0,19
0,0,18,18,1m,14,1l,0,0,0,1m,14,1l,1a,0,19
0,0,18,1m,14,1l,0,0,0,0,0,1m,14,1n,14,1l
0,0,1r,14,1l,0,0,0,0,0,0,0,1m,14,1w,0
0,33,1q,1o,0,0,0,0,0,0,0,0,0,1t,1v,0
32,0,0,1p,0,0,0,0,0,0,33,0,0,1u,0,32
0,0,31,0,0,0,1y,0,0,0,0,0,0,31,0,0
WAL 1y
EXT 7,14 1 3,1
EXT 5,14 1 3,1
PAL 2

ROOM 3
0,0,0,32,0,0,0,1y,0,0,0,0,0,0,0,0
0,1d,0,0,0,0,13,0,0,0,0,31,0,0,0,0
1e,1x,0,0,31,0,0,0,32,0,0,0,31,0,0,0
1b,1f,16,0,0,0,0,0,0,0,33,0,0,0,0,0
18,17,14,16,0,0,0,0,0,0,0,0,0,0,32,0
18,18,17,14,16,0,0,0,0,0,0,0,0,0,0,0
18,18,18,17,14,16,0,0,0,0,0,31,0,0,1k,0
18,18,18,18,17,14,16,0,0,0,0,0,0,0,1z,1i
18,18,18,17,14,15,14,16,1k,0,0,0,0,17,1g,1h
18,18,17,14,16,1a,17,14,1j,1i,0,0,17,14,16,19
18,17,14,16,19,1a,18,17,1g,1h,0,17,14,16,19,19
18,18,17,14,16,1a,18,18,0,19,17,14,16,19,19,19
18,18,18,17,14,16,18,18,0,17,14,16,19,19,19,19
18,18,18,18,17,14,15,14,15,14,16,19,19,19,19,19
18,18,18,18,18,17,14,15,14,16,19,19,19,19,19,19
18,18,18,18,18,18,0,1a,0,19,19,19,19,19,19,19
WAL 1y
EXT 7,2 4 12,14
EXT 8,1 5 5,1
PAL 1

ROOM 4
18,0,19,19,19,19,19,19,19,19,18,18,18,18,0,19
18,0,19,19,19,19,19,19,19,19,18,18,18,18,0,19
18,0,19,19,19,19,19,19,19,19,18,18,18,18,0,19
1r,14,1l,19,19,19,19,19,19,19,18,18,18,18,0,19
1q,20,14,1l,19,19,19,19,19,19,18,18,18,18,0,19
0,21,1m,14,1l,19,19,19,19,19,18,18,18,18,0,19
0,18,18,1m,14,1l,19,19,19,19,18,18,18,18,0,19
0,18,18,18,1m,14,1l,19,19,19,18,18,18,18,0,19
0,18,18,1m,14,1n,14,1l,19,19,18,18,18,1m,14,1w
0,18,1m,14,1l,19,1m,14,1l,19,18,18,1m,14,22,1v
0,1m,14,1l,19,19,1a,1m,14,1w,18,1m,14,1l,23,0
0,0,1m,14,1l,19,1a,0,1t,1v,1m,14,1l,0,0,0
0,0,32,1m,14,1l,1a,0,24,1m,14,1l,0,0,0,33
31,0,0,0,1m,14,1n,14,1n,14,1l,0,0,32,0,0
0,31,0,0,0,1m,14,1n,14,1l,0,13,0,0,0,31
0,0,0,0,32,0,0,0,0,0,0,0,1y,0,0,0
WAL 1y
EXT 13,14 3 7,1
EXT 12,13 6 8,14
PAL 2

ROOM 5
0,0,0,0,0,1y,0,0,0,0,0,0,0,33,0,0
33,0,0,0,1y,0,0,0,0,0,0,31,0,0,0,0
0,0,32,0,0,0,0,0,32,0,31,0,31,0,0,0
0,31,32,0,0,0,0,32,0,0,0,0,0,0,0,0
0,0,0,0,0,0,0,0,0,0,1d,0,0,0,0,0
0,0,0,0,17,14,16,0,0,1e,1c,14,16,0,0,0
0,0,1d,17,14,15,14,16,0,1b,1f,15,14,16,0,0
0,1e,1c,14,16,1a,17,14,15,14,16,1a,17,14,16,0
0,1b,1f,16,19,1a,18,17,14,16,19,1a,18,17,14,16
31,18,17,14,16,1a,17,14,15,14,16,1a,17,14,16,19
0,18,18,17,14,15,14,16,1a,17,14,15,14,16,19,19
32,18,18,18,17,14,16,19,1a,18,17,14,16,19,19,19
0,18,18,18,18,0,19,19,1a,18,18,0,19,19,19,19
0,18,18,18,18,0,19,19,1a,18,18,0,19,19,19,19
0,18,18,18,18,0,19,19,1a,18,18,0,19,19,19,19
0,18,18,18,18,0,19,19,1a,18,18,0,19,19,19,19
WAL 1y
EXT 5,2 3 7,1
EXT 6,1 7 10,1
PAL 1

ROOM 6
0,18,18,18,18,0,19,19,1a,18,18,0,19,19,19,19
0,18,18,18,18,0,19,19,1a,18,18,0,19,19,19,19
0,18,18,18,18,0,19,19,1a,18,18,0,19,19,19,19
0,18,18,18,18,0,19,19,1a,18,18,0,19,19,19,19
0,18,18,18,18,0,19,19,1a,18,18,0,19,19,19,19
33,18,18,18,1m,14,1l,19,1a,18,1m,14,1l,19,19,19
32,18,18,1m,14,1n,14,1l,1a,1m,14,1n,14,1l,19,19
0,18,1m,14,1l,1a,1m,14,1n,14,1l,1a,1m,14,1l,19
0,1r,14,1l,19,1a,18,1m,14,1l,19,1a,18,1m,14,1l
0,1q,26,14,1l,1a,1m,14,1n,14,1l,1a,1m,14,1l,0
0,0,25,1m,14,1n,14,1l,0,1m,14,1n,14,1l,33,0
0,0,0,0,1m,14,1l,0,0,0,1m,14,1w,0,0,0
0,0,0,0,0,0,33,0,0,0,0,1t,1v,0,0,0
0,32,31,0,0,0,0,0,1y,0,0,1u,0,0,0,32
0,0,0,0,0,0,0,0,0,0,0,0,0,0,31,0
0,0,0,0,31,0,0,0,1y,0,0,0,0,0,0,0
WAL 1y
EXT 9,14 4 12,14
EXT 7,14 8 5,13
PAL 2

ROOM 7
0,0,33,32,0,0,0,0,0,0,1y,0,0,0,0,0
0,0,1d,0,0,0,0,0,0,0,0,1y,0,0,31,0
0,1e,2a,0,0,31,0,0,0,33,0,0,0,0,0,0
0,1b,1f,16,0,0,0,0,0,0,0,0,0,0,0,0
0,18,17,14,16,0,0,0,0,31,0,0,32,0,0,0
0,18,18,17,14,15,14,15,14,16,0,0,0,0,1k,0
0,18,18,18,0,1a,0,1a,17,14,15,14,16,0,1z,1i
33,18,18,18,0,1a,0,1a,18,0,1a,17,14,15,1g,1h
32,18,18,18,0,1a,0,1a,18,0,1a,18,0,1a,0,19
0,18,18,18,0,1a,0,0,18,0,1a,18,0,1a,0,19
0,18,18,18,0,1a,0,0,18,0,1a,18,0,0,0,19
31,18,18,18,0,0,0,0,0,0,1a,18,0,0,0,0
0,18,18,0,0,0,0,0,0,0,1a,0,0,0,0,0
0,18,18,0,0,0,0,0,0,0,0,0,0,0,0,0
0,18,18,0,0,0,0,0,0,0,0,0,0,0,0,0
0,18,0,0,0,0,0,0,0,0,0,0,0,0,0,0
WAL 1y
EXT 9,1 5 5,1
EXT 10,2 9 11,2
PAL 1

ROOM 8
0,18,0,19,19,1a,0,1a,0,19,19,0,19,1a,0,19
0,18,0,19,19,1a,0,1a,0,19,19,0,19,1a,0,19
0,18,0,19,19,1a,0,1a,0,19,19,0,29,1a,0,19
0,1r,14,1l,19,1a,0,1a,0,19,19,0,28,27,0,19
0,1q,26,14,1l,1a,0,1a,0,19,19,32,0,18,0,19
0,0,25,1m,14,1n,14,1n,14,1l,19,0,33,18,0,19
0,0,0,0,0,0,0,0,1m,14,1l,0,0,18,0,19
0,0,0,0,0,0,0,0,0,0,0,0,0,1m,14,1l
0,0,0,0,0,0,0,0,0,0,0,0,32,0,0,0
0,31,0,0,0,0,0,0,0,0,0,0,0,0,0,0
0,0,0,0,0,0,0,0,0,0,0,0,0,0,31,0
32,0,0,0,0,0,0,0,33,0,0,0,0,0,0,0
0,0,0,0,0,0,0,0,0,33,0,0,0,0,0,0
0,33,0,0,1y,0,13,0,0,0,0,31,0,0,0,0
0,0,32,0,0,1y,0,0,0,0,0,0,0,0,0,0
0,0,0,0,0,0,0,0,0,0,0,0,0,0,0,0
WAL 1y
EXT 5,12 6 8,14
PAL 2

ROOM 9
0,0,0,31,0,0,32,0,33,0,0,0,0,0,0,0
0,31,0,0,0,0,0,0,0,0,0,1y,0,0,0,0
0,1d,0,0,0,0,0,0,0,32,0,0,0,0,0,0
1e,1x,0,0,0,0,0,0,0,0,0,13,0,0,0,0
1b,1f,15,14,16,0,0,0,0,0,0,0,0,0,0,0
18,0,1a,0,19,0,0,0,0,0,0,0,32,0,31,0
18,0,1a,0,19,0,0,0,0,0,0,0,0,31,0,0
18,0,1a,0,19,0,0,33,0,0,0,0,0,0,0,33
18,0,1a,0,2c,0,0,0,0,32,0,0,0,0,0,0
18,0,1a,0,2e,31,0,0,0,0,0,0,0,0,0,0
18,0,1a,0,2d,0,0,17,14,16,0,0,0,0,1k,0
2f,0,2i,0,2d,2g,2h,18,0,2b,14,16,0,0,1z,1i
0,0,0,0,2c,2f,19,18,0,1a,17,14,16,17,1g,1h
0,0,0,0,19,18,19,18,0,1a,18,0,2b,14,16,19
2j,0,2j,0,19,18,19,18,0,1a,18,0,1a,0,19,19
18,0,1a,0,19,18,19,18,0,1a,18,0,1a,0,19,19
WAL 1y
EXT 10,2 7 10,1
EXT 12,2 a 1,7
PAL 1

ROOM a
0,0,0,0,17,14,16,0,0,32,0,32,0,0,0,0
32,0,0,17,14,16,0,0,0,0,31,0,0,0,33,0
0,31,0,18,17,14,16,0,0,0,0,0,0,1k,0,0
0,0,0,18,18,17,14,16,0,0,0,0,0,1z,1i,0
0,0,0,18,18,18,17,14,15,14,15,14,15,14,1h,32
0,0,31,18,18,18,18,17,14,16,1a,0,1a,0,19,0
0,0,0,0,18,18,18,18,17,14,16,0,1a,0,19,31
13,0,0,0,18,18,18,18,18,17,14,16,1a,0,19,0
0,0,0,33,0,18,18,18,18,18,17,14,16,0,19,0
0,32,0,0,0,0,18,18,18,17,14,16,0,0,1k,0
31,0,0,0,0,0,0,18,17,14,15,14,16,0,1z,1i
0,0,1d,0,0,17,14,15,14,16,1a,17,14,15,14,1h
0,1e,1c,14,15,14,16,1a,0,19,1a,18,0,1a,0,19
0,1b,1f,16,1a,0,19,1a,0,19,1a,18,0,1a,0,19
0,18,0,19,1a,0,19,1a,0,19,1a,18,0,1a,0,19
0,18,0,19,1a,0,19,1a,0,19,1a,18,0,1a,0,19
WAL 1y
EXT 2,7 c 7,1
EXT 1,8 e 7,1
EXT 1,6 i 1,11
PAL 1

ROOM b
0,18,18,18,1m,14,1l,19,1a,0,1a,0,1a,0,19,19
0,18,18,1m,14,1l,19,19,1a,0,1a,0,1a,0,19,19
0,18,18,0,1m,14,1l,19,1a,0,1a,0,1a,0,19,19
31,18,18,0,1a,1m,14,1l,1a,0,1a,0,1a,0,19,19
0,18,18,0,1a,18,1m,14,1n,14,1n,14,1n,14,1w,19
0,18,18,0,1a,18,0,1m,14,1l,19,19,19,1t,1v,19
0,18,18,0,1a,18,0,1a,1m,14,1l,19,19,1u,0,19
32,18,18,0,1a,18,0,1a,18,1m,14,1l,19,1a,0,19
0,18,18,0,1a,18,0,1a,18,18,1m,14,1l,1a,0,19
0,18,18,0,1a,18,0,1a,18,1m,14,1l,19,1a,0,19
0,18,18,0,1a,18,0,1a,1m,14,1n,14,1l,1a,0,19
31,18,18,0,1a,1m,14,1n,14,1l,31,1m,14,1n,14,1w
0,18,1m,14,1n,14,1l,0,0,0,0,0,0,0,1t,1v
0,1r,14,1l,0,0,0,33,0,0,0,0,0,0,1u,0
33,1q,1o,0,0,0,0,32,0,0,0,33,0,0,31,0
0,0,1p,0,0,0,31,0,0,0,0,0,0,32,0,0
WAL 1y
EXT 9,14 j 10,14
EXT 10,13 d 10,14
EXT 9,12 l 1,11
EXT 8,13 m 1,14
PAL 2

ROOM c
0,0,31,0,0,0,0,1y,0,0,0,0,0,0,0,32
0,0,32,0,0,33,0,0,0,0,0,0,0,0,0,0
0,1d,0,0,0,0,0,1y,0,0,0,32,0,31,0,0
1e,1x,0,0,0,0,0,0,0,0,0,0,0,0,0,0
1b,1f,15,14,15,14,15,14,15,14,16,0,0,1k,0,0
18,0,1a,0,1a,0,1a,0,1a,0,2b,14,16,1z,1i,0
18,0,1a,0,1a,0,1a,0,1a,0,1a,0,2b,1g,1h,0
18,0,1a,0,1a,0,0,0,1a,0,1a,0,1a,0,19,0
18,0,0,0,1a,0,0,0,0,0,1a,0,1a,0,19,0
0,0,1d,0,1a,0,0,0,0,0,0,0,1a,0,1k,0
0,1e,1x,0,0,0,0,0,0,0,0,0,0,0,1z,1i
0,1b,1f,15,14,16,0,0,0,17,14,15,14,15,1g,1h
0,18,0,1a,0,2b,14,15,14,2k,0,1a,0,1a,0,19
0,18,0,1a,0,1a,0,1a,0,1a,0,1a,0,1a,0,19
0,18,0,0,0,1a,0,1a,0,1a,0,1a,0,1a,0,19
0,18,0,0,0,0,0,1a,0,0,0,1a,0,0,0,19
WAL 1y
EXT 6,1 a 1,7
EXT 8,1 f 6,1
PAL 1

ROOM d
0,0,0,0,1a,0,0,0,1a,0,1a,0,0,0,0,0
0,0,1a,0,1a,0,1a,0,1a,0,1a,0,1a,0,0,0
18,0,1a,0,1a,0,1a,0,1a,0,1a,0,1a,0,19,0
18,0,1a,0,1a,0,1a,0,1a,0,1a,0,1a,0,19,19
1r,14,1n,14,1n,14,1n,14,1n,14,1s,0,1a,0,19,19
1q,1o,0,0,0,0,0,0,0,0,1m,14,1s,0,19,19
0,1p,0,0,0,1a,0,0,0,0,0,0,1m,14,1w,19
0,0,0,1a,0,1a,0,1a,0,0,0,0,0,1t,1v,19
0,18,0,1a,0,1a,0,1a,0,1a,0,0,0,1u,0,19
0,18,0,1a,0,1a,0,1a,0,1a,0,1a,0,1a,0,19
0,18,0,1a,0,1a,0,1a,0,1a,0,1a,0,1a,0,19
0,1r,14,1n,14,1s,0,1a,0,2l,14,1n,14,1n,14,1w
32,1q,1o,0,0,1m,14,1n,14,1l,0,0,0,0,1t,1v
31,0,1p,0,0,0,0,0,0,0,1y,0,0,0,1u,0
0,0,0,0,0,0,0,33,0,0,0,0,32,0,31,0
0,0,0,0,0,0,0,0,0,0,1y,0,0,0,0,0
WAL 1y
EXT 11,14 g 11,14
EXT 9,14 b 9,13
PAL 2

ROOM e
0,0,31,0,0,0,0,1y,0,0,0,0,0,0,0,32
0,0,32,0,0,33,0,0,0,0,0,0,0,0,0,0
0,1d,0,0,0,0,0,1y,0,0,0,32,0,31,0,0
1e,1x,0,0,0,0,0,0,0,0,0,0,0,0,0,0
1b,1f,15,14,15,14,15,14,15,14,16,0,0,1k,0,0
18,0,1a,0,1a,0,1a,0,1a,0,2b,14,16,1z,1i,0
18,0,1a,0,1a,0,1a,0,1a,0,1a,0,2b,1g,1h,0
18,0,1a,0,1a,0,0,0,1a,0,1a,0,1a,0,19,0
18,0,0,0,1a,0,0,0,0,0,1a,0,1a,0,19,0
0,0,1d,0,1a,0,0,0,0,0,0,0,1a,0,1k,0
0,1e,1x,0,0,0,0,0,0,0,0,0,0,0,1z,1i
0,1b,1f,15,14,16,0,0,0,17,14,15,14,15,1g,1h
0,18,0,1a,0,2b,14,15,14,2k,0,1a,0,1a,0,19
0,18,0,1a,0,1a,0,1a,0,1a,0,1a,0,1a,0,19
0,18,0,0,0,1a,0,1a,0,1a,0,1a,0,1a,0,19
0,18,0,0,0,0,0,1a,0,0,0,1a,0,0,0,19
WAL 1y
EXT 6,1 a 1,7
EXT 8,1 h 6,1
PAL 1

ROOM f
0,0,0,0,32,0,13,0,0,0,30,2z,2z,2z,2z,2z
0,31,0,0,0,0,0,0,0,0,0,30,2z,2z,2z,2z
0,0,31,0,0,0,1y,0,0,0,32,0,30,2z,2z,2z
33,0,0,0,0,0,31,0,0,0,0,0,30,2z,2z,2z
0,1d,0,0,0,0,0,0,0,0,0,0,30,0,1z,1i
1e,1x,0,0,0,32,0,0,0,0,0,0,0,17,14,1h
1b,14,16,0,0,0,0,0,0,0,33,0,17,14,16,19
18,0,2b,14,16,0,0,0,0,0,0,17,14,16,19,19
18,0,1a,0,2b,14,15,14,15,14,15,14,16,19,19,19
18,0,1d,0,1a,0,1a,0,1a,0,1a,0,19,19,19,19
18,1e,1x,0,1a,0,1a,0,1a,0,1a,0,19,19,19,19
18,1b,14,16,1a,0,1k,0,1a,0,1a,0,19,19,19,19
18,18,0,19,1a,0,1z,1i,1a,0,1a,0,19,19,19,19
18,18,0,2b,14,15,14,1h,1a,0,1a,0,19,19,19,19
18,18,0,1a,0,1a,0,19,1a,0,1a,0,19,19,19,19
18,18,0,1a,0,1a,0,19,1a,0,1a,0,19,19,19,19
WAL 1y
EXT 5,1 c 7,1
END undefined 7,1
PAL 1

ROOM g
18,0,1a,0,1a,0,1a,0,1a,0,1a,18,18,18,0,19
18,0,1a,0,1a,0,1a,0,1a,0,1a,18,18,18,0,19
18,0,1a,0,1a,0,1a,0,1a,0,1a,18,18,18,0,19
18,0,1a,0,1a,0,1a,0,1a,0,1a,18,18,18,0,19
18,0,1a,0,1a,0,1a,0,1a,0,1a,18,18,18,0,19
18,0,1a,0,1a,0,1a,0,1a,0,1a,18,18,1m,14,1w
1r,14,2m,0,1a,0,1a,0,1a,0,1a,18,1m,14,2n,1v
1q,1o,1m,14,2m,0,1a,0,1a,0,1a,1m,14,1l,23,0
0,1p,0,0,1m,14,1n,14,1n,14,1n,14,1l,0,0,0
0,18,0,1a,0,0,0,0,0,0,0,0,0,0,0,0
0,18,0,1a,0,1a,0,19,0,0,0,0,0,0,0,0
0,1r,14,2m,0,1a,0,19,0,0,0,32,0,0,0,0
0,1q,1o,18,0,1a,0,19,33,0,0,0,0,0,0,31
32,0,1p,1m,14,1n,14,1w,0,33,0,1y,0,0,31,0
0,31,0,0,0,0,1t,1v,0,0,0,0,0,0,0,32
0,0,0,0,0,0,1u,0,0,0,0,13,0,0,0,0
WAL 1y
EXT 10,14 d 10,14
END undefinee 12,14
PAL 2

ROOM h
0,0,0,0,32,0,1y,0,0,0,30,2z,2z,2z,2z,2z
0,31,0,0,0,0,0,0,0,0,0,30,2z,2z,2z,2z
0,0,31,0,0,0,1y,0,0,0,32,0,30,2z,2z,2z
33,0,0,0,0,0,31,0,0,0,0,0,30,2z,2z,2z
0,1d,0,0,0,0,0,0,0,0,0,0,30,2z,1z,1i
1e,1x,0,0,0,32,0,0,0,0,0,0,0,17,14,1h
1b,14,16,0,0,0,0,0,0,0,33,0,17,14,16,19
18,0,2b,14,16,0,0,0,0,0,0,17,14,16,19,19
18,0,1a,0,2b,14,15,14,15,14,15,14,16,19,19,19
18,0,1d,0,1a,0,1a,0,1a,0,1a,0,19,19,19,19
18,1e,1x,0,1a,0,1a,0,1a,0,1a,0,19,19,19,19
18,1b,14,16,1a,0,1k,0,1a,0,1a,0,19,19,19,19
18,18,0,19,1a,0,1z,1i,1a,0,1a,0,19,19,19,19
18,18,0,2b,14,15,14,1h,1a,0,1a,0,19,19,19,19
18,18,0,1a,0,1a,0,19,1a,0,1a,0,19,19,19,19
18,18,0,1a,0,1a,0,19,1a,0,1a,0,19,19,19,19
WAL 1y
EXT 5,1 e 7,1
EXT 7,1 k 11,14
PAL 1

ROOM i
0,0,0,31,0,0,32,0,0,33,0,0,0,32,0,31
11,12,0,0,31,0,0,0,0,0,0,31,11,12,0,0
10,v,w,32,0,0,11,12,0,0,0,r,10,v,w,0
x,y,z,0,0,r,10,v,w,31,0,l,x,y,z,31
t,u,v,w,33,l,x,y,z,0,r,s,t,u,v,w
n,o,p,q,r,s,t,u,v,w,l,m,n,o,p,q
j,j,j,k,l,m,n,o,p,q,h,i,j,j,j,k
0,0,0,0,h,i,j,j,j,k,0,0,0,0,0,0
0,0,31,0,0,0,0,0,0,0,0,0,32,0,0,0
0,31,0,0,32,0,0,0,0,0,0,31,0,0,0,31
0,13,0,33,0,0,0,0,0,0,0,0,0,0,0,0
1y,0,1y,0,0,17,14,15,14,16,0,33,0,31,0,32
0,0,0,0,17,14,16,1a,0,19,0,0,0,0,0,0
0,0,0,17,14,1h,19,1a,0,19,0,32,0,0,0,0
0,0,0,18,17,14,1h,1a,0,19,0,0,0,0,0,0
0,0,0,18,18,0,19,1a,0,19,0,0,0,0,0,0
WAL 1y
EXT 1,12 a 1,7
PAL 1

ROOM j
0,0,0,0,1a,0,0,0,1a,0,1a,0,0,0,0,0
0,0,1a,0,1a,0,1a,0,1a,0,1a,0,1a,0,0,0
18,0,1a,0,1a,0,1a,0,1a,0,1a,0,1a,0,19,0
18,0,1a,0,1a,0,1a,0,1a,0,1a,0,1a,0,19,19
1r,14,1n,14,1n,14,1n,14,1n,14,1s,0,1a,0,19,19
1q,1o,0,0,0,0,0,0,0,0,1m,14,1s,0,19,19
0,1p,0,0,0,1a,0,0,0,0,0,0,1m,14,1w,19
0,0,0,1a,0,1a,0,1a,0,0,0,0,0,1t,1v,19
0,18,0,1a,0,1a,0,1a,0,1a,0,0,0,1u,0,19
0,18,0,1a,0,1a,0,1a,0,1a,0,1a,0,1a,0,19
0,18,0,1a,0,1a,0,1a,0,1a,0,1a,0,1a,0,19
0,1r,14,1n,14,1s,0,1a,0,2l,14,1n,14,1n,14,1w
0,1q,1o,0,0,1m,14,1n,14,1l,0,0,0,0,1t,1v
31,0,1p,0,0,0,0,0,0,0,1y,0,0,0,1u,0
0,0,0,0,0,0,0,33,0,0,0,0,32,0,31,0
0,0,0,0,0,0,0,0,0,0,13,0,0,0,0,0
WAL 1y
EXT 11,14 k 11,14
EXT 9,14 b 9,13
PAL 2

ROOM k
18,0,1a,0,1a,0,1a,0,1a,0,1a,18,18,18,0,19
18,0,1a,0,1a,0,1a,0,1a,0,1a,18,18,18,0,19
18,0,1a,0,1a,0,1a,0,1a,0,1a,18,18,18,0,19
18,0,1a,0,1a,0,1a,0,1a,0,1a,18,18,18,0,19
18,0,1a,0,1a,0,1a,0,1a,0,1a,18,18,18,0,19
18,0,1a,0,1a,0,1a,0,1a,0,1a,18,18,1m,14,1w
1r,14,2m,0,1a,0,1a,0,1a,0,1a,18,1m,14,2n,1v
1q,1o,1m,14,2m,0,1a,0,1a,0,1a,1m,14,1l,23,0
0,1p,0,0,1m,14,1n,14,1n,14,1n,14,1l,0,0,0
0,18,0,1a,0,0,0,0,0,0,0,0,0,0,0,0
0,18,0,1a,0,1a,0,19,0,0,0,0,0,0,0,0
0,1r,14,2m,0,1a,0,19,0,0,0,32,0,0,0,0
0,1q,1o,18,0,1a,0,19,33,0,0,0,0,0,0,31
32,0,1p,1m,14,1n,14,1w,0,33,0,1y,0,0,31,0
0,31,0,0,0,0,1t,1v,0,0,0,0,0,0,0,32
0,0,0,0,0,0,1u,0,0,0,0,1y,0,0,0,0
WAL 1y
EXT 12,14 h 6,1
EXT 10,14 j 10,14
PAL 2

ROOM l
0,0,0,18,18,18,0,1a,0,19,0,0,0,0,0,0
0,0,0,18,18,18,0,1a,0,19,0,0,0,0,0,0
0,0,0,18,18,18,0,1a,0,19,0,0,0,0,0,0
0,0,0,18,18,18,0,1a,0,19,0,0,0,0,0,0
0,0,0,18,18,18,0,1a,0,19,0,0,0,0,0,0
0,0,0,18,18,18,0,1a,0,19,0,0,0,0,0,0
0,0,0,18,18,18,0,1a,0,19,0,0,0,0,0,0
0,0,0,18,18,18,0,1a,0,19,0,0,0,0,0,0
0,0,0,18,18,18,0,1a,0,19,0,0,0,0,0,0
0,0,0,18,18,18,0,1a,0,19,0,0,0,0,0,0
0,13,0,18,18,18,0,1a,0,19,0,0,0,0,0,0
1y,0,1y,18,18,1m,14,1n,14,1l,0,0,0,0,0,0
0,0,0,18,1m,14,1l,0,0,0,0,0,0,0,0,0
0,0,0,1m,14,1l,19,0,0,0,0,0,0,0,0,0
0,0,0,0,1m,14,1l,0,0,0,0,0,0,0,0,0
0,0,0,0,0,0,0,0,0,0,0,0,0,0,0,0
WAL 1y
EXT 1,12 b 9,13
END undefinee 0,1
PAL 2

ROOM m
0,31,0,0,2v,2v,2v,2y,0,0,0,31,0,0,0,0
31,0,0,0,2v,2u,2v,2w,0,0,33,0,0,0,32,0
0,0,2v,2v,2u,2u,2u,2w,0,0,0,0,0,0,0,0
0,0,2v,2u,2u,2u,2u,2w,0,0,0,0,0,0,0,0
0,33,2u,2u,2u,2t,2u,2w,0,32,0,0,0,0,31,0
0,0,2u,2t,2t,2t,2u,2w,0,0,0,0,0,0,0,0
32,0,2t,2t,2t,2t,2u,2w,0,0,0,0,0,0,0,0
0,0,2t,2t,2t,2r,2u,2w,0,33,0,32,0,0,0,0
0,0,2t,2r,2r,2r,2t,2w,0,0,0,0,0,0,0,0
0,0,2r,2r,2r,2s,2t,2w,0,0,0,0,0,32,0,0
0,0,2r,2s,2s,0,2t,2x,0,0,0,0,0,0,0,0
0,0,2s,0,0,0,2r,2x,0,0,0,0,0,0,1k,0
0,0,0,0,0,0,2r,2x,0,0,17,14,15,14,1j,1i
0,1y,0,0,0,0,2s,2x,0,0,18,0,1a,17,14,1w
0,0,0,0,0,0,0,0,0,0,18,0,1a,18,0,19
0,1y,0,0,0,0,0,0,0,0,18,0,1a,18,0,19
WAL 1y
EXT 2,14 b 9,13
END undefineg 0,14
PAL 2

TIL 10
00011111
00111111
00111111
01111111
01111111
11111011
11111011
11110101

TIL 11
00000000
00000000
00000000
00000000
00000101
00001110
00001110
00011111

TIL 12
00000000
00000000
00000000
00000000
11110000
11111000
11111000
01111100

TIL 13
10000001
01000010
00100100
00011000
00011000
00100100
01000010
10000001

TIL 14
00000000
00011000
01100110
10000001
00000000
10000001
01100110
00011000

TIL 15
00000000
00000000
00000000
10000001
01100110
10100101
00100100
00100100

TIL 16
00000000
00000000
00000000
10000000
01100000
10100000
00100000
00100000

TIL 17
00000000
00000000
00000000
00000001
00000110
00000101
00000100
00000100

TIL 18
00000100
00000100
00000100
00000100
00000100
00000100
00000100
00000100

TIL 19
00100000
00100000
00100000
00100000
00100000
00100000
00100000
00100000

TIL 20
00010000
00010000
01010000
00010001
00010110
00010101
00010100
10010100

TIL 21
01100100
00000100
00000100
00000100
00000100
00000100
00000100
00000100

TIL 22
00001000
00001000
00001010
10001000
01101000
10001000
00001000
00001001

TIL 23
00000110
00000000
00000000
00000000
00000000
00000000
00000000
00000000

TIL 24
00010110
00011000
00000000
00100100
00100100
00100100
00100100
00100100

TIL 25
01100000
00000000
00000000
00000000
00000000
00000000
00000000
00000000

TIL 26
00010100
00010100
01010100
00010101
00010110
00010001
00010000
10010000

TIL 27
00100100
00100100
00100100
00100100
01000100
10000100
00000100
00000100

TIL 28
00010000
00010000
00100000
00010100
00001010
00000010
00000001
00000000

TIL 29
00100000
01000000
01000000
01000000
01000000
00100000
00100000
00010000

TIL 30
00000011
00000000
00000111
00000000
00000001
00000000
00000011
00000000

TIL 31
00000000
00000000
00100000
00000000
00000100
00001010
00000100
00000000
>
00000000
00100000
01010000
00100000
00000000
00000100
00000000
00000000

TIL 32
00000000
00000000
00000000
00100000
00000000
00000000
00000000
00000000
>
00000000
00000000
00000000
00000000
00100000
00000000
00000000
00000000

TIL 33
00000000
00000000
00000000
00000000
00100000
01010000
00100000
00000000
>
00000000
00000000
00000000
00010000
00111000
00010000
00000000
00000000

TIL a
11111100
11111110
11000110
11000110
11111110
11111100
11000000
11000000

TIL b
01111110
11111110
11000000
11111110
11111110
11000000
11111110
01111110

TIL c
00000000
11000110
11100110
11110110
11111110
11011110
11001110
11000110

TIL d
11111100
11111110
11000110
11001110
11111100
11111100
11001110
11000110

TIL e
01111100
11111110
11000110
11000110
11000110
11000110
11111110
01111100

TIL f
01111110
11111110
11000000
11111100
01111110
00000110
11111110
11111100

TIL g
00000000
00000000
00000000
00000000
00000000
00000000
00000000
00000000

TIL h
00011111
00111110
00111110
00011101
00011101
00001011
00001011
00000111

TIL i
01111101
11111011
11111000
11111111
11111111
11111111
11111111
11111111

TIL j
11111111
11111111
00000000
11111111
11111111
11111111
11111111
11111111

TIL k
11111100
11111110
00000000
11111100
11111100
11111000
11111000
11110000

TIL l
00000001
00000011
00000011
00000111
00000111
00001111
00001111
00011111

TIL m
11110111
11101111
11101111
11011111
11011111
10111110
10111110
01111101

TIL n
11000000
10000000
10000000
00000000
00000000
11111111
11111111
11111111

TIL o
00000001
00000000
00000000
00000000
00000000
11111111
11111111
11111111

TIL p
11110111
11111011
11111011
01111101
00000001
11111111
11111111
11111111

TIL q
11000000
11100000
11100000
11110000
11110000
11111000
11111000
11111100

TIL r
00000000
00000000
00000000
00000000
00000000
00000000
00000000
00000001

TIL s
00011111
00111110
00111110
01111101
01111101
11111011
11111011
11110111

TIL t
01111100
11111000
11111000
11110000
11110000
11100000
11100000
11000000

TIL u
00011111
00001111
00001111
00000111
00000111
00000011
00000011
00000001

TIL v
01111100
10111110
10111110
11011111
11011111
11101111
11101111
11110111

TIL w
00000000
00000000
00000000
00000000
00000000
10000000
10000000
11000000

TIL x
11110101
11101110
11101110
11011111
11011111
10111110
10111110
01111100

TIL y
11110111
11111011
11111011
01111101
01111101
00111110
00111110
00011111

TIL z
11000000
11100000
11100000
11110000
11110000
11111000
11111000
01111100

TIL 1a
00100100
00100100
00100100
00100100
00100100
00100100
00100100
00100100

TIL 1b
00000100
00000100
00000100
00000101
00000110
00000101
00000100
00000100

TIL 1c
11010000
00010000
00010000
00010001
00010110
01010101
00010100
00010100

TIL 1d
00000000
00000000
00000000
00000000
00000000
00000000
00000000
00110000

TIL 1e
00000000
00000011
00000100
00000100
00000100
00000100
00000100
00000100

TIL 1f
00010000
00011000
01100110
10000001
00000000
10000001
01100110
00011000

TIL 1g
00001000
00011000
01100110
10000001
00000000
10000001
01100110
00011000

TIL 1h
00100000
00100000
00100000
10100000
01100000
10100000
00100000
00100000

TIL 1i
00000000
11000000
00100000
00100000
00100000
00100000
00100000
00100000

TIL 1j
00001011
00001000
00001000
10001000
01101000
10101010
00101000
00101000

TIL 1k
00000000
00000000
00000000
00000000
00000000
00000000
00000000
00001100

TIL 1l
00100000
00100000
00100000
10100000
01100000
10000000
00000000
00000000

TIL 1m
00000100
00000100
00000100
00000101
00000110
00000001
00000000
00000000

TIL 1n
00100100
00100100
00100100
10100101
01100110
10000001
00000000
00000000

TIL 1o
00001000
00001000
00101000
00001000
00001000
00001000
00001000
10001000

TIL 1p
01101000
00011000
00000000
00000000
00000000
00000000
00000000
00000000

TIL 1q
00000100
00000100
00000100
00000100
00000100
00000100
00000110
00000001

TIL 1r
00000100
00000100
00000100
00000101
00000110
00000101
00000100
00000100

TIL 1s
00100100
00100100
00100100
10100100
01100100
10000100
00000100
00000100

TIL 1t
00010000
00010000
00010100
00010000
00010000
00010000
00010000
00010001

TIL 1u
00010110
00011000
00000000
00000000
00000000
00000000
00000000
00000000

TIL 1v
00100000
00100000
00100000
00100000
00100000
00100000
01100000
10000000

TIL 1w
00100000
00100000
00100000
10100000
01100000
10100000
00100000
00100000

TIL 1x
11010000
00010000
00010000
00010000
00010000
01010000
00010000
00010000

TIL 1y
00000000
00000000
00000000
00000000
00000000
00000000
00000000
00000000

TIL 1z
00001011
00001000
00001000
00001000
00001000
00001010
00001000
00001000

TIL 2a
11010000
00010000
00010000
00010000
00010000
01010000
00010000
00010000

TIL 2b
00100000
00100000
00100000
00100001
00100110
00100101
00100100
00100100

TIL 2c
00100000
00100000
00000000
01000000
01000000
00100000
00100000
00010000

TIL 2d
00100000
00100000
00000000
00000000
00000000
00000000
00100000
00010000

TIL 2e
00000000
00100000
00100000
01000000
00000000
00000000
00100000
00000000

TIL 2f
00000100
00000000
00000100
00000000
00000000
00001000
00000100
00000100

TIL 2g
00000001
00000010
00000000
00000010
00000100
00000010
00000010
00000100

TIL 2h
10000000
01000000
00000000
00000000
00100000
00100000
00100000
00100000

TIL 2i
00100100
00100100
00100100
00100000
00000000
00100000
00000000
00000100

TIL 2j
00000100
00000000
00100000
00100100
00000100
00100010
01000100
00000100

TIL 2k
00000100
00000100
00000100
10000100
01100100
10100100
00100100
00100100

TIL 2l
00100100
00100100
00100100
00100101
00100110
00100001
00100000
00100000

TIL 2m
00100100
00100100
00100100
10100100
01100100
10000100
00000100
00000100

TIL 2n
00001000
00101000
00101010
10101000
01101000
10001000
00001000
00001001

TIL 2o
01000100
01000100
01000100
01000100
01000100
01000100
01000100
01000100

TIL 2p
11111111
11111111
11111111
11111111
11111111
11111111
11111111
11111111

TIL 2q
11111111
01010101
11111111
10101010
11111111
01010101
11111111
10101010

TIL 2r
00110001
00010011
10001100
11001000
00110001
00010011
10001100
11001000

TIL 2s
00110000
00010001
00000000
10001000
00000000
00010001
00000000
10001000

TIL 2t
00110011
10011111
11001100
11111001
00110011
10011111
11001100
11111001

TIL 2u
01111111
10111111
11011101
11111011
10110111
11011110
11101101
11111011

TIL 2v
01111111
11111111
11111101
11111111
10111111
11111110
11111111
11111111

TIL 2w
10000001
00000101
00000001
00000001
00000001
00100001
00000001
00000001

TIL 2x
10000000
00000100
00000000
00000000
00000000
00100000
00000000
00000000

TIL 2y
10000010
00000101
00000001
00000001
00000001
00100001
00000001
00000001

TIL 2z
11111111
00010010
11111111
00010000
11111111
00000010
11111111
00100100

SPR 10
00001000
00000100
00000100
00000010
00000001
00000000
00000000
00000000
>
00001000
00000100
00000010
00000010
00000001
00000000
00000000
00000000
POS 2 7,11

SPR 11
11000011
10100101
01000010
00000000
00000000
00000000
00000000
00000000
>
10000001
11000011
10100101
01000010
00000000
00000000
00000000
00000000
POS 2 8,12

SPR 12
00000000
00000000
00000000
00000000
00000000
00000000
00000000
00000000
POS 2 6,13

SPR 13
00010000
00011000
11111100
11111110
11111100
00011000
00010000
00000000
>
00001000
00001100
01111110
01111111
01111110
00001100
00001000
00000000
POS 4 7,11

SPR 14
00000000
00010000
00111000
01111100
11111110
00111000
00111000
00111000
>
00010000
00111000
01111100
11111110
00111000
00111000
00111000
00000000
POS 4 14,11

SPR 15
00001000
00011000
00111111
01111111
00111111
00011000
00001000
00000000
>
00010000
00110000
01111110
11111110
01111110
00110000
00010000
00000000
POS 4 0,5

SPR 16
00001000
00011000
00111111
01111111
00111111
00011000
00001000
00000000
>
00010000
00110000
01111110
11111110
01111110
00110000
00010000
00000000
POS 3 2,2

SPR 17
00111000
00111000
00111000
11111110
01111100
00111000
00010000
00000000
>
00000000
00111000
00111000
00111000
11111110
01111100
00111000
00010000
POS 3 8,7

SPR 18
00010000
00011000
11111100
11111110
11111100
00011000
00010000
00000000
>
00001000
00001100
01111110
01111111
01111110
00001100
00001000
00000000
POS 3 13,7

SPR 19
00000000
00000000
00000000
00000000
00000000
00000000
00000000
00000000
POS 3 6,1

SPR 20
00111000
00111000
00111000
11111110
01111100
00111000
00010000
00000000
>
00000000
00111000
00111000
00111000
11111110
01111100
00111000
00010000
POS a 13,10

SPR 21
00000000
00010000
00111000
01111100
11111110
00111000
00111000
00111000
>
00010000
00111000
01111100
11111110
00111000
00111000
00111000
00000000
POS a 6,1

SPR 22
00001000
00011000
00111111
01111111
00111111
00011000
00001000
00000000
>
00010000
00110000
01111110
11111110
01111110
00110000
00010000
00000000
POS c 2,3

SPR 23
00010000
00011000
11111100
11111110
11111100
00011000
00010000
00000000
>
00001000
00001100
01111110
01111111
01111110
00001100
00001000
00000000
POS c 14,4

SPR 24
00010000
00011000
11111100
11111110
11111100
00011000
00010000
00000000
>
00001000
00001100
01111110
01111111
01111110
00001100
00001000
00000000
POS e 13,10

SPR 25
00001000
00011000
00111111
01111111
00111111
00011000
00001000
00000000
>
00010000
00110000
01111110
11111110
01111110
00110000
00010000
00000000
POS e 3,10

SPR 26
00000000
00010000
00111000
01111100
11111110
00111000
00111000
00111000
>
00010000
00111000
01111100
11111110
00111000
00111000
00111000
00000000

SPR 27
11111111
01111110
10011001
10011001
11011011
01111110
01100110
01111110
>
11111111
01111110
10011001
10011001
11011011
01111110
01111110
01111110
POS c 7,9

SPR 28
01000000
10000000
01000000
01000000
01000000
10000000
10000000
10000000
POS c 8,9

SPR 29
00000010
00000001
00000010
00000010
00000010
00000001
00000001
00000001
POS c 6,9

SPR 30
00001000
00011000
00111111
01111111
00111111
00011000
00001000
00000000
>
00010000
00110000
01111110
11111110
01111110
00110000
00010000
00000000
POS d 2,5

SPR 31
00001000
00011000
00111111
01111111
00111111
00011000
00001000
00000000
>
00010000
00110000
01111110
11111110
01111110
00110000
00010000
00000000
POS k 1,13

SPR 32
00010000
00011000
11111100
11111110
11111100
00011000
00010000
00000000
>
00001000
00001100
01111110
01111111
01111110
00001100
00001000
00000000
POS k 5,14

SPR 33
00010000
00011000
11111100
11111110
11111100
00011000
00010000
00000000
>
00001000
00001100
01111110
01111111
01111110
00001100
00001000
00000000
POS g 15,7

SPR 34
00001000
00011000
00111111
01111111
00111111
00011000
00001000
00000000
>
00010000
00110000
01111110
11111110
01111110
00110000
00010000
00000000
POS g 2,8

SPR 35
00000000
00110000
00011000
00010100
00010100
00010100
01100100
10001000
>
00000000
00000000
00000001
00000111
00001010
00010010
01100100
10001000
POS 3 7,3

SPR 36
00000000
00001100
00011000
00101000
00101000
00101000
00100110
00010001
>
00000000
00000000
10000000
11100000
01010000
01001000
00100110
00010001
POS 3 6,3

SPR 37
00010000
00100000
00100110
00010010
00010000
00001000
00000100
00001000
>
00010000
00100000
00100110
00010010
00010000
00001000
00000101
00001000
POS 3 6,4

SPR 38
00001000
00000100
01100100
01001000
00001000
00010000
00100000
00010000
>
00001000
00000100
01100100
01001000
00001000
00010000
10100000
00010000
POS 3 7,4

SPR 39
00110000
00010000
01001000
10100110
10100001
01001100
00010011
00000000
POS 3 6,5

SPR 40
00111000
00111000
00111000
11111110
01111100
00111000
00010000
00000000
>
00000000
00111000
00111000
00111000
11111110
01111100
00111000
00010000

SPR 41
00000000
00000000
00000000
00000000
00000000
00000000
00000000
00000000
POS j 10,15

SPR 42
00011100
00101110
01111110
11111110
10011100
00011000
00111100
01111110
>
00000000
00011100
00101110
01111110
11111110
10011100
00011000
00111100
POS f 8,4

SPR 43
00000000
00111000
01110100
01111110
01111111
00111001
00011000
00111100
>
00111000
01110100
01111110
01111111
00111001
00011000
00111100
01111110
POS f 9,4

SPR 44
00111000
00111000
00111000
11111110
01111100
00111000
00010000
00000000
>
00000000
00111000
00111000
00111000
11111110
01111100
00111000
00010000
POS l 3,14

SPR 45
01111110
01111111
01111111
00111111
00111111
00011111
00001111
00000110
>
01111111
01111111
00111111
00111111
00011111
00001111
00000110
00000000
POS f 8,5

SPR 46
11111110
11111110
11111100
11111100
11111000
11110000
01100000
00000000
>
01111110
11111110
11111110
11111100
11111100
11111000
11110000
01100000
POS f 9,5

SPR 47
00000000
00000000
00000000
00000000
00000000
00000000
00000000
00000000
POS f 6,2

SPR 48
00000000
00000000
00000000
00000000
00000000
00000000
00000000
00000000
POS f 6,0

SPR 49
00011100
00101110
01111110
11111110
10011100
00011000
00111100
01111110
>
00000000
00011100
00101110
01111110
11111110
10011100
00011000
00111100
POS h 8,4

SPR 50
00000000
00000000
10000000
10000000
10000000
10000000
10000000
00000000
>
00000000
00000000
00000000
10000000
10000000
10000000
10000000
10000000
POS g 14,10

SPR 51
00000000
00000000
00000000
01100000
01100000
00000000
00000000
00000000
>
00000000
00000000
00000000
00000000
01100000
01100000
00000000
00000000
POS g 14,11

SPR 52
00000000
00000000
00000000
00000110
00000110
00000000
00000000
00000000
>
00000000
00000000
00000000
00000000
00000110
00000110
00000000
00000000
POS g 12,11

SPR 53
11111111
11111111
11111111
11111111
11100111
10000001
01000010
00000000
>
01111110
11111111
11111111
11111111
11111111
11100111
10000001
01000010
POS k 13,10

SPR 54
00000000
00000000
00000000
00000000
00000000
00000000
00000000
01111110
>
00000000
00000000
00000000
00000000
00000000
00000000
00000000
00000000
POS k 13,9

SPR 55
10000001
11111111
01111110
11000011
10011001
10111101
00011000
00111100
>
00000000
10000001
11111111
01111110
11000011
10011001
10111101
00011000
POS k 13,11

SPR 56
00011000
00000000
00000000
00000000
00000000
00000000
00000000
00000000
>
00111100
00011000
00000000
00000000
00000000
00000000
00000000
00000000
POS k 13,12

SPR 57
00000000
00000000
00000001
00000001
00000001
00000001
00000001
00000000
>
00000000
00000000
00000000
00000001
00000001
00000001
00000001
00000001
POS k 12,10

SPR 58
00000000
00000000
10000000
10000000
10000000
10000000
10000000
00000000
>
00000000
00000000
00000000
10000000
10000000
10000000
10000000
10000000
POS k 14,10

SPR 59
00000000
00000000
00000000
01100000
01100000
00000000
00000000
00000000
>
00000000
00000000
00000000
00000000
01100000
01100000
00000000
00000000
POS k 14,11

SPR A
00000000
00000000
00000000
00000000
00000000
00000000
00000000
00000000
POS 0 3,13

SPR a
11000000
11000000
11111100
11111110
11000110
11000110
11111110
11111100
POS 0 4,10

SPR b
01111110
11111110
11000000
11111110
11111110
11000000
11111110
01111110
POS 0 5,10

SPR c
01111110
11111110
11000000
11111110
11111110
11000000
11111110
01111110
POS 0 10,8

SPR d
11000110
11001110
11011110
11111110
11110110
11100110
11000110
00000000
POS 0 6,10

SPR e
11000110
11001110
11111100
11111100
11001110
11000110
11111110
11111100
POS 0 7,8

SPR f
01111100
11111110
11000110
11000110
11000110
11000110
11111110
01111100
POS 0 8,8

SPR g
11111100
11111110
00000110
01111110
11111100
11000000
11111110
01111110
POS 0 9,8

SPR h
11111100
11111110
00000110
01111110
11111100
11000000
11111110
01111110
POS 0 11,8

SPR i
00111000
00111000
00111000
11111110
01111100
00111000
00010000
00000000
>
00000000
00111000
00111000
00111000
11111110
01111100
00111000
00010000
POS 1 3,9

SPR j
00010000
00011000
11111100
11111110
11111100
00011000
00010000
00000000
>
00001000
00001100
01111110
01111111
01111110
00001100
00001000
00000000
POS 1 8,4

SPR k
00001000
00011000
00111111
01111111
00111111
00011000
00001000
00000000
>
00010000
00110000
01111110
11111110
01111110
00110000
00010000
00000000
POS 1 14,6

SPR l
11111111
11111111
11111111
11111111
11100111
10000001
01000010
00000000
>
11111111
11111111
11111111
11111111
11111111
11100111
10000001
01000010
POS 1 10,4

SPR m
00011100
00101110
01111110
11111110
10011100
00011000
00111100
01111110
>
00000000
00011100
00101110
01111110
11111110
10011100
00011000
00111100
POS 1 10,3

SPR n
00000000
10000000
11100010
01111110
00011100
00000000
00000000
00000000
>
10000000
11100010
01111110
00011100
00000000
00000000
00000000
00000000
POS 1 11,4

SPR o
00000000
00000001
01000111
01111110
00111000
00000000
00000000
00000000
>
00000001
01000111
01111110
00111000
00000000
00000000
00000000
00000000
POS 1 9,4

SPR p
01000000
11100000
01000000
00011000
00100100
00100100
00011000
00000000
>
01000000
10100000
01000000
00011000
00111100
00111100
00011000
00000000
POS 1 9,3

SPR q
00011100
00111110
01110111
01101101
01011011
00111110
00011100
00000000
>
00000000
00011100
00111010
01110111
01101111
01111011
00110110
00011100
POS 1 11,3

SPR r
00000000
00000000
00000000
00000000
00000000
00000000
00000000
00000000
POS 1 4,1

SPR s
00000000
00010000
00111000
01111100
11111110
00111000
00111000
00111000
>
00010000
00111000
01111100
11111110
00111000
00111000
00111000
00000000
POS 2 8,13

SPR t
00001000
00011000
00111111
01111111
00111111
00011000
00001000
00000000
>
00010000
00110000
01111110
11111110
01111110
00110000
00010000
00000000
POS 2 4,13

SPR u
00010000
00011000
11111100
11111110
11111100
00011000
00010000
00000000
>
00001000
00001100
01111110
01111111
01111110
00001100
00001000
00000000
POS 2 12,13

SPR v
00000000
00111000
01110100
01111110
01111111
00111001
00011000
00111100
>
00111000
01110100
01111110
01111111
00111001
00011000
00111100
11111111
POS 2 8,10

SPR w
11111111
01111111
01111110
00111100
00011000
10000001
10011001
01100110
>
01111110
01111110
00111100
00011000
00000000
10011001
01100110
10000001
POS 2 8,11

SPR x
00000000
00110000
00011000
00010100
00010100
00010100
01100100
10001000
>
00000000
00000000
00000001
00000111
00001010
00010010
01100100
10001000
POS 2 9,10

SPR y
00000000
00001100
00011000
00101000
00101000
00101000
00100110
00010001
>
00000000
00000000
10000000
11100000
01010000
01001000
00100110
00010001
POS 2 7,10

SPR z
00010000
00100000
01000000
01000000
10000000
00000000
00000000
00000000
>
00010000
00100000
00100000
01000000
10000000
00000000
00000000
00000000
POS 2 9,11

SPR 1a
00000000
00000000
00000000
00000000
00000000
00000000
00000000
00000000
POS 4 11,14

SPR 1b
00111000
00111000
00111000
11111110
01111100
00111000
00010000
00000000
>
00000000
00111000
00111000
00111000
11111110
01111100
00111000
00010000
POS 5 2,5

SPR 1c
00010000
00011000
11111100
11111110
11111100
00011000
00010000
00000000
>
00001000
00001100
01111110
01111111
01111110
00001100
00001000
00000000
POS 5 8,5

SPR 1d
00010000
00011000
11111100
11111110
11111100
00011000
00010000
00000000
>
00001000
00001100
01111110
01111111
01111110
00001100
00001000
00000000
POS 6 0,9

SPR 1e
00001000
00011000
00111111
01111111
00111111
00011000
00001000
00000000
>
00010000
00110000
01111110
11111110
01111110
00110000
00010000
00000000
POS 6 13,12

SPR 1f
00000000
00010000
00111000
01111100
11111110
00111000
00111000
00111000
>
00010000
00111000
01111100
11111110
00111000
00111000
00111000
00000000
POS 8 2,6

SPR 1g
00001000
00011000
00111111
01111111
00111111
00011000
00001000
00000000
>
00010000
00110000
01111110
11111110
01111110
00110000
00010000
00000000
POS 7 3,2

SPR 1h
10111101
01111110
01111110
10011001
11011011
11111111
01111110
01111110
POS 8 10,8

SPR 1i
00111100
00100100
00011000
00000000
00000000
00000000
00000000
00000000
>
00111100
00111100
00011000
00000000
00000000
00000000
00000000
00000000
POS 8 10,9

SPR 1j
11100111
11000011
10000011
00000110
00000000
00000000
00000000
00000000
POS 8 11,8

SPR 1k
00000000
00000000
00000000
00000000
00000000
00111000
01111100
11111110
POS 8 11,7

SPR 1l
11100111
11000011
11000001
01100000
00000000
00000000
00000000
00000000
POS 8 9,8

SPR 1m
00000000
00000000
00000000
00000000
00000000
00011100
00111110
01111111
POS 8 9,7

SPR 1n
00010000
00001000
00000000
00011000
00011000
00011000
00011000
00000000
>
00001000
00010000
00000000
00011000
00011000
00011000
00011000
00000000
POS 8 10,7

SPR 1o
00010000
00011000
11111100
11111110
11111100
00011000
00010000
00000000
>
00001000
00001100
01111110
01111111
01111110
00001100
00001000
00000000
POS 8 7,8

SPR 1p
00000000
00000000
00000000
00000000
00000000
00000000
00000000
00000000
POS 8 6,13

SPR 1q
00111000
00111000
00111000
11111110
01111100
00111000
00010000
00000000
>
00000000
00111000
00111000
00111000
11111110
01111100
00111000
00010000
POS 7 14,4

SPR 1r
00001000
00011000
00111111
01111111
00111111
00011000
00001000
00000000
>
00010000
00110000
01111110
11111110
01111110
00110000
00010000
00000000
POS 9 2,3

SPR 1s
00010000
00011000
11111100
11111110
11111100
00011000
00010000
00000000
>
00001000
00001100
01111110
01111111
01111110
00001100
00001000
00000000
POS 9 13,11

SPR 1t
00011100
00101110
01111110
11111110
10011100
00011000
00111100
01111110
>
00011100
00101110
01111110
11111110
10111100
00011000
00111100
01111110
POS 9 5,3

SPR 1u
00111000
00111000
00111000
11111110
01111100
00111000
00010000
00000000
>
00000000
00111000
00111000
00111000
11111110
01111100
00111000
00010000
POS 9 5,1

SPR 1v
10111101
01011010
10100101
01000010
10100101
01000010
10100101
00100100
>
01111110
10111101
01000010
10100101
01000010
10100101
01100110
00100100
POS 9 5,4

SPR 1w
00000000
00000000
00000000
00000000
00000000
00000000
00000000
00000000
POS 9 11,3

SPR 1x
00000000
00000000
00000000
00000000
00000000
00000000
00000000
00000000
POS a 0,7

SPR 1y
00001000
00011000
00111111
01111111
00111111
00011000
00001000
00000000
>
00010000
00110000
01111110
11111110
01111110
00110000
00010000
00000000
POS a 3,11

SPR 1z
00010000
00011000
11111100
11111110
11111100
00011000
00010000
00000000
>
00001000
00001100
01111110
01111111
01111110
00001100
00001000
00000000
POS a 12,3

SPR 2a
00000000
00000000
00000000
00000000
00000000
00011000
00111100
01111110
POS c 7,8

SPR 2b
00111100
01000010
11111111
11111111
01111110
10111100
00011001
10010000
>
00111100
01000010
11111111
11111111
01111110
00111101
10011000
00010001
POS c 7,10

SPR 2c
00000010
00000000
00000000
00000000
00000000
00000010
00000001
00000010
>
00000010
00000000
00000000
00000000
00000000
00000001
00000011
00000001
POS c 6,10

SPR 2d
01000000
00000000
00000000
00000000
00000000
10000000
11000000
10000000
>
01000000
00000000
00000000
00000000
00000000
01000000
10000000
01000000
POS c 8,10

SPR 2e
11111111
01111110
10011001
10011001
11011011
01111110
01100110
01111110
>
11111111
01111110
10011001
10011001
11011011
01111110
01111110
01111110
POS e 7,9

SPR 2f
01000000
10000000
01000000
01000000
01000000
10000000
10000000
10000000
POS e 8,9

SPR 2g
00000010
00000001
00000010
00000010
00000010
00000001
00000001
00000001
POS e 6,9

SPR 2h
00000000
00000000
00000000
00000000
00000000
00011000
00111100
01111110
POS e 7,8

SPR 2i
00111100
01000010
11111111
11111111
01111110
10111100
00011001
10000000
>
00111100
01000010
11111111
11111111
01111110
00111101
10011000
00000001
POS e 7,10

SPR 2j
00000010
00000000
00000000
00000000
00000000
00000010
00000001
00000010
>
00000010
00000000
00000000
00000000
00000000
00000001
00000011
00000001
POS e 6,10

SPR 2k
01000000
00000000
00000000
00000000
00000000
10000000
11000000
10000000
>
01000000
00000000
00000000
00000000
00000000
01000000
10000000
01000000
POS e 8,10

SPR 2l
00111000
00111000
00111000
11111110
01111100
00111000
00010000
00000000
>
00000000
00111000
00111000
00111000
11111110
01111100
00111000
00010000
POS e 7,11

SPR 2m
00000000
00000000
00000000
00000000
00000000
00000000
00000000
00000000
POS e 7,0

SPR 2n
00001000
00011000
00111111
01111111
00111111
00011000
00001000
00000000
>
00010000
00110000
01111110
11111110
01111110
00110000
00010000
00000000
POS f 2,5

SPR 2o
00010000
00011000
11111100
11111110
11111100
00011000
00010000
00000000
>
00001000
00001100
01111110
01111111
01111110
00001100
00001000
00000000
POS f 13,4

SPR 2p
00010000
00011000
11111100
11111110
11111100
00011000
00010000
00000000
>
00001000
00001100
01111110
01111111
01111110
00001100
00001000
00000000
POS h 5,12

SPR 2q
00001000
00011000
00111111
01111111
00111111
00011000
00001000
00000000
>
00010000
00110000
01111110
11111110
01111110
00110000
00010000
00000000
POS h 3,10

SPR 2r
00000000
00010000
00111000
01111100
11111110
00111000
00111000
00111000
>
00010000
00111000
01111100
11111110
00111000
00111000
00111000
00000000
POS f 8,7

SPR 2s
00111000
00111000
00111000
11111110
01111100
00111000
00010000
00000000
>
00000000
00111000
00111000
00111000
11111110
01111100
00111000
00010000
POS i 3,14

SPR 2t
00001000
00011000
00111111
01111111
00111111
00011000
00001000
00000000
>
00010000
00110000
01111110
11111110
01111110
00110000
00010000
00000000
POS b 3,14

SPR 2u
00010000
00011000
11111100
11111110
11111100
00011000
00010000
00000000
>
00001000
00001100
01111110
01111111
01111110
00001100
00001000
00000000
POS b 14,6

SPR 2v
00000000
00010000
00111000
01111100
11111110
00111000
00111000
00111000
>
00010000
00111000
01111100
11111110
00111000
00111000
00111000
00000000
POS b 3,0

SPR 2w
00111000
00111000
00111000
11111110
01111100
00111000
00010000
00000000
>
00000000
00111000
00111000
00111000
11111110
01111100
00111000
00010000
POS b 13,12

SPR 2x
00001000
00011000
00111111
01111111
00111111
00011000
00001000
00000000
>
00010000
00110000
01111110
11111110
01111110
00110000
00010000
00000000

SPR 2y
00010000
00011000
11111100
11111110
11111100
00011000
00010000
00000000
>
00001000
00001100
01111110
01111111
01111110
00001100
00001000
00000000
POS j 13,12

SPR 2z
00010000
00011000
11111100
11111110
11111100
00011000
00010000
00000000
>
00001000
00001100
01111110
01111111
01111110
00001100
00001000
00000000
POS d 12,7

SPR 3a
00001100
00001000
00010010
01100101
10000101
00110010
11001000
00000000
POS 3 7,5

SPR 3b
00000000
00010000
00111000
01111100
11111110
00111000
00111000
00111000
>
00010000
00111000
01111100
11111110
00111000
00111000
00111000
00000000
POS 3 6,6

SPR 3c
00000000
00000000
00000000
00000000
00000000
00000000
00000000
00000000
POS 3 7,0

SPR 3d
11111111
11111111
11111111
11111111
11100111
10000001
01000010
00000000
>
01111110
11111111
11111111
11111111
11111111
11100111
10000001
01000010
POS 5 14,3

SPR 3e
00000000
00000000
00000000
00000000
00000000
00000000
00000000
01111110
>
00000000
00000000
00000000
00000000
00000000
00000000
00000000
00000000
POS 5 14,2

SPR 3f
10000001
11111111
01111110
11000011
10011001
10111101
00011000
00111100
>
00000000
10000001
11111111
01111110
11000011
10011001
10111101
00011000
POS 5 14,4

SPR 3g
00011000
00000000
00000000
00000000
00000000
00000000
00000000
00000000
>
00111100
00011000
00000000
00000000
00000000
00000000
00000000
00000000
POS 5 14,5

SPR 3h
00000000
00000000
00000001
00000001
00000001
00000001
00000001
00000000
>
00000000
00000000
00000000
00000001
00000001
00000001
00000001
00000001
POS 5 13,3

SPR 3i
00000000
00000000
10000000
10000000
10000000
10000000
10000000
00000000
>
00000000
00000000
00000000
10000000
10000000
10000000
10000000
10000000
POS 5 15,3

SPR 3j
00000000
00000000
00000000
01100000
01100000
00000000
00000000
00000000
>
00000000
00000000
00000000
00000000
01100000
01100000
00000000
00000000
POS 5 15,4

SPR 3k
00000000
00000000
00000000
00000110
00000110
00000000
00000000
00000000
>
00000000
00000000
00000000
00000000
00000110
00000110
00000000
00000000
POS 5 13,4

SPR 3l
00000000
00000000
00000000
00000000
00000000
00000000
00000000
00000000
POS 5 5,0

SPR 3m
00000000
00010000
00111000
01111100
11111110
00111000
00111000
00111000
>
00010000
00111000
01111100
11111110
00111000
00111000
00111000
00000000
POS 5 14,6

SPR 3n
00010000
00100000
00100110
00010010
00010000
00001000
00000100
00000100
>
00010000
00100000
00100110
00010010
00010000
00001000
00000101
00000100
POS j 3,13

SPR 3o
00001000
00000100
01100100
01001000
00001000
00010000
00100000
00100000
>
00001000
00000100
01100100
01001000
00001000
00010000
10100000
00100000
POS j 4,13

SPR 3p
00001000
00001000
00010010
01100100
10000100
00110011
11001000
00101000
POS j 3,14

SPR 3q
00100000
00010000
11001000
00100110
00100001
01001100
00010011
00010100
POS j 4,14

SPR 3r
00000000
00110000
00011000
00010100
10010100
01010100
00100100
10001000
>
00000000
00000000
00000001
00000111
10001010
01010010
00100100
10001000
POS j 5,14

SPR 3s
00000000
00001100
00011000
00101000
00101001
00101010
00100100
00010001
>
00000000
00000000
10000000
11100000
01010001
01001010
00100100
00010001
POS j 2,14

SPR 3u
01010100
10100010
10100001
01010000
00110000
00000000
00000000
00000000
POS j 3,15

SPR 3v
00101010
01000101
10000101
00001010
00001100
00000000
00000000
00000000
POS j 4,15

SPR 3w
00001110
00000000
00000000
00000000
00000000
00000000
00000000
00000000
POS j 2,15

SPR 3x
01110000
00000000
00000000
00000000
00000000
00000000
00000000
00000000
POS j 5,15

SPR 3y
00000000
00000000
00000000
00000000
00000000
00000100
00001011
00010000
POS j 3,12

SPR 3z
00000000
00000000
00000000
00000000
00000000
00100000
11010000
00001000
POS j 4,12

SPR 4a
00000000
00111000
01110100
01111110
01111111
00111001
00011000
00111100
>
00111000
01110100
01111110
01111111
00111001
00011000
00111100
01111110
POS h 9,4

SPR 4b
01111110
01111111
01111111
00111111
00111111
00011111
00001111
00000110
>
01111111
01111111
00111111
00111111
00011111
00001111
00000110
00000000
POS h 8,5

SPR 4c
11111110
11111110
11111100
11111100
11111000
11110000
01100000
00000000
>
01111110
11111110
11111110
11111100
11111100
11111000
11110000
01100000
POS h 9,5

SPR 4d
00001000
00011000
00111111
01111111
00111111
00011000
00001000
00000000
>
00010000
00110000
01111110
11111110
01111110
00110000
00010000
00000000
POS j 0,12

SPR 4e
00111000
00111000
00111000
11111110
01111100
00111000
00010000
00000000
>
00000000
00111000
00111000
00111000
11111110
01111100
00111000
00010000
POS j 5,13

SPR 4f
00010000
00100000
00100110
00010010
00010000
00001000
00000100
00000100
>
00010000
00100000
00100110
00010010
00010000
00001000
00000101
00000100
POS d 3,13

SPR 4g
00001000
00000100
01100100
01001000
00001000
00010000
00100000
00100000
>
00001000
00000100
01100100
01001000
00001000
00010000
10100000
00100000
POS d 4,13

SPR 4h
00001000
00001000
00010010
01100100
10000100
00110011
11001000
00101000
POS d 3,14

SPR 4i
00100000
00010000
11001000
00100110
00100001
01001100
00010011
00010100
POS d 4,14

SPR 4j
00000000
00110000
00011000
00010100
10010100
01010100
00100100
10001000
>
00000000
00000000
00000001
00000111
10001010
01010010
00100100
10001000
POS d 5,14

SPR 4k
00000000
00001100
00011000
00101000
00101001
00101010
00100100
00010001
>
00000000
00000000
10000000
11100000
01010001
01001010
00100100
00010001
POS d 2,14

SPR 4l
00001110
00000000
00000000
00000000
00000000
00000000
00000000
00000000
POS d 2,15

SPR 4m
01110000
00000000
00000000
00000000
00000000
00000000
00000000
00000000
POS d 5,15

SPR 4n
01010100
10100010
10100001
01010000
00110000
00000000
00000000
00000000
POS d 3,15

SPR 4o
00101010
01000101
10000101
00001010
00001100
00000000
00000000
00000000
POS d 4,15

SPR 4p
00000000
00000000
00000000
00000000
00000000
00000100
00001011
00010000
POS d 3,12

SPR 4q
00000000
00000000
00000000
00000000
00000000
00100000
11010000
00001000
POS d 4,12

SPR 4r
00000000
00000000
00000000
00000000
00000000
00000000
00000000
00000000
POS i 1,10

SPR 4s
00000000
00010000
00111000
01111100
11111110
00111000
00111000
00111000
>
00010000
00111000
01111100
11111110
00111000
00111000
00111000
00000000
POS i 7,9

SPR 4t
00000000
00010000
00111000
01111100
11111110
00111000
00111000
00111000
>
00010000
00111000
01111100
11111110
00111000
00111000
00111000
00000000
POS l 11,10

SPR 4u
00000000
00000000
00000000
00000000
00000000
00000000
00000000
00000000
POS l 1,10

SPR 4v
11111111
11111111
11111111
11111111
11100111
10000001
01000010
00000000
>
01111110
11111111
11111111
11111111
11111111
11100111
10000001
01000010
POS g 13,10

SPR 4w
00000000
00000000
00000000
00000000
00000000
00000000
00000000
01111110
>
00000000
00000000
00000000
00000000
00000000
00000000
00000000
00000000
POS g 13,9

SPR 4x
10000001
11111111
01111110
11000011
10011001
10111101
00011000
00111100
>
00000000
10000001
11111111
01111110
11000011
10011001
10111101
00011000
POS g 13,11

SPR 4y
00011000
00000000
00000000
00000000
00000000
00000000
00000000
00000000
>
00111100
00011000
00000000
00000000
00000000
00000000
00000000
00000000
POS g 13,12

SPR 4z
00000000
00000000
00000001
00000001
00000001
00000001
00000001
00000000
>
00000000
00000000
00000000
00000001
00000001
00000001
00000001
00000001
POS g 12,10

SPR 5a
00000000
00000000
00000000
00000110
00000110
00000000
00000000
00000000
>
00000000
00000000
00000000
00000000
00000110
00000110
00000000
00000000
POS k 12,11

SPR 5b
00111000
00111000
00111000
11111110
01111100
00111000
00010000
00000000
>
00000000
00111000
00111000
00111000
11111110
01111100
00111000
00010000
POS g 11,10

SPR 5c
00000000
00000000
00000000
00000000
00000000
00000000
00000000
00000000
POS g 11,15

SPR 5d
00111000
00111000
00111000
11111110
01111100
00111000
00010000
00000000
>
00000000
00111000
00111000
00111000
11111110
01111100
00111000
00010000
POS f 9,2

SPR 5e
00001000
00011000
00111111
01111111
00111111
00011000
00001000
00000000
>
00010000
00110000
01111110
11111110
01111110
00110000
00010000
00000000
POS m 10,11

SPR 5f
00000000
00010000
00111000
01111100
11111110
00111000
00111000
00111000
>
00010000
00111000
01111100
11111110
00111000
00111000
00111000
00000000
POS e 7,11

SPR 5g
00010000
00011000
11111100
11111110
11111100
00011000
00010000
00000000
>
00001000
00001100
01111110
01111111
01111110
00001100
00001000
00000000
POS m 13,11

DLG 12
The bird refuses to meet your gaze. It stares eastward.

DLG 19
The door you just passed through is now locked, seemingly of its own accord.

DLG 41
"I'd be wary of The City if you ever go to the lighter lands, stranger. Many go on pilgrimage but few return. There are other dangers they may have encountered, I suppose..."

DLG 47
"There are worse fates than to be joined as we are, traveler. To give its blessings The City must also take."

DLG 48
"After many years apart on our own journeys my brother and I have been reunited by the blessing of The City!"

DLG a


DLG r
The bird-headed figure looks down at you with little interest.                "Another one of your sort has wandered into this realm? Pity. Few of you are seen around here and even fewer find their ways back to... wherever it is you folk come from."                The figure's beak doesn't move as it speaks to you, and you can feel its voice reverberating from somewhere behind your forehead.                    "I'd suggest you head east and pray, stranger. Don't trust what those Others might tell you if perchance you come across them."

DLG 1a
The door refuses to budge in the slightest.

DLG 1p
"Hello wanderer. The birds told me of your arrival. If you wish to return home then your best hope is to visit the obelisk just east of here. It is said that the obelisk acts as a passage between worlds; between life and death, dreams and reality, light and shadow. We know not where its powers come from and cannot guarantee it will grant you the destination you seek but it is your greatest chance. Unfortunately the route east from here has been ravaged by a creature, some brutal beast from the lighter lands which has made a habit of terrorizing our realm. If you can find another way to the obelisk then you may still find your path home. Be swift, wanderer, and travel safely in these realms.

DLG 1w
"The City lies a ways beyond here but I fear that you won't be able to make it back up here if you jump down given your... deficiency. Tell me, did your wings not develop properly or were they removed as punishment for some crime?"

DLG 1x
You cannot scale the cliff you jumped down from. There is no point in going back.

DLG 2m
"I've lived most of my years in the southern realm, what many here call the Otherlands. It is only of recent that I've been permitted to ascend here and live in such close proximity to The City. Were I to be allowed within the walls of that great place I'd need never return here or to the Otherlands!"

DLG 3c
"You must be new here! Welcome, welcome. Mind your step as it's a pretty long fall down and you wouldn't want to end up in the Otherlands, would you?"

DLG 3l
"Are you lost, friend? Compasses don't work too well here but you'll get used to it."

DLG 4r
You stare at the massive shapes in the sky, their impossible bodies contorting in on themselves. The mixture of height and strange geometry gives you a pleasant sort of vertigo.

DLG 4u
Nothing greets you but void.

DLG 5c
"The creature has gone east from here. We need a true hero who could defeat the monstrous beast and permit those of us who've fallen to rest in eternal peace... but you look like no hero I've seen before. Walk softly and go west, youngling, or I would shudder for your fate."

END 0


END undefined
The light of The City pulses around the edges of the door as you approach. You hesitate at the threshold, looking back at the bizarre landscape and wondering what, if anything, has actually been real in this place. You open the door and walk through into the light which becomes more and more intense with each step you take. Too intense. The light of The City overwhelms you and you lose your senses. The door you came through can't be seen, can't be felt, and there is nothing else you can make out through the blinding pain in your eyes. It occurs to you, in the last few moments before you lose consciousness, that the horrible light doesn't fill The City; it is The City. Your new home.

END undefinee
With each step the darkness around you grows. You find a comfort in how hidden it makes you from any prying eyes that may be around. Unfortunately, the darkness offers this gift equally to all who pass through its domain. You are not alone; the sense of this gradually rises until you can almost taste the beast that is stalking you. There may be places to hide but you have no way of finding them in the void. The scent of the beast goes from nonexistent to overwhelming in moments as you feel yourself fight the urge to retch from fear and revulsion. Before you can fully recover it is upon you. A deeper shade of darkness than you ever thought possible keeps you company in the final moments.

END undefinef


END undefineg
The obelisk hums as you approach. None of the strange beings you've encountered are in sight and you begin to feel as if the monolith and yourself are the last two things in existence. It occurs to you that the denizens of these realms gave you no clues as to how the obelisk might work but you find your feet shuffling forward, picking up pace as you get closer and closer.  The humming from the obelisk rattles you to the core. It's close enough to touch now. You reach out and place your hand against the obelisk. Its rough stone exterior is warm and there's a faint pulsing in the rock, rhythmic and constant. You feel a brief fear which dissipates as you concentrate on the pulse and the hum of the obelisk. It's time. You close your eyes. 

