
           Chambres

# BITSY VERSION 4.5

! ROOM_FORMAT 1

PAL 0
NAME Norm
89,46,81
107,131,184
219,232,175

PAL 1
NAME Darker
59,31,54
92,113,158
197,209,158

PAL 2
NAME black
31,16,28
67,82,115
144,153,115

PAL 3
255,255,255
255,255,255
255,255,255

ROOM 0
0,0,0,0,0,t,p,q,q,r,0,0,0,0,0,0
0,0,0,0,0,v,u,0,0,j,0,0,0,0,0,0
0,0,0,0,0,1k,s,0,0,o,0,0,0,0,0,0
0,0,0,0,0,0,i,0,0,0,0,0,0,0,0,0
0,0,0,0,0,0,i,0,0,j,0,0,0,0,0,0
0,0,0,0,0,0,n,0,0,j,0,0,0,0,0,0
0,0,0,0,0,0,0,0,0,j,0,0,0,0,0,0
0,0,0,0,0,0,i,0,0,j,0,0,0,0,0,0
0,0,0,0,0,0,i,0,0,o,0,0,0,0,0,0
0,0,0,0,0,0,i,0,0,1c,0,0,0,0,0,0
0,0,0,0,0,0,i,0,1d,j,0,0,0,0,0,0
0,0,0,0,0,0,n,0,0,j,0,0,0,0,0,0
0,0,0,0,0,0,0,0,0,j,0,0,0,0,0,0
0,0,0,0,0,0,i,0,0,j,0,0,0,0,0,0
0,0,0,0,0,0,i,0,0,j,0,0,0,0,0,0
0,0,0,0,0,0,k,l,l,m,0,0,0,0,0,0
NAME Etage 2
EXT 9,9 1 9,9
EXT 9,3 3 9,3
EXT 6,6 b 6,6
EXT 5,1 5 5,1
EXT 4,1 5 5,1
PAL 0

ROOM 1
0,0,0,0,0,t,p,q,q,r,0,0,0,0,0,0
0,0,0,0,0,v,u,0,0,j,0,0,0,0,0,0
0,0,0,0,0,1k,s,0,0,o,0,0,0,0,0,0
0,0,0,0,0,0,i,0,0,0,0,0,0,0,0,0
0,0,0,0,0,0,i,0,0,j,0,0,0,0,0,0
0,0,0,0,0,0,n,0,0,j,0,0,0,0,0,0
0,0,0,0,0,0,0,0,0,j,0,w,q,q,q,r
0,0,0,0,0,0,i,0,0,j,0,i,x,19,16,j
0,0,0,0,0,0,i,0,0,o,0,i,1b,0,z,13
0,0,0,0,0,0,i,0,0,0,0,i,17,0,y,1w
0,0,0,0,0,0,i,0,1d,j,0,i,15,18,10,1v
0,0,0,0,0,0,n,0,0,j,0,i,14,17,19,j
0,0,0,0,0,0,0,0,0,j,0,k,l,1a,l,m
0,0,0,0,0,0,i,0,0,j,0,0,0,0,0,0
0,0,0,0,0,0,i,0,0,j,0,0,0,0,0,0
0,0,0,0,0,0,k,l,l,m,0,0,0,0,0,0
NAME Chambre 2
EXT 8,9 0 8,9
PAL 0

ROOM 3
0,0,0,0,0,t,p,q,q,r,0,w,q,q,q,r
0,0,0,0,0,v,u,0,0,j,0,i,2b,2a,29,j
0,0,0,0,0,1k,s,0,0,o,0,i,0,0,26,1w
0,0,0,0,0,0,i,0,0,0,0,i,0,0,25,27
0,0,0,0,0,0,i,0,0,j,0,i,0,0,0,j
0,0,0,0,0,0,n,0,0,j,0,i,2c,28,x,j
0,0,0,0,0,0,0,0,0,j,0,k,l,l,l,m
0,0,0,0,0,0,i,0,0,j,0,0,0,0,0,0
0,0,0,0,0,0,i,0,0,o,0,0,0,0,0,0
0,0,0,0,0,0,i,0,0,1c,0,0,0,0,0,0
0,0,0,0,0,0,i,0,1d,j,0,0,0,0,0,0
0,0,0,0,0,0,n,0,0,j,0,0,0,0,0,0
0,0,0,0,0,0,0,0,0,j,0,0,0,0,0,0
0,0,0,0,0,0,i,0,0,j,0,0,0,0,0,0
0,0,0,0,0,0,i,0,0,j,0,0,0,0,0,0
0,0,0,0,0,0,k,l,l,m,0,0,0,0,0,0
NAME Chambre 4
EXT 8,3 0 8,3
PAL 0

ROOM 5
0,0,0,0,2t,t,1m,q,q,r,0,0,0,0,0,0
0,0,0,0,2r,2s,0,0,0,j,0,0,0,0,0,0
0,0,0,0,0,1k,s,0,0,o,0,0,0,0,0,0
0,0,0,0,0,0,i,0,0,0,0,0,0,0,0,0
0,0,0,0,0,0,i,0,0,j,0,0,0,0,0,0
0,0,0,0,0,0,n,0,0,j,0,0,0,0,0,0
0,0,0,0,0,0,0,0,0,j,0,0,0,0,0,0
0,0,0,0,0,0,i,0,0,j,0,0,0,0,0,0
0,0,0,0,0,0,i,0,0,2e,0,0,0,0,0,0
0,0,0,0,0,0,i,0,0,2d,0,0,0,0,0,0
0,0,0,0,0,0,i,0,0,j,0,0,0,0,0,0
0,0,0,0,0,0,n,0,0,j,0,0,0,0,0,0
0,0,0,0,0,0,0,0,0,j,0,0,0,0,0,0
0,0,0,0,0,0,i,0,0,1e,1j,0,0,0,0,0
0,0,0,0,0,0,i,0,0,1g,1f,0,0,0,0,0
0,0,0,0,0,0,k,l,l,1h,1i,0,0,0,0,0
NAME Etage 1
EXT 9,9 8 9,9
EXT 6,6 7 6,6
EXT 9,3 6 9,3
EXT 10,14 a 10,14
EXT 4,1 0 5,1
EXT 6,12 9 6,12
EXT 3,1 0 5,1
EXT 11,14 a 10,14
PAL 1

ROOM 6
0,0,0,0,2t,t,1m,q,q,r,0,w,q,32,31,r
0,0,0,0,2r,2s,0,0,0,j,0,i,3i,33,2y,2x
0,0,0,0,0,1k,s,0,0,o,0,3h,3e,34,2z,2v
0,0,0,0,0,0,i,0,0,0,0,3f,3c,3a,35,2u
0,0,0,0,0,0,i,0,0,j,0,3g,3d,3b,30,2w
0,0,0,0,0,0,n,0,0,j,0,38,36,0,0,j
0,0,0,0,0,0,0,0,0,j,0,37,39,l,l,m
0,0,0,0,0,0,i,0,0,j,0,0,0,0,0,0
0,0,0,0,0,0,i,0,0,2e,0,0,0,0,0,0
0,0,0,0,0,0,i,0,0,2d,0,0,0,0,0,0
0,0,0,0,0,0,i,0,0,j,0,0,0,0,0,0
0,0,0,0,0,0,n,0,0,j,0,0,0,0,0,0
0,0,0,0,0,0,0,0,0,j,0,0,0,0,0,0
0,0,0,0,0,0,i,0,0,1e,1j,0,0,0,0,0
0,0,0,0,0,0,i,0,0,1g,1f,0,0,0,0,0
0,0,0,0,0,0,k,l,l,1h,1i,0,0,0,0,0
NAME Chambre 5
EXT 8,3 5 8,3
PAL 1

ROOM 7
0,0,0,0,2t,t,1m,q,q,r,0,0,0,0,0,0
0,0,0,0,2r,2s,0,0,0,j,0,0,0,0,0,0
0,0,0,0,0,1k,s,0,0,o,0,0,0,0,0,0
w,3j,3k,q,r,0,i,0,0,0,0,0,0,0,0,0
i,3m,3l,3n,j,0,i,0,0,j,0,0,0,0,0,0
3v,3r,0,3o,j,0,n,0,0,j,0,0,0,0,0,0
3u,3t,0,0,j,0,0,0,0,j,0,0,0,0,0,0
i,3p,0,0,j,0,i,0,0,j,0,0,0,0,0,0
i,3q,3s,x,j,0,i,0,0,2e,0,0,0,0,0,0
k,l,l,l,m,0,i,0,0,2d,0,0,0,0,0,0
0,0,0,0,0,0,i,0,0,j,0,0,0,0,0,0
0,0,0,0,0,0,n,0,0,j,0,0,0,0,0,0
0,0,0,0,0,0,0,0,0,j,0,0,0,0,0,0
0,0,0,0,0,0,i,0,0,1e,1j,0,0,0,0,0
0,0,0,0,0,0,i,0,0,1g,1f,0,0,0,0,0
0,0,0,0,0,0,k,l,l,1h,1i,0,0,0,0,0
NAME Chambre 6
EXT 7,6 5 7,6
PAL 1

ROOM 8
0,0,0,0,2t,t,1m,q,q,r,0,0,0,0,0,0
0,0,0,0,2r,2s,0,0,0,j,0,0,0,0,0,0
0,0,0,0,0,1k,s,0,0,o,0,0,0,0,0,0
0,0,0,0,0,0,i,0,0,0,0,0,0,0,0,0
0,0,0,0,0,0,i,0,0,j,0,0,0,0,0,0
0,0,0,0,0,0,n,0,0,j,0,0,0,0,0,0
0,0,0,0,0,0,0,0,0,j,0,2i,2h,2h,2h,2n
0,0,0,0,0,0,i,0,0,j,0,2f,46,46,46,2l
0,0,0,0,0,0,i,0,0,2e,0,2f,46,46,46,2l
0,0,0,0,0,0,i,0,0,2d,0,2f,46,46,46,3w
0,0,0,0,0,0,i,0,0,j,0,2f,46,46,46,3x
0,0,0,0,0,0,n,0,0,j,0,2f,46,46,46,2l
0,0,0,0,0,0,0,0,0,j,0,2g,2k,2k,2k,2m
0,0,0,0,0,0,i,0,0,1e,1j,0,0,0,0,0
0,0,0,0,0,0,i,0,0,1g,1f,0,0,0,0,0
0,0,0,0,0,0,k,l,l,1h,1i,0,0,0,0,0
NAME Chambre 7
EXT 8,9 5 8,9
PAL 1

ROOM 9
0,0,0,0,2t,t,1m,q,q,r,0,0,0,0,0,0
0,0,0,0,2r,2s,0,0,0,j,0,0,0,0,0,0
0,0,0,0,0,1k,s,0,0,o,0,0,0,0,0,0
0,0,0,0,0,0,i,0,0,0,0,0,0,0,0,0
0,0,0,0,0,0,i,0,0,j,0,0,0,0,0,0
0,0,0,0,0,0,n,0,0,j,0,0,0,0,0,0
0,0,0,0,0,0,0,0,0,j,0,0,0,0,0,0
0,0,0,0,0,0,i,0,0,j,0,0,0,0,0,0
0,0,0,0,0,0,i,0,0,2e,0,0,0,0,0,0
w,40,3k,q,r,0,i,0,0,2d,0,0,0,0,0,0
i,3z,3y,45,j,0,i,0,0,j,0,0,0,0,0,0
i,0,0,0,j,0,n,0,0,j,0,0,0,0,0,0
1y,0,x,0,j,0,0,0,0,j,0,0,0,0,0,0
1x,0,0,0,j,0,i,0,0,1e,1j,0,0,0,0,0
i,41,42,44,43,0,i,0,0,1g,1f,0,0,0,0,0
k,l,l,l,m,0,k,l,l,1h,1i,0,0,0,0,0
NAME Chambre 8
EXT 7,12 5 7,12
PAL 1

ROOM a
0,0,0,0,0,t,1m,q,q,r,0,0,0,0,0,0
0,0,0,0,0,0,0,0,0,j,0,0,0,0,0,0
0,0,0,0,0,1k,s,0,0,o,0,0,0,0,0,0
0,0,0,0,0,0,i,0,0,0,0,0,0,0,0,0
0,0,0,0,0,0,i,0,0,j,0,0,0,0,0,0
0,0,0,0,0,0,n,0,0,j,0,0,0,0,0,0
0,0,0,0,0,0,0,0,0,j,0,0,0,0,0,0
0,0,0,0,0,0,i,0,0,j,0,0,0,0,0,0
0,0,0,0,0,0,i,0,0,o,0,0,0,0,0,0
0,0,0,0,0,0,i,0,0,0,0,0,0,0,0,0
0,0,0,0,0,0,i,0,0,j,0,0,0,0,0,0
0,0,0,0,0,0,n,0,0,j,0,0,0,0,0,0
0,0,0,0,0,0,0,0,0,j,0,0,0,0,0,0
0,0,0,0,0,0,i,0,0,1e,1j,0,0,0,0,0
0,0,0,0,0,0,i,0,0,0,2o,2p,0,0,0,0
0,0,0,0,0,0,k,l,l,1o,1i,2q,0,0,0,0
NAME RDC
EXT 6,12 c 6,12
EXT 9,9 d 9,9
EXT 6,6 e 6,6
EXT 9,3 f 9,3
EXT 5,1 g 5,1
EXT 4,1 g 5,1
EXT 11,14 5 10,14
PAL 2

ROOM b
0,0,0,0,0,t,p,q,q,r,0,0,0,0,0,0
0,0,0,0,0,v,u,0,0,j,0,0,0,0,0,0
0,0,0,0,0,1k,s,0,0,o,0,0,0,0,0,0
w,q,q,q,r,0,i,0,0,0,0,0,0,0,0,0
i,0,0,x,j,0,i,0,0,j,0,0,0,0,0,0
i,0,0,0,j,0,n,0,0,j,0,0,0,0,0,0
1z,23,22,21,24,0,0,0,0,j,0,0,0,0,0,0
20,1q,1u,1t,j,0,i,0,0,j,0,0,0,0,0,0
1r,1p,0,1s,j,0,i,0,0,o,0,0,0,0,0,0
k,l,l,l,m,0,i,0,0,1c,0,0,0,0,0,0
0,0,0,0,0,0,i,0,1d,j,0,0,0,0,0,0
0,0,0,0,0,0,n,0,0,j,0,0,0,0,0,0
0,0,0,0,0,0,0,0,0,j,0,0,0,0,0,0
0,0,0,0,0,0,i,0,0,j,0,0,0,0,0,0
0,0,0,0,0,0,i,0,0,j,0,0,0,0,0,0
0,0,0,0,0,0,k,l,l,m,0,0,0,0,0,0
NAME Chambre 3
EXT 7,6 0 7,6
PAL 0

ROOM c
0,0,0,0,0,t,1m,q,q,r,0,0,0,0,0,0
0,0,0,0,0,0,0,0,0,j,0,0,0,0,0,0
0,0,0,0,0,1k,s,0,0,o,0,0,0,0,0,0
0,0,0,0,0,0,i,0,0,0,0,0,0,0,0,0
0,0,0,0,0,0,i,0,0,j,0,0,0,0,0,0
0,0,0,0,0,0,n,0,0,j,0,0,0,0,0,0
0,0,0,0,0,0,0,0,0,j,0,0,0,0,0,0
0,0,0,0,0,0,i,0,0,j,0,0,0,0,0,0
0,0,0,0,0,0,i,0,0,o,0,0,0,0,0,0
w,q,q,4r,r,0,i,0,0,0,0,0,0,0,0,0
i,4m,4o,4q,4s,0,i,0,0,j,0,0,0,0,0,0
i,4l,4n,4p,j,0,n,0,0,j,0,0,0,0,0,0
4h,4j,0,52,j,0,0,0,0,j,0,0,0,0,0,0
4i,4k,0,50,51,0,i,0,0,1e,1j,0,0,0,0,0
4u,4w,4x,4y,4z,0,i,0,0,0,2o,2p,0,0,0,0
4t,4v,l,l,m,0,k,l,l,1o,1i,2q,0,0,0,0
NAME Chambre 9
EXT 7,12 a 7,12
PAL 2

ROOM d
0,0,0,0,0,t,1m,q,q,r,0,0,0,0,0,0
0,0,0,0,0,0,0,0,0,j,0,0,0,0,0,0
0,0,0,0,0,1k,s,0,0,o,0,0,0,0,0,0
0,0,0,0,0,0,i,0,0,0,0,0,0,0,0,0
0,0,0,0,0,0,i,0,0,j,0,0,0,0,0,0
0,0,0,0,0,0,n,0,0,j,0,0,0,0,0,0
0,0,0,0,0,0,0,0,0,j,0,w,q,q,q,r
0,0,0,0,0,0,i,0,0,j,0,i,0,0,0,j
0,0,0,0,0,0,i,0,0,o,0,i,56,0,57,j
0,0,0,0,0,0,i,0,0,0,0,i,0,57,0,55
0,0,0,0,0,0,i,0,0,j,0,i,0,5l,0,55
0,0,0,0,0,0,n,0,0,j,0,i,x,0,0,53
0,0,0,0,0,0,0,0,0,j,0,k,l,l,l,m
0,0,0,0,0,0,i,0,0,1e,1j,0,0,0,0,0
0,0,0,0,0,0,i,0,0,0,2o,2p,0,0,0,0
0,0,0,0,0,0,k,l,l,1o,1i,2q,0,0,0,0
NAME Chambre 10
EXT 8,9 a 8,9
PAL 2

ROOM e
0,0,0,0,0,t,1m,q,q,r,0,0,0,0,0,0
0,0,0,0,0,0,0,0,0,j,0,0,0,0,0,0
0,0,0,0,0,1k,s,0,0,o,0,0,0,0,0,0
0,0,0,0,0,0,i,0,0,0,0,0,0,0,0,0
w,q,q,5j,r,0,i,0,0,j,0,0,0,0,0,0
5d,5f,5i,5h,j,0,n,0,0,j,0,0,0,0,0,0
5e,5g,0,0,j,0,0,0,0,j,0,0,0,0,0,0
i,0,0,0,j,0,i,0,0,j,0,0,0,0,0,0
i,0,0,0,j,0,i,0,0,o,0,0,0,0,0,0
k,l,l,l,m,0,i,0,0,0,0,0,0,0,0,0
0,0,0,0,0,0,i,0,0,j,0,0,0,0,0,0
0,0,0,0,0,0,n,0,0,j,0,0,0,0,0,0
0,0,0,0,0,0,0,0,0,j,0,0,0,0,0,0
0,0,0,0,0,0,i,0,0,1e,1j,0,0,0,0,0
0,0,0,0,0,0,i,0,0,0,2o,2p,0,0,0,0
0,0,0,0,0,0,k,l,l,1o,1i,2q,0,0,0,0
NAME Chambre 11
EXT 7,6 a 7,6
PAL 2

ROOM f
0,0,0,0,0,t,1m,q,q,r,0,w,q,q,q,r
0,0,0,0,0,0,0,0,0,j,0,i,5b,0,0,j
0,0,0,0,0,1k,s,0,0,o,0,i,5c,28,5a,58
0,0,0,0,0,0,i,0,0,0,0,i,0,0,59,27
0,0,0,0,0,0,i,0,0,j,0,i,0,0,0,j
0,0,0,0,0,0,n,0,0,j,0,i,x,0,0,j
0,0,0,0,0,0,0,0,0,j,0,k,l,l,l,m
0,0,0,0,0,0,i,0,0,j,0,0,0,0,0,0
0,0,0,0,0,0,i,0,0,o,0,0,0,0,0,0
0,0,0,0,0,0,i,0,0,0,0,0,0,0,0,0
0,0,0,0,0,0,i,0,0,j,0,0,0,0,0,0
0,0,0,0,0,0,n,0,0,j,0,0,0,0,0,0
0,0,0,0,0,0,0,0,0,j,0,0,0,0,0,0
0,0,0,0,0,0,i,0,0,1e,1j,0,0,0,0,0
0,0,0,0,0,0,i,0,0,0,2o,2p,0,0,0,0
0,0,0,0,0,0,k,l,l,1o,1i,2q,0,0,0,0
NAME Chambre 12
EXT 8,3 a 8,3
PAL 2

ROOM g
w,q,4b,q,q,47,0,0,0,0,0,0,0,0,0,0
1x,5k,49,0,0,0,0,0,0,0,0,0,0,0,0,0
i,4g,4a,0,48,47,0,0,0,0,0,0,0,0,0,0
4f,4c,0,0,j,0,0,0,0,0,0,0,0,0,0,0
4d,4e,l,l,m,0,0,0,0,0,0,0,0,0,0,0
0,0,0,0,0,0,0,0,0,0,0,0,0,0,0,0
0,0,0,0,0,0,0,0,0,0,0,0,0,0,0,0
0,0,0,0,0,0,0,0,0,0,0,0,0,0,0,0
0,0,0,0,0,0,0,0,0,0,0,0,0,0,0,0
0,0,0,0,0,0,0,0,0,0,0,0,0,0,0,0
0,0,0,0,0,0,0,0,0,0,0,0,0,0,0,0
0,0,0,0,0,0,0,0,0,0,0,0,0,0,0,0
0,0,0,0,0,0,0,0,0,0,0,0,0,0,0,0
0,0,0,0,0,0,0,0,0,0,0,0,0,0,0,0
0,0,0,0,0,0,0,0,0,0,0,0,0,0,0,0
0,0,0,0,0,0,0,0,0,0,0,0,0,0,0,0
NAME Concierge
EXT 5,1 a 5,1
EXT 6,1 a 5,1
END undefined 3,1
PAL 2

ROOM h
0,0,0,0,0,0,0,0,0,0,0,0,0,0,0,0
0,0,0,0,0,0,0,0,0,0,0,0,0,0,0,0
0,0,0,0,0,0,0,0,0,0,0,0,0,0,0,0
0,0,0,0,0,0,0,0,0,0,0,0,0,0,0,0
0,0,0,0,0,0,0,0,0,0,0,0,0,0,0,0
0,0,0,0,0,0,0,0,0,0,0,0,0,0,0,0
w,q,q,q,q,q,q,q,q,q,q,q,q,q,q,r
i,0,0,0,0,0,0,0,0,0,0,0,0,0,0,j
i,0,0,0,0,0,0,0,0,0,0,0,0,0,0,j
k,l,l,l,l,l,l,l,l,l,l,l,l,l,l,m
0,0,0,0,0,0,0,0,0,0,0,0,0,0,0,0
0,0,0,0,0,0,0,0,0,0,0,0,0,0,0,0
0,0,0,0,0,0,0,0,0,0,0,0,0,0,0,0
0,0,0,0,0,0,0,0,0,0,0,0,0,0,0,0
0,0,0,0,0,0,0,0,0,0,0,0,0,0,0,0
0,0,0,0,0,0,0,0,0,0,0,0,0,0,0,0
NAME Ecran titre
PAL 1

TIL 10
10000000
10000000
11000001
11111111
00000000
00000000
00000000
00000000

TIL 11
10011111
10010001
10011111
10010001
10011111
10010001
10011111
10010001
WAL true

TIL 12
10011111
10010001
10011111
10010001
00011111
00010001
00011111
00010001
WAL true

TIL 13
00011111
00010001
00011111
00010001
10011111
10010001
10011111
10010001
WAL true

TIL 14
10000001
11110001
10101101
10101011
10101101
10110101
11011011
11111111

TIL 15
00111111
00010010
00011110
00000000
01111110
11111001
11001001
11111001

TIL 16
11100000
10100000
10111000
11101000
01111000
00000000
00111100
00100100

TIL 17
01111100
11101000
10111000
10100000
11100000
00000111
00111101
00100101

TIL 18
00000000
01110000
01010000
01010000
01110111
00000101
00111101
00100111

TIL 19
00000000
11110000
10010000
11110000
01011110
01110010
00011110
00000000

TIL 20
00000001
00000001
00000001
00000001
11110001
10011001
00101001
01001001

TIL 21
00000000
00011010
00011010
00000000
00000000
10100001
10100001
00000000

TIL 22
00000000
00011010
00011010
00000000
00000000
00000001
00000001
00000000

TIL 23
00000000
00000000
00000000
00000000
00110011
00000000
00110011
00110011

TIL 24
00011111
00010001
00011111
00010001
00011111
10110001
10111111
00010001
WAL true

TIL 25
10100101
10111100
10000001
11110100
11010001
10100100
11000101
11111111

TIL 26
11111111
11111001
11011110
11110010
10011110
10000000
10111101
10100101

TIL 27
10011111
10110011
10010101
10011001
10010011
10010101
10011001
10010011

TIL 28
00000000
00100000
00100000
00100000
00100000
00111100
00100100
00100100

TIL 29
11111110
11000001
11001111
10001011
00001011
00001111
00000001
11111110

TIL 30
00000001
00000001
00000001
00000000
00000000
00000000
00000000
00000000

TIL 31
11111111
10101010
10101010
10101010
11111111
11111111
00010101
11111111

TIL 32
11111111
10101010
10101010
10101010
11111111
11111111
10101000
11111111

TIL 33
01000000
01001110
01001010
01001010
01011110
00010010
10011110
10000000

TIL 34
10000000
00000000
10000000
00000000
00000000
11000000
01000000
10000000

TIL 35
00000001
00000001
00000001
00011101
00010101
00010101
00010101
00011101

TIL 36
00000000
00000000
00000000
11100000
00110000
00011000
00001000
00001000

TIL 37
11111110
10001011
11111001
10001111
11111010
10101010
11101010
11111111

TIL 38
11111000
10001000
11111000
10001001
11111011
10001110
11111100
10001100

TIL 39
00011000
00110000
11100000
11111111
10101010
10101010
10101010
11111111

TIL 40
11111111
10101010
10101010
10101010
11111111
11111111
11000000
10111110

TIL 41
01111111
10001010
10001000
10001010
11110101
11010110
11010011
01111111

TIL 42
11100000
00100000
10101110
10101001
10101001
00101111
00101111
11100000

TIL 43
00011111
11010001
01011111
11010001
11011111
10010001
10011111
00010001

TIL 44
00001111
00001001
11101111
00100111
00101111
11101000
11101111
00000000

TIL 45
01111110
01000010
01000010
01111100
01000010
01000010
01111110
01111110

TIL 46
11111111
00111110
01111101
10011111
11111111
11100011
11010111
11111001
>
11111111
00011111
10111110
11001111
11111111
11110001
11101011
11111100

TIL 47
11101000
10101010
10101010
10101010
11101000
00000000
00000000
00000000
WAL true

TIL 48
00011111
00011010
00011110
00010010
00011111
00010001
00011111
00010001
WAL true

TIL 49
00010001
00010001
00010001
00010001
00010001
00010001
00010001
00010001
WAL true

TIL 50
11110000
11110000
11110011
00001111
00000111
00001111
00001111
00000111

TIL 51
00011111
00010001
11011111
00010001
10011111
00010001
00011111
10010001

TIL 52
00000000
00000000
01111000
00111100
11110000
11110000
11110000
01111000

TIL 53
01111111
00010001
00011111
00010001
00011111
00010001
00011111
00010001

TIL 55
01111111
10110011
11110101
10111001
11110011
10110101
11111001
10110011

TIL 56
00000000
00000000
00000000
11100000
11101000
00000010
00000000
00000000

TIL 57
00000000
00000000
00100000
00100000
01010000
01010000
01010000
01110000

TIL 58
10011111
10010011
10010101
10011001
10010011
10010101
10111001
10010011

TIL 59
10000000
10000000
10000000
10000000
10000000
10000000
11000001
11111111

TIL i
11111000
10001000
11111000
10001000
11111000
10001000
11111000
10001000
WAL true

TIL j
00011111
00010001
00011111
00010001
00011111
00010001
00011111
00010001
WAL true

TIL k
11111000
10001000
11111000
10001111
11111010
10101010
11101010
11111111
WAL true

TIL l
00000000
00000000
00000000
11111111
10101010
10101010
10101010
11111111
WAL true

TIL m
00011111
00010001
00011111
11111001
10101111
10101011
10101011
11111111
WAL true

TIL n
11111000
10001000
11111000
10001000
11111000
10001000
11111000
00000000
WAL true

TIL o
00011111
00010001
00011111
00010001
00011111
00010001
00011111
00000000
WAL true

TIL p
11111111
10101010
11101010
10101010
10111111
10101000
11111000
01100000
WAL true

TIL q
11111111
10101010
10101010
10101010
11111111
00000000
00000000
00000000
WAL true

TIL r
11111111
10101011
10101111
10101001
11111111
00010001
00011111
00010001
WAL true

TIL s
11111000
10101000
10111000
10101000
11111000
10001000
11111000
10001000
WAL true

TIL t
00000000
00000000
00101111
10101010
10101010
10101010
00101111
00000000
WAL true

TIL u
10100000
10100000
10100000
10100000
10100000
10100000
10100000
01100000

TIL v
00000001
00000110
00011010
00101010
00011010
00000110
00000001
00000000

TIL w
11111111
10101010
11111010
10001010
11111111
10001000
11111000
10001000
WAL true

TIL x
00111100
01100110
11000011
10000001
10000001
11000011
01100110
00111100

TIL y
10111000
11100100
11010111
11100101
11010101
11100111
11010100
10111000

TIL z
00111100
00000000
11100000
10111100
11111111
11000001
10000000
10000000

TIL 1a
00111111
00000000
00000000
11111111
10101010
10101010
10101010
11111111
WAL true

TIL 1b
00000000
00000000
00000000
00000000
00000000
00000000
00111100
00100100

TIL 1c
11100000
10100111
10100100
11100111
00001110
01111011
01001010
01111110

TIL 1d
00000000
00000000
00001111
00001001
00001111
00000000
00000000
00000000

TIL 1e
00011111
00010001
00011111
00010001
00011111
00010101
00011101
00011111
WAL true

TIL 1f
00000000
10000000
01100000
01011000
01010100
01011000
01100000
10000000

TIL 1g
00000110
00000101
00000101
00000101
00000101
00000101
00000101
00000101

TIL 1h
00000110
00011111
00010101
11111101
10101101
10101111
10101001
11111111

TIL 1i
00000000
11110100
01010101
01010101
01010101
11110100
00000000
00000000

TIL 1j
00000000
00000000
00000000
11110100
01010101
01010101
01010101
11110100

TIL 1k
00101111
10101010
10101010
10101010
00101111
00000000
00000000
00000000
WAL true

TIL 1l
00000110
00000000
00000000
00000000
00000000
00000000
00000000
00000000

TIL 1m
11111111
10101010
11101010
10101010
10111111
10101000
11111000
00000000
WAL true

TIL 1n
00000000
00000000
00000000
00000000
00000000
00000000
00000000
01100000

TIL 1o
00000000
00011111
00010101
11111101
10101101
10101111
10101001
11111111

TIL 1p
00000001
00001001
00011101
00010101
00011101
00000001
10000011
11111111

TIL 1q
11111111
10000011
00110101
00110101
00000001
00000001
11010001
11010001

TIL 1r
11111001
10001001
11111001
10001001
11111001
10001001
11111001
10001001
WAL true

TIL 1s
11111111
10101011
11111111
10000001
10000001
10000001
10000001
11111111

TIL 1t
00000000
00000000
00000000
00000000
01111110
10111101
10100101
10111101

TIL 1u
00000000
00000100
00000100
00000100
00000100
00111100
00100100
00100100

TIL 1v
10011111
10110011
10010101
10011001
00010011
00010101
00011001
00010011

TIL 1w
10011111
10010011
10010101
10011001
10010011
10010101
10111001
10010011

TIL 1x
11111000
10011100
10101000
11001000
10011000
10101000
11001000
10011000

TIL 1y
11111000
10011000
10101000
11001000
10011000
10101000
11001100
10011000

TIL 1z
11111000
10011000
00101000
01001000
11110000
00000000
00000000
00000000

TIL 2a
00001111
00001111
00001111
00001111
00001111
00001111
00001100
00001111

TIL 2b
00110000
01110000
00000110
00001110
00000000
00000000
00000000
00000000

TIL 2c
00000100
00001000
00001000
01111100
11000010
10111010
10101010
11111110

TIL 2d
01111111
00001111
00111111
00011111
11111111
00111111
00001111
00000111
>
00111111
00000111
00011111
00001111
00111111
00001111
00000111
00000111

TIL 2e
00011111
00010001
00011111
00010001
00011111
00010001
00011111
00000111
>
00011111
00010001
00011111
00010001
00011111
00010001
00011111
00000001
WAL true

TIL 2f
11111011
10001010
11111001
10001011
11111011
10001011
11111011
10001001
>
11111011
10001011
11111010
10001011
11111011
10001001
11111011
10001000
WAL true

TIL 2g
11111010
10001000
11111000
10001111
11111010
10101010
11101010
11111111
>
11111011
10001010
11111000
10001111
11111010
10101010
11101010
11111111
WAL true

TIL 2h
11111111
10101010
10101010
10101010
11111111
00000000
10011001
00110011
>
11111111
10101010
10101010
10101010
11111111
00000000
11001100
10011001
WAL true

TIL 2i
11111111
10101010
11111010
10001010
11111111
10001000
11111001
10001011
>
11111111
10101010
11111010
10001010
11111111
10001000
11111000
10001001
WAL true

TIL 2k
11101110
01000100
00000000
11111111
10101010
10101010
10101010
11111111
>
01110111
00100010
00000000
11111111
10101010
10101010
10101010
11111111
WAL true

TIL 2l
11011111
00010001
01011111
10010001
11011111
11010001
11011111
11010001
>
11011111
00010001
10011111
11010001
11011111
11010001
11011111
11010001
WAL true

TIL 2m
11011111
01010001
00011111
11111001
10101111
10101011
10101011
11111111
>
01011111
00010001
00011111
11111001
10101111
10101011
10101011
11111111
WAL true

TIL 2n
11111111
10101011
10101111
10101001
11111111
00010001
10011111
00010001
>
11111111
10101011
10101111
10101001
11111111
00010001
11011111
10010001
WAL true

TIL 2o
00000000
00000001
00001110
00111010
00101010
00111010
00001110
00000001

TIL 2p
00100000
10100000
10100000
10100000
10100000
10100000
10100000
10100000

TIL 2q
00100000
00000000
00000000
00000000
00000000
00000000
00000000
00000000

TIL 2r
00000101
00000101
00000101
00000101
00000101
00000101
00000101
00000100

TIL 2s
10000000
01110000
01011100
01010100
01011100
01110000
10000000
00000000

TIL 2t
00000000
00000000
00000000
00000000
00000000
00000000
00000000
00000100

TIL 2u
01111111
01010011
11010101
01011001
01110011
01010101
11011001
01010011

TIL 2v
01111111
01010011
11010101
01011001
01110011
01010101
11011001
01010011

TIL 2w
01111111
01010001
11011111
01010001
01111111
00010001
00011111
00010001

TIL 2x
00011111
00010001
00011111
00010001
01111111
01010001
11011111
01010001

TIL 2y
00000010
01100010
01110010
01100010
00111010
00101000
00101001
00111001

TIL 2z
00000001
01110001
01011101
01010101
01010101
01110101
00011101
00000001

TIL 3a
00000000
01111110
10000001
10000001
10000001
10000001
10000001
10000001

TIL 3b
10000001
10000001
10000001
11111111
00000000
00000000
00000000
00000000

TIL 3c
00000000
00000000
10000000
10000000
10000111
10011001
10001110
10000100

TIL 3d
10000010
10000001
10000000
10000000
10000000
10000000
10000000
00000000

TIL 3e
00000000
00000000
00000000
11000000
01000000
01000011
01000010
11000011

TIL 3f
11111110
10001010
11111011
10001010
11111110
10001010
11111011
10001010

TIL 3g
11111110
10001010
11111011
10001010
11111110
10001010
11111011
10001000

TIL 3h
11111000
10001000
11111000
10001001
11111001
10001001
11111001
10001001

TIL 3i
00000000
11100000
00100000
00100000
11111110
00000000
00000000
00000000

TIL 3j
11111111
10101010
10101010
10101010
11111111
11111111
11000000
10000000

TIL 3k
11111111
10101010
10101010
10101010
11111111
11111111
00000011
00001001

TIL 3l
11111101
00011101
00010001
00010001
11110001
00000011
11111111
00000000

TIL 3m
10001111
10001000
10001001
10001001
10001111
11000000
11111111
00000000

TIL 3n
00000000
00000010
00000011
00000011
00111111
00111110
01010010
00010010

TIL 3o
00000001
01111001
00110011
00110000
00000000
00000000
00000000
00000000

TIL 3p
00000110
00000010
01110000
00100000
00000010
00000100
00001100
00011110

TIL 3q
00111111
01001110
01000100
00000000
00000000
00000000
00110000
00111000

TIL 3r
00000000
01111100
01100000
01111000
00000100
00000000
00000000
11000000

TIL 3s
00110000
01100011
11100110
00001110
00000000
00000000
00000111
00000011

TIL 3t
11000000
01000000
01000000
00000000
00010000
00011000
00000000
00000000

TIL 3u
11111001
10011101
10101001
11001000
10011000
10101000
11001000
10011000

TIL 3v
11111000
10011000
10101000
11001000
10011000
10101000
11001100
10011001

TIL 3w
11011111
00010011
01010101
10011001
11010011
11010101
11111001
11010011
>
11011111
00010011
10010101
11011001
11010011
11010101
11111001
11010011
WAL true

TIL 3x
11011111
00110011
01010101
10011001
11010011
11010101
11011001
11010011
>
11011111
00110011
10010101
11011001
11010011
11010101
11011001
11010011
WAL true

TIL 3y
00001001
00001001
01110001
01010001
01010001
01110011
11111111
00000000

TIL 3z
10100010
10100010
10111110
10111110
10000000
11000000
11111111
00000000

TIL 4a
00010001
00010001
00010001
00010001
00001110
00000000
00000000
00000000
WAL true

TIL 4b
11111111
10101010
10101010
10101010
11111111
00010001
00010001
00010001
WAL true

TIL 4c
00101000
11111110
10000010
10011010
10011010
10001010
11111110
11111111

TIL 4d
11111001
10001001
11111001
10001111
11111010
10101010
11101010
11111111
WAL true

TIL 4e
00001001
00001001
00000101
11111111
10101010
10101010
10101010
11111111
WAL true

TIL 4f
11111000
10001000
11111000
10001000
11111000
10001000
11111000
10001001
WAL true

TIL 4g
00100100
00100100
00000000
00000000
00000000
00000000
10000010
01000100

TIL 4h
11111001
10011001
10101001
11001001
10011001
10101001
11001101
10011001

TIL 4i
11111001
10011101
10101001
11001001
10011001
10101001
11001001
10011001

TIL 4j
11111111
10011111
00111101
00011111
00000001
01111001
11110001
11110001

TIL 4k
00001111
00001001
11111111
11110001
01111001
11110001
10000011
11111111

TIL 4l
01111001
11110000
00000001
00000000
00011110
00001111
00001111
00011110

TIL 4m
00111100
01111000
11110000
01111000
01111001
11110000
11110000
11110000

TIL 4n
11100111
11110001
11100111
11110111
00000111
00000011
00000111
00000011

TIL 4o
00000000
11110000
01111000
01111000
11100111
11110001
01111011
11110011

TIL 4p
10000000
11100000
10000000
10000000
10000000
11001111
10001111
11011110

TIL 4q
00011110
00001111
00000000
00001111
10001111
11100111
11000011
11001111

TIL 4r
11111111
10101010
10101010
10101010
11111111
00000000
00001111
00001111

TIL 4s
00011111
00010001
00011111
00010001
00011111
10010001
11011111
00010001

TIL 4t
11111011
10001011
11111000
10001111
11111010
10101010
11101010
11111111

TIL 4u
11111000
10001000
11111001
10001000
11111011
10001000
11111001
10001001

TIL 4v
11000000
11000000
00000000
11111111
10101010
10101010
10101010
11111111

TIL 4w
00000000
00000000
11100000
11110000
11000000
11110000
11100000
11100000

TIL 4x
00000000
11110011
01111000
11110001
11110011
00111100
01111000
11110000

TIL 4y
00000011
11001111
11110011
11100111
11000111
00001111
00000011
00000000

TIL 4z
11011111
00010001
11011111
10010001
10011111
00010001
11011111
00010001

TIL 5a
11111111
11000001
10000000
10000000
10000000
10000000
10000000
10000000

TIL 5b
01111110
10111101
10100101
10111101
11111111
10101011
11010101
10101011

TIL 5c
11010101
10101011
11011101
11111111
00000000
00000000
00000000
00000000

TIL 5d
11111001
10011001
10101001
11001001
10011001
10101001
11001101
10011001

TIL 5e
11111001
10011101
10101001
11001001
10011001
10101001
11001001
10011001

TIL 5f
11111111
10000011
11001001
11011001
11011001
00000001
01011001
10000101

TIL 5g
11000001
00011001
10000001
11000101
11001101
00000001
10000011
11111111

TIL 5h
01111110
01000001
01001111
10001011
10001011
00001111
00000001
11111110

TIL 5i
00011111
00010001
00001000
00001010
00001010
00001001
00001101
00000111

TIL 5j
11111111
10101010
10101010
10101010
11111111
00000000
00000000
11000000

TIL 5k
00000000
00011100
00011000
00111100
01100110
01111110
00111100
00100100

TIL 5l
00000000
00000000
00000000
00000000
00000110
00110111
01110000
00000000

SPR 10
00000001
00000001
00000001
00000001
00000001
00000001
00000001
00000001
POS 3 5,6

SPR 11
00000000
00000000
00000000
00000000
00000000
00000000
00000000
00000001
POS 3 5,5

SPR 12
00000000
00000000
00000000
00000000
00000000
00000000
00000000
00000001
POS 3 5,11

SPR 13
10000000
10000000
10000000
10000000
10000000
10000000
10000000
10000000
POS 3 10,9

SPR 14
10000000
10000000
10000000
10000000
10000000
10000000
10000000
10000000
DLG SPR_3
POS 3 10,3

SPR 15
00000000
00000000
00000000
00000000
00000000
00000000
00000000
10000000
POS 3 10,2

SPR 16
00000000
00000000
00000000
00000000
00000000
00000000
00000000
10000000
POS 3 10,8

SPR 17
00101100
00111000
00111111
00111000
00111110
00111110
00100110
00100111
>
00101100
00111001
00111110
00111000
00111110
00111110
00100110
00100111
POS 1 13,9

SPR 18
00000000
00000000
00000000
00000000
00000000
00000000
00000000
00001100
POS 1 13,8

SPR 19
10000000
10000000
10000000
10000000
10000000
10000000
10000000
10000000
POS 5 10,3

SPR 20
00000000
00000000
00000000
00000000
00000000
00000000
00000000
10000000
POS 8 10,8

SPR 21
00000001
00000001
00000001
00000001
00000001
00000001
00000001
00000001
POS 8 5,6

SPR 22
00000001
00000001
00000001
00000001
00000001
00000001
00000001
00000001
POS 8 5,12

SPR 23
00000000
00000000
00000000
00000000
00000000
00000000
00000000
00000001
POS 8 5,5

SPR 24
00000000
00000000
00000000
00000000
00000000
00000000
00000000
00000001
POS 8 5,11

SPR 25
00000001
00000001
00000001
00000001
00000001
00000001
00000001
00000001
DLG SPR_7
POS 9 5,12

SPR 26
00000000
00000000
00000000
00000000
00000000
00000000
00000000
00000001
POS 9 5,11

SPR 27
00000001
00000001
00000001
00000001
00000001
00000001
00000001
00000001
POS 9 5,6

SPR 28
00000000
00000000
00000000
00000000
00000000
00000000
00000000
00000001
POS 9 5,5

SPR 29
10000000
10000000
10000000
10000000
10000000
10000000
10000000
10000000
POS 9 10,9

SPR 30
00000000
00000000
00000000
00000000
00000000
00000000
00000000
10000000
POS a 10,8

SPR 31
00000001
00000001
00000001
00000001
00000001
00000001
00000001
00000001
POS c 5,6

SPR 32
00000001
00000001
00000001
00000001
00000001
00000001
00000001
00000001
DLG SPR_8
POS c 5,12

SPR 33
00000000
00000000
00000000
00000000
00000000
00000000
00000000
00000001
POS c 5,11

SPR 34
00000000
00000000
00000000
00000000
00000000
00000000
00000000
00000001
POS c 5,5

SPR 35
10000000
10000000
10000000
10000000
10000000
10000000
10000000
10000000
POS c 10,3

SPR 36
10000000
10000000
10000000
10000000
10000000
10000000
10000000
10000000
POS c 10,9

SPR 37
00000000
00000000
00000000
00000000
00000000
00000000
00000000
10000000
POS c 10,8

SPR 38
00000000
00000000
00000000
00000000
00000000
00000000
00000000
10000000
POS c 10,2

SPR 39
00000001
00000001
00000001
00000001
00000001
00000001
00000001
00000001
POS d 5,12

SPR 40
11100111
10011001
11100111
10000001
11111111
10000001
11111111
00000000
POS d 13,9

SPR 41
01111110
01100110
11111111
10011001
10011001
11000011
01100110
10111100
>
01111110
01100110
11011011
11111111
10011001
11000011
01100110
10111100
POS e 2,7

SPR 42
00000000
00000000
00000000
00000000
00000000
00011000
00011000
00111100
>
00000000
00000000
00000000
00000000
00000000
00000000
00011000
00111100
POS e 2,6

SPR 43
00000000
00000000
00000000
00010000
00000010
00001100
00000000
00000010
POS e 1,8

SPR 44
00000000
00000000
00000000
01000000
00100000
00000000
00001000
10110000
POS e 3,7

SPR 45
00000000
00000000
00000000
00000000
01111000
10001010
10001100
11111110
POS e 1,7

SPR 46
00000000
00000000
00000000
00000000
00000000
00010000
00100000
10001011
POS e 2,8

SPR 47
00000000
00000000
00000000
00000000
00000000
00000000
00100000
00000000
POS e 3,8

SPR 48
11111111
11111111
11000011
11000011
11000011
11000011
11000000
11000000
POS h 1,7

SPR 49
11000000
11000000
11000011
11000011
11000011
11000011
11111111
11111111
POS h 1,8

SPR A
00011000
00111100
00011000
00111100
01111110
01111110
00100100
00010100
>
00011000
00111100
00011000
00111100
01111110
01111110
00100100
00101000
POS 0 6,12

SPR b
00000001
00000001
00000001
00000001
00000001
00000001
00000001
00000001
POS 0 5,6

SPR c
00000001
00000001
00000001
00000001
00000001
00000001
00000001
00000001
DLG SPR_1
POS 0 5,12

SPR d
10000000
10000000
10000000
10000000
10000000
10000000
10000000
10000000
POS 0 10,3

SPR e
10000000
10000000
10000000
10000000
10000000
10000000
10000000
10000000
POS 0 10,9

SPR f
00000000
00000000
00000000
00000000
00000000
00000000
00000000
10000000
POS 0 10,2

SPR g
00000000
00000000
00000000
00000000
00000000
00000000
00000000
10000000
POS 0 10,8

SPR h
00000000
00000000
00000000
00000000
00000000
00000000
00000000
00000001
POS 0 5,5

SPR i
00000000
00000000
00000000
00000000
00000000
00000000
00000000
00000001
POS 0 5,11

SPR j
00000001
00000001
00000001
00000001
00000001
00000001
00000001
00000001
POS 1 5,12

SPR k
00000001
00000001
00000001
00000001
00000001
00000001
00000001
00000001
POS 1 5,6

SPR l
00000000
00000000
00000000
00000000
00000000
00000000
00000000
00000001
POS 1 5,11

SPR m
00000000
00000000
00000000
00000000
00000000
00000000
00000000
00000001
POS 1 5,5

SPR n
10000000
10000000
10000000
10000000
10000000
10000000
10000000
10000000
POS 1 10,3

SPR o
10000000
10000000
10000000
10000000
10000000
10000000
10000000
10000000
DLG SPR_0
POS 1 10,9

SPR p
00000000
00000000
00000000
00000000
00000000
00000000
00000000
10000000
POS 1 10,8

SPR q
00000000
00000000
00000000
00000000
00000000
00000000
00000000
10000000
POS 1 10,2

SPR r
00000001
00000001
00000001
00000001
00000001
00000001
00000001
00000001
DLG SPR_2
POS b 5,6

SPR s
00000001
00000001
00000001
00000001
00000001
00000001
00000001
00000001
POS b 5,12

SPR t
00000000
00000000
00000000
00000000
00000000
00000000
00000000
00000001
POS b 5,11

SPR u
00000000
00000000
00000000
00000000
00000000
00000000
00000000
00000001
POS b 5,5

SPR v
10000000
10000000
10000000
10000000
10000000
10000000
10000000
10000000
POS b 10,9

SPR w
10000000
10000000
10000000
10000000
10000000
10000000
10000000
10000000
POS b 10,3

SPR x
00000000
00000000
00000000
00000000
00000000
00000000
00000000
10000000
POS b 10,8

SPR y
00000000
00000000
00000000
00000000
00000000
00000000
00000000
10000000
POS b 10,2

SPR z
00000001
00000001
00000001
00000001
00000001
00000001
00000001
00000001
POS 3 5,12

SPR 1a
10000000
10000000
10000000
10000000
10000000
10000000
10000000
10000000
POS 5 10,9

SPR 1b
00000000
00000000
00000000
00000000
00000000
00000000
00000000
10000000
POS 5 10,2

SPR 1c
00000000
00000000
00000000
00000000
00000000
00000000
00000000
10000000
POS 5 10,8

SPR 1d
00000001
00000001
00000001
00000001
00000001
00000001
00000001
00000001
POS 5 5,6

SPR 1e
00000001
00000001
00000001
00000001
00000001
00000001
00000001
00000001
POS 5 5,12

SPR 1f
00000000
00000000
00000000
00000000
00000000
00000000
00000000
00000001
POS 5 5,11

SPR 1g
00000000
00000000
00000000
00000000
00000000
00000000
00000000
00000001
POS 5 5,5

SPR 1h
10000000
10000000
10000000
10000000
10000000
10000000
10000000
10000000
DLG SPR_4
POS 6 10,3

SPR 1i
10000000
10000000
10000000
10000000
10000000
10000000
10000000
10000000
POS 6 10,9

SPR 1j
00000000
00000000
00000000
00000000
00000000
00000000
00000000
10000000
POS 6 10,2

SPR 1k
00000000
00000000
00000000
00000000
00000000
00000000
00000000
10000000
POS 6 10,8

SPR 1l
00000001
00000001
00000001
00000001
00000001
00000001
00000001
00000001
POS 6 5,6

SPR 1m
00000001
00000001
00000001
00000001
00000001
00000001
00000001
00000001
POS 6 5,12

SPR 1n
00000000
00000000
00000000
00000000
00000000
00000000
00000000
00000001
POS 6 5,11

SPR 1o
00000000
00000000
00000000
00000000
00000000
00000000
00000000
00000001
POS 6 5,5

SPR 1p
00000001
00000001
00000001
00000001
00000001
00000001
00000001
00000001
DLG SPR_5
POS 7 5,6

SPR 1q
00000001
00000001
00000001
00000001
00000001
00000001
00000001
00000001
POS 7 5,12

SPR 1r
00000000
00000000
00000000
00000000
00000000
00000000
00000000
00000001
POS 7 5,11

SPR 1s
00000000
00000000
00000000
00000000
00000000
00000000
00000000
00000001
POS 7 5,5

SPR 1t
10000000
10000000
10000000
10000000
10000000
10000000
10000000
10000000
POS 7 10,3

SPR 1u
10000000
10000000
10000000
10000000
10000000
10000000
10000000
10000000
POS 7 10,9

SPR 1v
00000000
00000000
00000000
00000000
00000000
00000000
00000000
10000000
POS 7 10,8

SPR 1w
00000000
00000000
00000000
00000000
00000000
00000000
00000000
10000000
POS 7 10,2

SPR 1x
10000000
10000000
10000000
10000000
10000000
10000000
10000000
10000000
POS 8 10,3

SPR 1y
10000000
10000000
10000000
10000000
10000000
10000000
10000000
10000000
DLG SPR_6
POS 8 10,9

SPR 1z
00000000
00000000
00000000
00000000
00000000
00000000
00000000
10000000
POS 8 10,2

SPR 2a
10000000
10000000
10000000
10000000
10000000
10000000
10000000
10000000
POS 9 10,3

SPR 2b
00000000
00000000
00000000
00000000
00000000
00000000
00000000
10000000
POS 9 10,8

SPR 2c
00000000
00000000
00000000
00000000
00000000
00000000
00000000
10000000
POS 9 10,2

SPR 2d
00000000
00000000
00000000
00000000
00000000
00000000
00000000
00000000
POS 2 3,6

SPR 2e
00000001
00000001
00000001
00000001
00000001
00000001
00000001
00000001

SPR 2f
01011010
01011010
01111110
00111100
00111100
00100100
00101000
00100000
>
01011010
01011010
01111110
00111100
00111100
00100100
00100100
00100100
POS 3 13,3

SPR 2g
00000000
00000000
00000000
00000000
00000000
00000000
00100100
01000010
POS 3 13,2

SPR 2h
00000000
00000011
00000011
00001001
00001101
00001011
00011001
00000000
>
00000000
00000110
00000110
00001001
00001101
00001011
00011001
00000000
POS 6 14,5

SPR 2i
01111110
10110001
10111101
10011101
11111001
11111101
11100011
10111001
>
01111110
10111101
10111101
10011001
11111101
11100011
11011011
10000001
POS 7 2,6

SPR 2j
10000000
11100001
10111011
11111101
11111111
00000000
00000000
00000000
>
11100000
10110001
10101011
11100101
11111111
00000000
00000000
00000000
POS 7 2,7

SPR 2k
11000000
10000000
00000000
00000000
00000000
00000000
00000000
00000000
>
01000000
10000000
00000000
00000000
00000000
00000000
00000000
00000000
POS 7 3,7

SPR 2l
00000000
00000000
00000000
00000000
00000000
00000000
00000000
10000000
POS 7 3,6

SPR 2m
00100110
00101100
00101100
00111111
00111110
00111110
00100110
00100111
>
00100110
00101110
00101100
00111111
00111110
00111110
00100110
00100111
POS 9 1,12

SPR 2n
00000000
00000000
00000000
00000000
00000000
00000000
00000000
00000110
>
00000000
00000000
00000000
00000000
00000000
00000000
00000000
00000000
POS 9 1,11

SPR 2o
01111110
01100110
11110011
11000011
10000001
11000011
01101110
00111100
>
01111110
01100110
11110011
11000011
10000001
11000111
01100110
00111110
POS 9 2,12

SPR 2p
11000100
11100100
01100100
11110100
01110100
01111100
01100100
11100100
>
11000100
01100100
01100100
11110100
01110100
01111100
01100100
11100100
POS 9 3,12

SPR 2q
00000000
00000000
00000000
00000000
00000000
00000000
00000000
00000000
>
00000000
00000000
00000000
00000000
00000000
00000000
00000000
11000000
POS 9 3,11

SPR 2r
00000000
00000000
00000000
00000000
00011000
00011000
00111100
01111110
>
00000000
00000000
00000000
00000000
00110000
00110000
00111100
01111110
POS 9 2,11

SPR 2s
00000110
00011110
00010110
00010110
00110010
00111110
00110010
01110010
>
00000110
00011110
00010110
00011010
00110010
00111110
00110010
01110010
POS 9 2,13

SPR 2t
00000001
00000001
00000001
00000001
00000001
00000001
00000001
00000001
POS a 5,12

SPR 2u
00000001
00000001
00000001
00000001
00000001
00000001
00000001
00000001
POS a 5,6

SPR 2v
00000000
00000000
00000000
00000000
00000000
00000000
00000000
00000001
POS a 5,11

SPR 2w
00000000
00000000
00000000
00000000
00000000
00000000
00000000
00000001
POS a 5,5

SPR 2x
10000000
10000000
10000000
10000000
10000000
10000000
10000000
10000000
POS a 10,9

SPR 2y
10000000
10000000
10000000
10000000
10000000
10000000
10000000
10000000
POS a 10,3

SPR 2z
00000000
00000000
00000000
00000000
00000000
00000000
00000000
10000000
POS a 10,2

SPR 3a
00000001
00000001
00000001
00000001
00000001
00000001
00000001
00000001
POS d 5,6

SPR 3b
00000000
00000000
00000000
00000000
00000000
00000000
00000000
00000001
POS d 5,11

SPR 3c
00000000
00000000
00000000
00000000
00000000
00000000
00000000
00000001
POS d 5,5

SPR 3d
10000000
10000000
10000000
10000000
10000000
10000000
10000000
10000000
DLG SPR_9
POS d 10,9

SPR 3e
10000000
10000000
10000000
10000000
10000000
10000000
10000000
10000000
POS d 10,3

SPR 3f
00000000
00000000
00000000
00000000
00000000
00000000
00000000
10000000
POS d 10,2

SPR 3g
00000000
00000000
00000000
00000000
00000000
00000000
00000000
10000000
POS d 10,8

SPR 3h
00000001
00000001
00000001
00000001
00000001
00000001
00000001
00000001
POS e 5,12

SPR 3i
00000001
00000001
00000001
00000001
00000001
00000001
00000001
00000001
DLG SPR_b
POS e 5,6

SPR 3j
00000000
00000000
00000000
00000000
00000000
00000000
00000000
00000001
POS e 5,11

SPR 3k
00000000
00000000
00000000
00000000
00000000
00000000
00000000
00000001
POS e 5,5

SPR 3l
10000000
10000000
10000000
10000000
10000000
10000000
10000000
10000000
POS e 10,9

SPR 3m
10000000
10000000
10000000
10000000
10000000
10000000
10000000
10000000
POS e 10,3

SPR 3n
00000000
00000000
00000000
00000000
00000000
00000000
00000000
10000000
POS e 10,2

SPR 3o
00000000
00000000
00000000
00000000
00000000
00000000
00000000
10000000
POS e 10,8

SPR 3p
00000001
00000001
00000001
00000001
00000001
00000001
00000001
00000001
POS f 5,12

SPR 3q
00000001
00000001
00000001
00000001
00000001
00000001
00000001
00000001
POS f 5,6

SPR 3r
00000000
00000000
00000000
00000000
00000000
00000000
00000000
00000001
POS f 5,5

SPR 3s
00000000
00000000
00000000
00000000
00000000
00000000
00000000
00000001
POS f 5,11

SPR 3t
10000000
10000000
10000000
10000000
10000000
10000000
10000000
10000000
POS f 10,9

SPR 3u
10000000
10000000
10000000
10000000
10000000
10000000
10000000
10000000
DLG SPR_a
POS f 10,3

SPR 3v
00000000
00000000
00000000
00000000
00000000
00000000
00000000
10000000
POS f 10,2

SPR 3w
00000000
00000000
00000000
00000000
00000000
00000000
00000000
10000000
POS f 10,8

SPR 3x
10001110
00111110
00111110
00110010
01110010
00000000
00000000
00000000
POS c 2,13

SPR 3y
00000000
00000000
00000000
00000000
00110000
00110010
10011010
11111110
>
00000000
00000000
00000000
00000000
00110000
00110010
01011010
11111110
POS c 2,12

SPR 3z
00000000
00000000
00000000
01111110
10011001
10011001
10111101
11111111
POS d 13,8

SPR 4a
10000111
10000111
10000110
10000110
10000110
10000110
10000110
11111110
POS h 3,7

SPR 4b
11111110
10000110
10000110
10000110
10000110
10000110
11001111
11001111
POS h 3,8

SPR 4c
00000001
00000001
00000001
00000001
00000001
00000001
00000011
00000011
POS h 2,8

SPR 4d
00000110
00000110
00000110
00000110
00000111
00000111
00000110
00000110
POS h 4,8

SPR 4e
00000111
00000111
00000001
00000001
00000001
00000001
00000001
00000001
POS h 2,7

SPR 4f
00000111
00000111
00000110
00000110
00000110
00000110
00000110
00000110
POS h 4,7

SPR 4g
11111100
11111100
00001100
10101100
10101100
00001100
10101100
10101100
POS h 5,7

SPR 4h
00001100
10001100
10001100
00001100
11111100
11111100
00001100
00001100
POS h 5,8

SPR 4i
00111111
00111111
00001101
00001101
00001100
00001100
00001100
00001100
POS h 6,7

SPR 4j
00001100
00001100
00001100
00001100
00001100
00001100
00011110
00011110
POS h 6,8

SPR 4k
00001111
00001111
10011011
10011011
11110011
11110011
01100011
01100011
POS h 7,7

SPR 4l
00000011
00000011
00000011
00000011
00000011
00000011
00000111
00000111
POS h 7,8

SPR 4m
11011111
11011111
00001100
00001100
00001100
00001100
00001100
00001111
POS h 8,7

SPR 4n
00001111
00001100
00001100
00001100
00001100
00001100
10011111
10011111
POS h 8,8

SPR 4o
11110000
00110000
00110000
00110000
00110000
00110000
11110000
11110000
POS h 9,8

SPR 4p
11100000
11100000
01100000
01100000
01100000
01100000
01100000
11100000
POS h 9,7

SPR 4q
11100000
10000000
10000000
10000000
10000000
10000000
11000000
11000000
POS h 11,8

SPR 4r
11100000
11100000
01100000
01100000
01100000
01100000
01100000
11100000
POS h 11,7

SPR 4s
00111111
00110001
00110001
00110001
00110001
00110001
01111011
01111011
POS h 10,8

SPR 4t
00111111
00111111
00110000
00110000
00110000
00110000
00110000
00111111
POS h 10,7

SPR 4u
11111111
11111111
11000011
11000011
11000000
11000000
11000000
11110000
POS h 12,7

SPR 4v
11110000
11000000
11000000
11000000
11000011
11000011
11111111
11111111
POS h 12,8

SPR 4w
00001111
00000000
00000000
00000000
00001100
00001100
00001111
00001111
POS h 13,8

SPR 4x
11110000
00110000
00110000
00110000
00110000
00110000
11110000
11110000
POS h 14,8

SPR 4y
00001111
00001111
00001100
00001100
00001100
00001100
00001100
00001111
POS h 13,7

SPR 4z
11110000
11110000
00110000
00110000
00000000
00000000
00000000
11110000
POS h 14,7

ITM 0
00000000
00000000
00000000
00000000
00000000
00000000
00000000
00000000
NAME tea
DLG ITM_0

DLG ITM_0
You found a nice warm cup of tea

DLG SPR_1
"""
{sequence
  - C'est ma chambre.
    
    J'espere que je n'y ai rien oublie.
  - Il faut que j'aille rendre les clefs au guichet.
  - Aucun bruit ne vient de la chambre.
}
"""

DLG SPR_0
"""
{sequence
  - On entend le cliquetement d'une machine a ecrire.
    Le bruit ne s'est pas arrete une seule fois depuis que je suis arrive ici...
  - Je me demande ce qu'il peut bien ecrire.
  - A bien y reflechir, je crois ne l'avoir jamais croise dans les couloirs de l'hotel...
}
"""

DLG SPR_3
"""
{sequence
  - Ha, le voisin est encore entrain de s'entrainer on dirait !
  - Son pas est tellement souple que je ne l'entends jamais marcher, meme quand il est juste derriere moi !
  - Je plains un peu le voisin du dessous tout de meme...
}
"""

DLG SPR_5
"""
{sequence
  - Mais qu'est ce que c'est que ce boucan ?
  - Tiens... ?
    Mais... Roh, encore ?
  - Ils en font du bruit...
}
"""

DLG SPR_6
"""
{sequence
  - Mais... C'est pleins d'un liquide sombre...!
  - C'est... Poisseux. 
    Poisseux et collant... 
  - J'en ai sous les chaussures...
}
"""

DLG SPR_2
"""
{sequence
  - On n'entend aucun bruit a travers la porte.
    Pourtant, j'aurais jure avoir entendu le voisin rentrer...
  - Je crois que j'entends un bruit de respiration...
  - Ou peut-etre que c'est le vent...?
}
"""

DLG SPR_4
"""
{sequence
  - On dirait qu'elle a enfin fini de faire ses travaux.
  - Je me demande ce qu'elle pouvait faire avec toutes ces briques ?
  - J'aurais du lui demander la derniere fois que je l'ai vue.
}
"""

DLG SPR_7
"""
{sequence
  - C'est la chambre de deux soeurs il me semble.
  - J'entends des voix a travers la porte.
    Je crois qu'elles sont avec des amis.
  - De quoi peuvent ils bien parler ?
    En tout cas, le debat a l'air bien anime !
}
"""

DLG SPR_8
"""
{sequence
  - Vu l'heure, la voisine devrait etre entrain de travailler.
    ...
    Bingo!
  - Elle est professeure a ce qu'elle m'a dit.
    Si j'ai bien compris, elle passe ses soirees a corriger ses copies.
  - J'ai l'impression qu'elle n'est pas tres heureuse de son travail.
    
    Que pouvait-elle vouloir faire dans sa jeunesse ?
}
"""

DLG SPR_9
"""
{sequence
  - Je ne me souviens pas tres bien de qui loue cette chambre.
  - Je crois que c'est une personne tres discrete.
  - On ne l'entend jamais.
}
"""

DLG SPR_a
"""
{sequence
  - Depuis que je dors ici il me semble que personne n'a loue cette chambre.
  - A en croire ce que j'entends, c'est toujours le cas.
  - En meme temps, vu l'air de l'hotel ca ne m'etonne pas tellement...
}
"""

DLG SPR_b
"""
{sequence
  - Il y a une odeur de terre humide qui sort de la chambre.
  - Le voisin est sculpteur.
  - De ce que j'ai vu de lui, c'est un peu... Etrange.
}
"""

END 0


END undefined
- Bonsoir, vous venez rendre la clef? Vous etes quelle chambre? Laquelle ?                  VOUS, vous etes laquelle ?

VAR a
42


