
bye grandma!{br}{br}Nessica? Where are you going this late?{br}just down by the ravine, ok?{br}we're whale watching.{br}Well, say hello to Vivre for me.

# BITSY VERSION 4.8

! ROOM_FORMAT 1

PAL 0
NAME standard
233,184,255
105,20,208
230,198,159
166,55,37
230,198,159
199,132,68
166,55,37

PAL 1
NAME test
199,132,68
255,255,255
255,255,255

PAL 2
NAME house
233,184,255
138,46,31
51,30,80
166,55,37
230,198,159
199,132,68
138,46,31

ROOM 0
0,0,0,0,0,0,0,0,0,0,0,0,0,0,0,0
0,0,0,0,0,0,0,0,0,0,0,0,0,0,0,0
0,0,0,0,0,0,0,0,0,0,0,0,0,0,0,0
0,0,0,0,0,0,0,0,0,0,0,0,0,0,0,0
0,0,0,0,0,0,0,0,0,0,0,0,0,0,0,0
0,0,0,0,0,0,0,0,0,0,0,0,0,0,0,0
0,0,0,0,0,0,0,0,0,0,0,0,0,0,0,0
0,0,0,0,0,0,0,0,0,0,0,0,0,0,0,0
0,0,0,0,0,0,0,0,0,0,0,0,0,0,0,0
0,0,0,0,0,0,0,0,0,0,0,0,0,0,0,0
0,0,0,0,0,0,0,0,0,0,0,x,0,0,0,0
0,0,0,0,0,0,0,0,0,0,0,0,0,0,0,0
0,0,0,0,0,0,0,0,0,d,c,b,b,b,b,b
0,0,0,0,0,0,0,0,f,e,b,b,b,b,b,b
0,0,0,0,0,0,0,0,g,b,b,b,b,b,b,b
0,0,0,0,0,0,0,0,h,b,b,b,b,b,b,b
NAME chasm
ITM 0 12,12
ITM 0 14,12
ITM 1 11,12
ITM 1 13,12
ITM 1 15,12
ITM 2 10,12
ITM 4 9,13
ITM 5 8,13
ITM 6 8,14
ITM 7 8,15
ITM 3 9,12
ITM 9 10,11
PAL 0

ROOM 1
0,0,0,0,0,0,0,0,0,0,0,0,0,0,0,0
0,0,0,0,0,0,0,0,0,0,0,0,0,0,0,0
0,0,0,0,0,0,0,0,0,0,0,0,0,0,0,0
0,0,0,0,0,0,0,0,0,0,0,0,0,0,0,0
0,0,0,0,0,0,0,0,0,0,0,0,0,0,0,0
0,0,0,0,0,0,0,0,0,0,0,0,0,0,0,0
0,0,0,0,0,0,0,0,0,0,0,0,0,0,0,0
0,0,0,0,0,0,0,0,0,0,0,0,0,0,0,0
0,0,0,0,0,0,0,0,0,0,0,0,0,0,0,0
0,0,0,0,0,0,0,0,0,0,0,0,0,0,0,0
0,0,0,0,0,0,0,0,0,0,0,x,0,0,0,0
0,0,0,0,0,0,0,0,0,0,0,0,0,0,0,0
0,0,0,0,0,0,0,0,d,c,b,b,b,b,b,b
0,0,0,0,0,0,0,f,e,b,b,b,b,b,b,b
0,0,0,0,0,0,0,g,b,b,b,b,b,b,b,b
0,0,0,0,0,0,0,h,b,b,b,b,b,b,b,b
NAME w
ITM 7 7,15
ITM 6 7,14
ITM 5 7,13
ITM 4 8,13
ITM 3 8,12
ITM 2 9,12
ITM 1 10,12
ITM 1 12,12
ITM 1 14,12
ITM 0 11,12
ITM 0 13,12
ITM 0 15,12
ITM 9 9,11
EXT 12,11 2 11,11
EXT 10,11 0 11,11
PAL 0

ROOM 2
0,0,0,0,0,0,0,0,0,0,0,0,0,0,0,0
0,0,0,0,0,0,0,0,0,0,0,0,0,0,0,0
0,0,0,0,0,0,0,0,0,0,0,0,0,0,0,0
0,0,0,0,0,0,0,0,0,0,0,0,0,0,0,0
0,0,0,0,0,0,0,0,0,0,0,0,0,0,0,0
0,0,0,0,0,0,0,0,0,0,0,0,0,0,0,0
0,0,0,0,0,0,0,0,0,0,0,0,0,0,0,0
0,0,0,0,0,0,0,0,0,0,0,0,0,0,0,0
0,0,0,0,0,0,0,0,0,0,0,0,0,0,0,0
0,0,0,0,0,0,0,0,0,0,0,0,0,0,0,0
0,0,0,0,0,0,0,0,0,0,0,x,0,0,0,0
0,0,0,0,0,0,0,0,0,0,0,0,0,0,0,0
0,0,0,0,0,0,0,d,c,b,b,b,b,b,b,b
0,0,0,0,0,0,f,e,b,b,b,b,b,b,b,b
0,0,0,0,0,0,g,b,b,b,b,b,b,b,b,b
0,0,0,0,0,0,h,b,b,b,b,b,b,b,b,b
NAME w2
ITM 7 6,15
ITM 6 6,14
ITM 5 6,13
ITM 4 7,13
ITM 3 7,12
ITM 2 8,12
ITM 1 9,12
ITM 1 11,12
ITM 1 13,12
ITM 1 15,12
ITM 0 10,12
ITM 0 12,12
ITM 0 14,12
ITM 9 8,11
EXT 12,11 3 11,11
EXT 10,11 1 11,11
PAL 0

ROOM 3
0,0,0,0,0,0,0,0,0,0,0,0,0,0,0,0
0,0,0,0,0,0,0,0,0,0,0,0,0,0,0,0
0,0,0,0,0,0,0,0,0,0,0,0,0,0,0,0
0,0,0,0,0,0,0,0,0,0,0,0,0,0,0,0
0,0,0,0,0,0,0,0,0,0,0,0,0,0,0,0
0,0,0,0,0,0,0,0,0,0,0,0,0,0,0,0
0,0,0,0,0,0,0,0,0,0,0,0,0,0,0,0
0,0,0,0,0,0,0,0,0,0,0,0,0,0,0,0
0,0,0,0,0,0,0,0,0,0,0,0,0,0,0,0
0,0,0,0,0,0,0,0,0,0,0,0,0,0,0,0
0,0,0,0,0,0,0,0,0,0,0,x,0,0,0,0
0,0,0,0,0,0,0,0,0,0,0,0,0,0,0,0
0,0,0,0,0,0,d,c,b,b,b,b,b,b,b,b
0,0,0,0,0,f,e,b,b,b,b,b,b,b,b,b
0,0,0,0,0,g,b,b,b,b,b,b,b,b,b,b
0,0,0,0,0,h,b,b,b,b,b,b,b,b,b,b
NAME w3
ITM 7 5,15
ITM 6 5,14
ITM 5 5,13
ITM 4 6,13
ITM 3 6,12
ITM 2 7,12
ITM 1 8,12
ITM 1 10,12
ITM 1 12,12
ITM 1 14,12
ITM 0 9,12
ITM 0 11,12
ITM 0 13,12
ITM 0 15,12
ITM 9 7,11
EXT 12,11 4 11,11
EXT 10,11 2 11,11
PAL 0

ROOM 4
0,0,0,0,0,0,0,0,0,0,0,0,0,0,0,0
0,0,0,0,0,0,0,0,0,0,0,0,0,0,0,0
0,0,0,0,0,0,0,0,0,0,0,0,0,0,0,0
0,0,0,0,0,0,0,0,0,0,0,0,0,0,0,0
0,0,0,0,0,0,0,0,0,0,0,0,0,0,0,0
0,0,0,0,0,0,0,0,0,0,0,0,0,0,0,0
0,0,0,0,0,0,0,0,0,0,0,0,0,0,0,0
0,0,0,0,0,0,0,0,0,0,0,0,0,0,0,0
0,0,0,0,0,0,0,0,0,0,0,0,0,0,0,0
0,0,0,0,0,0,0,0,0,0,0,0,0,0,0,0
0,0,0,0,0,0,0,0,0,0,0,x,0,0,0,0
0,0,0,0,0,0,0,0,0,0,0,0,0,0,0,0
0,0,0,0,0,d,c,b,b,b,b,b,b,b,b,b
0,0,0,0,f,e,b,b,b,b,b,b,b,b,b,b
0,0,0,0,g,b,b,b,b,b,b,b,b,b,b,b
0,0,0,0,h,b,b,b,b,b,b,b,b,b,b,b
NAME w4
ITM 7 4,15
ITM 6 4,14
ITM 5 4,13
ITM 4 5,13
ITM 3 5,12
ITM 2 6,12
ITM 1 7,12
ITM 1 9,12
ITM 1 11,12
ITM 1 13,12
ITM 1 15,12
ITM 0 8,12
ITM 0 10,12
ITM 0 12,12
ITM 0 14,12
ITM 9 6,11
EXT 12,11 5 11,11
EXT 10,11 3 11,11
PAL 0

ROOM 5
0,0,0,0,0,0,0,0,0,0,0,0,0,0,0,0
0,0,0,0,0,0,0,0,0,0,0,0,0,0,0,0
0,0,0,0,0,0,0,0,0,0,0,0,0,0,0,0
0,0,0,0,0,0,0,0,0,0,0,0,0,0,0,0
0,0,0,0,0,0,0,0,0,0,0,0,0,0,0,0
0,0,0,0,0,0,0,0,0,0,0,0,0,0,0,0
0,0,0,0,0,0,0,0,0,0,0,0,0,0,0,0
0,0,0,0,0,0,0,0,0,0,0,0,0,0,0,0
0,0,0,0,0,0,0,0,0,0,0,0,0,0,0,0
0,0,0,0,0,0,0,0,0,0,0,0,0,0,0,0
0,0,0,0,0,0,0,0,0,0,0,x,0,0,0,0
0,0,0,0,0,0,0,0,0,0,0,0,0,0,0,0
0,0,0,0,d,c,b,b,b,b,b,b,b,b,b,b
0,0,0,f,e,b,b,b,b,b,b,b,b,b,b,b
0,0,0,g,b,b,b,b,b,b,b,b,b,b,b,b
0,0,0,h,b,b,b,b,b,b,b,b,b,b,b,b
NAME w5
ITM 7 3,15
ITM 6 3,14
ITM 5 3,13
ITM 4 4,13
ITM 3 4,12
ITM 2 5,12
ITM 1 6,12
ITM 1 8,12
ITM 1 10,12
ITM 1 12,12
ITM 1 14,12
ITM 0 7,12
ITM 0 9,12
ITM 0 11,12
ITM 0 13,12
ITM 0 15,12
ITM 9 5,11
EXT 12,11 6 11,11
EXT 10,11 4 11,11
PAL 0

ROOM 6
0,0,0,0,0,0,0,0,0,0,0,0,0,0,0,0
0,0,0,0,0,0,0,0,0,0,0,0,0,0,0,0
0,0,0,0,0,0,0,0,0,0,0,0,0,0,0,0
0,0,0,0,0,0,0,0,0,0,0,0,0,0,0,0
0,0,0,0,0,0,0,0,0,0,0,0,0,0,0,0
0,0,0,0,0,0,0,0,0,0,0,0,0,0,0,0
0,0,0,0,0,0,0,0,0,0,0,0,0,0,0,0
0,0,0,0,0,0,0,0,0,0,0,0,0,0,0,0
0,0,0,0,0,0,0,0,0,0,0,0,0,0,0,0
0,0,0,0,0,0,0,0,0,0,0,0,0,0,0,0
0,0,0,0,0,0,0,0,0,0,0,x,0,0,0,0
0,0,0,0,0,0,0,0,0,0,0,0,0,0,0,0
0,0,0,d,c,b,b,b,b,b,b,b,b,b,b,b
0,0,f,e,b,b,b,b,b,b,b,b,b,b,b,b
0,0,g,b,b,b,b,b,b,b,b,b,b,b,b,b
0,0,h,b,b,b,b,b,b,b,b,b,b,b,b,b
NAME w6
ITM 7 2,15
ITM 6 2,14
ITM 5 2,13
ITM 4 3,13
ITM 3 3,12
ITM 2 4,12
ITM 1 5,12
ITM 1 7,12
ITM 1 9,12
ITM 1 11,12
ITM 1 13,12
ITM 1 15,12
ITM 0 6,12
ITM 0 8,12
ITM 0 10,12
ITM 0 12,12
ITM 0 14,12
ITM 9 4,11
EXT 12,11 7 11,11
EXT 10,11 5 11,11
PAL 0

ROOM 7
0,0,0,0,0,0,0,0,0,0,0,0,0,0,0,0
0,0,0,0,0,0,0,0,0,0,0,0,0,0,0,0
0,0,0,0,0,0,0,0,0,0,0,0,0,0,0,0
0,0,0,0,0,0,0,0,0,0,0,0,0,0,0,0
0,0,0,0,0,0,0,0,0,0,0,0,0,0,0,0
0,0,0,0,0,0,0,0,0,0,0,0,0,0,0,0
0,0,0,0,0,0,0,0,0,0,0,0,0,0,0,0
0,0,0,0,0,0,0,0,0,0,0,0,0,0,0,0
0,0,0,0,0,0,0,0,0,0,0,0,0,0,0,0
0,0,0,0,0,0,0,0,0,0,0,0,0,0,0,0
0,0,0,0,0,0,0,0,0,0,0,x,0,0,0,0
0,0,0,0,0,0,0,0,0,0,0,0,0,0,0,0
0,0,d,c,b,b,b,b,b,b,b,b,b,b,b,b
0,f,e,b,b,b,b,b,b,b,b,b,b,b,b,b
0,g,b,b,b,b,b,b,b,b,b,b,b,b,b,b
0,h,b,b,b,b,b,b,b,b,b,b,b,b,b,b
NAME w7
ITM 7 1,15
ITM 6 1,14
ITM 5 1,13
ITM 4 2,13
ITM 3 2,12
ITM 2 3,12
ITM 1 4,12
ITM 1 6,12
ITM 1 8,12
ITM 1 10,12
ITM 1 12,12
ITM 1 14,12
ITM 0 5,12
ITM 0 7,12
ITM 0 9,12
ITM 0 11,12
ITM 0 13,12
ITM 0 15,12
ITM 9 3,11
EXT 12,11 8 11,11
EXT 10,11 6 11,11
PAL 0

ROOM 8
0,0,0,0,0,0,0,0,0,0,0,0,0,0,0,0
0,0,0,0,0,0,0,0,0,0,0,0,0,0,0,0
0,0,0,0,0,0,0,0,0,0,0,0,0,0,0,0
0,0,0,0,0,0,0,0,0,0,0,0,0,0,0,0
0,0,0,0,0,0,0,0,0,0,0,0,0,0,0,0
0,0,0,0,0,0,0,0,0,0,0,0,0,0,0,0
0,0,0,0,0,0,0,0,0,0,0,0,0,0,0,0
0,0,0,0,0,0,0,0,0,0,0,0,0,0,0,0
0,0,0,0,0,0,0,0,0,0,0,0,0,0,0,0
0,0,0,0,0,0,0,0,0,0,0,0,0,0,0,0
0,0,0,0,0,0,0,0,0,0,0,x,0,0,0,0
0,0,0,0,0,0,0,0,0,0,0,0,0,0,0,0
0,d,c,b,b,b,b,b,b,b,b,b,b,b,b,b
f,e,b,b,b,b,b,b,b,b,b,b,b,b,b,b
g,b,b,b,b,b,b,b,b,b,b,b,b,b,b,b
h,b,b,b,b,b,b,b,b,b,b,b,b,b,b,b
NAME w8
ITM 7 0,15
ITM 6 0,14
ITM 5 0,13
ITM 4 1,13
ITM 3 1,12
ITM 2 2,12
ITM 1 3,12
ITM 1 5,12
ITM 1 7,12
ITM 1 9,12
ITM 1 11,12
ITM 1 13,12
ITM 1 15,12
ITM 0 4,12
ITM 0 6,12
ITM 0 8,12
ITM 0 10,12
ITM 0 12,12
ITM 0 14,12
ITM 9 2,11
EXT 12,11 9 11,11
EXT 10,11 7 11,11
PAL 0

ROOM 9
0,0,0,0,0,0,0,0,0,0,0,0,0,0,0,0
0,0,0,0,0,0,0,0,0,0,0,0,0,0,0,0
0,0,0,0,0,0,0,0,0,0,0,0,0,0,0,0
0,0,0,0,0,0,0,0,0,0,0,0,0,0,0,0
0,0,0,0,0,0,0,0,0,0,0,0,0,0,0,0
0,0,0,0,0,0,0,0,0,0,0,0,0,0,0,0
0,0,0,0,0,0,0,0,0,0,0,0,0,0,0,0
0,0,0,0,0,0,0,0,0,0,0,0,0,0,0,0
0,0,0,0,0,0,0,0,0,0,0,0,0,0,0,0
0,0,0,0,0,0,0,0,0,0,0,0,0,0,0,0
0,0,0,0,0,0,0,0,0,0,0,x,0,0,0,0
0,0,0,0,0,0,0,0,0,0,0,0,0,0,0,0
d,c,b,b,b,b,b,b,b,b,b,b,b,b,b,b
e,b,b,b,b,b,b,b,b,b,b,b,b,b,b,b
b,b,b,b,b,b,b,b,b,b,b,b,b,b,b,b
b,b,b,b,b,b,b,b,b,b,b,b,b,b,b,b
NAME w9
ITM 4 0,13
ITM 3 0,12
ITM 2 1,12
ITM 1 2,12
ITM 1 4,12
ITM 1 6,12
ITM 1 8,12
ITM 1 10,12
ITM 1 12,12
ITM 1 14,12
ITM 0 3,12
ITM 0 5,12
ITM 0 7,12
ITM 0 9,12
ITM 0 11,12
ITM 0 13,12
ITM 0 15,12
ITM 9 1,11
EXT 12,11 a 11,11
EXT 10,11 8 11,11
PAL 0

ROOM 10
0,0,0,0,0,0,0,0,0,0,0,0,0,0,0,0
0,0,0,0,0,0,0,0,0,0,0,0,0,0,0,0
0,0,0,0,0,0,0,0,0,0,0,0,0,0,0,0
0,0,0,0,0,0,0,0,0,0,0,0,0,0,0,0
0,0,0,0,0,0,0,0,0,0,0,0,0,0,0,0
0,0,0,0,0,0,0,0,0,0,0,0,0,0,0,0
0,0,0,0,0,0,1j,0,0,0,0,0,0,0,0,0
0,0,0,0,0,0,0,1i,0,0,0,0,0,0,0,0
0,0,0,0,0,0,0,0,0,0,0,0,0,0,0,0
0,0,0,0,0,0,0,0,0,0,0,0,0,0,0,0
0,0,0,0,0,0,0,0,0,0,0,0,0,0,0,0
0,0,0,0,0,0,0,0,0,0,0,0,0,0,0,0
0,0,0,0,0,0,0,0,0,d,c,b,b,b,b,b
0,0,0,0,0,0,0,0,f,e,b,b,b,b,b,b
0,0,0,0,0,0,0,0,g,b,b,b,b,b,b,b
0,0,0,0,0,0,0,0,h,b,b,b,b,b,b,b
NAME e5
ITM 0 12,12
ITM 0 14,12
ITM 1 11,12
ITM 1 13,12
ITM 1 15,12
ITM 2 10,12
ITM 4 9,13
ITM 5 8,13
ITM 6 8,14
ITM 7 8,15
ITM 3 9,12
ITM 9 10,11
ITM a 12,11
ITM d 11,10
END 1 15,11
PAL 0

ROOM 11
0,0,0,0,0,0,0,0,0,0,0,0,0,0,0,0
0,0,0,0,0,0,0,0,0,0,0,0,0,0,0,0
0,0,0,0,0,0,0,0,0,0,0,0,0,0,0,0
0,0,0,0,0,0,0,0,0,0,0,0,0,0,0,0
0,0,0,0,0,0,0,0,0,0,0,0,0,0,0,0
0,0,0,0,0,0,0,1g,0,0,0,0,0,0,0,0
0,0,0,0,0,0,0,0,1h,0,0,0,0,0,0,0
0,0,0,0,0,0,0,0,0,0,0,0,0,0,0,0
0,0,0,0,0,0,0,0,0,0,0,0,0,0,0,0
0,0,0,0,0,0,0,0,0,0,0,0,0,0,0,0
0,0,0,0,0,0,0,0,0,0,0,0,0,0,0,0
0,0,0,0,0,0,0,0,0,0,0,0,0,0,0,0
0,0,0,0,0,0,0,0,0,d,c,b,b,b,b,b
0,0,0,0,0,0,0,0,f,e,b,b,b,b,b,b
0,0,0,0,0,0,0,0,g,b,b,b,b,b,b,b
0,0,0,0,0,0,0,0,h,b,b,b,b,b,b,b
NAME s1
ITM 0 12,12
ITM 0 14,12
ITM 1 11,12
ITM 1 13,12
ITM 1 15,12
ITM 2 10,12
ITM 4 9,13
ITM 5 8,13
ITM 6 8,14
ITM 7 8,15
ITM 3 9,12
ITM a 12,11
ITM 9 10,11
ITM d 11,10
END 1 15,11
PAL 0

ROOM 12
0,0,0,0,0,0,0,0,0,0,0,0,0,0,0,0
0,0,0,0,0,0,0,0,0,0,0,0,0,0,0,0
0,0,0,0,0,0,0,0,0,0,0,0,0,0,0,0
0,0,0,0,0,0,0,0,0,0,0,0,0,0,0,0
0,0,0,0,0,0,0,0,1h,0,0,0,0,0,0,0
0,0,0,0,0,0,0,0,0,0,0,0,0,0,0,0
0,0,0,0,0,0,0,0,0,0,1g,0,0,0,0,0
0,0,0,0,0,0,0,0,0,0,0,0,0,0,0,0
0,0,0,0,0,0,0,0,0,0,0,0,0,0,0,0
0,0,0,0,0,0,0,0,0,0,0,0,0,0,0,0
0,0,0,0,0,0,0,0,0,0,0,0,0,0,0,0
0,0,0,0,0,0,0,0,0,0,0,0,0,0,0,0
0,0,0,0,0,0,0,0,0,d,c,b,b,b,b,b
0,0,0,0,0,0,0,0,f,e,b,b,b,b,b,b
0,0,0,0,0,0,0,0,g,b,b,b,b,b,b,b
0,0,0,0,0,0,0,0,h,b,b,b,b,b,b,b
NAME s2
ITM 0 12,12
ITM 0 14,12
ITM 1 11,12
ITM 1 13,12
ITM 1 15,12
ITM 2 10,12
ITM 4 9,13
ITM 5 8,13
ITM 6 8,14
ITM 7 8,15
ITM 3 9,12
ITM a 12,11
ITM 9 10,11
ITM d 11,10
END 1 15,11
PAL 0

ROOM 13
0,0,0,0,0,0,0,0,0,0,0,0,0,0,0,0
0,0,0,0,0,0,0,0,0,0,0,0,0,0,0,0
0,0,0,0,0,0,0,0,0,0,0,0,0,0,0,0
0,0,0,0,0,0,0,0,0,1g,0,0,0,0,0,0
0,0,0,0,0,0,0,0,0,0,0,0,0,0,0,0
0,0,0,0,0,0,0,0,0,0,0,0,0,0,0,0
0,0,0,0,0,0,0,0,0,0,0,0,1i,0,0,0
0,0,0,0,0,0,0,0,0,0,0,0,0,0,0,0
0,0,0,0,0,0,0,0,0,0,0,0,0,0,0,0
0,0,0,0,0,0,0,0,0,0,0,0,0,0,0,0
0,0,0,0,0,0,0,0,0,0,0,0,0,0,0,0
0,0,0,0,0,0,0,0,0,0,0,0,0,0,0,0
0,0,0,0,0,0,0,0,0,d,c,b,b,b,b,b
0,0,0,0,0,0,0,0,f,e,b,b,b,b,b,b
0,0,0,0,0,0,0,0,g,b,b,b,b,b,b,b
0,0,0,0,0,0,0,0,h,b,b,b,b,b,b,b
NAME s3
ITM 0 12,12
ITM 0 14,12
ITM 1 11,12
ITM 1 13,12
ITM 1 15,12
ITM 2 10,12
ITM 4 9,13
ITM 5 8,13
ITM 6 8,14
ITM 7 8,15
ITM 3 9,12
ITM a 12,11
ITM 9 10,11
ITM d 11,10
END 1 15,11
PAL 0

ROOM 14
0,0,0,0,0,0,0,0,0,0,0,0,0,0,0,0
0,0,0,0,0,0,0,0,0,0,0,0,0,0,0,0
0,0,0,0,0,0,0,0,0,0,0,1i,0,0,0,0
0,0,0,0,0,0,0,0,0,0,0,0,0,0,0,0
0,0,0,0,0,0,0,0,0,0,0,0,0,0,0,0
0,0,0,0,0,0,0,0,0,0,0,0,0,1h,0,0
0,0,0,0,0,0,0,0,0,0,0,0,0,0,0,0
0,0,0,0,0,0,0,0,0,0,0,0,0,0,0,0
0,0,0,0,0,0,0,0,0,0,0,0,0,0,0,0
0,0,0,0,0,0,0,0,0,0,0,0,0,0,0,0
0,0,0,0,0,0,0,0,0,0,0,0,0,0,0,0
0,0,0,0,0,0,0,0,0,0,0,0,0,0,0,0
0,0,0,0,0,0,0,0,0,d,c,b,b,b,b,b
0,0,0,0,0,0,0,0,f,e,b,b,b,b,b,b
0,0,0,0,0,0,0,0,g,b,b,b,b,b,b,b
0,0,0,0,0,0,0,0,h,b,b,b,b,b,b,b
NAME s4
ITM 0 12,12
ITM 0 14,12
ITM 1 11,12
ITM 1 13,12
ITM 1 15,12
ITM 2 10,12
ITM 4 9,13
ITM 5 8,13
ITM 6 8,14
ITM 7 8,15
ITM 3 9,12
ITM a 12,11
ITM 9 10,11
ITM d 11,10
END 1 15,11
PAL 0

ROOM 15
0,0,0,0,0,0,0,0,0,0,0,0,0,0,0,0
0,0,0,0,0,0,0,0,0,0,0,0,1j,0,0,0
0,0,0,0,0,0,0,0,0,0,0,0,0,0,0,0
0,0,0,0,0,0,0,0,0,0,0,0,0,0,0,0
0,0,0,0,0,0,0,0,0,0,0,0,0,0,0,0
0,0,0,0,0,0,0,0,0,0,0,0,0,0,0,1g
0,0,0,0,0,0,0,0,0,0,0,0,0,0,0,0
0,0,0,0,0,0,0,0,0,0,0,0,0,0,0,0
0,0,0,0,0,0,0,0,0,0,0,0,0,0,0,0
0,0,0,0,0,0,0,0,0,0,0,0,0,0,0,0
0,0,0,0,0,0,0,0,0,0,0,0,0,0,0,0
0,0,0,0,0,0,0,0,0,0,0,0,0,0,0,0
0,0,0,0,0,0,0,0,0,d,c,b,b,b,b,b
0,0,0,0,0,0,0,0,f,e,b,b,b,b,b,b
0,0,0,0,0,0,0,0,g,b,b,b,b,b,b,b
0,0,0,0,0,0,0,0,h,b,b,b,b,b,b,b
NAME s5
ITM 0 12,12
ITM 0 14,12
ITM 1 11,12
ITM 1 13,12
ITM 1 15,12
ITM 2 10,12
ITM 4 9,13
ITM 5 8,13
ITM 6 8,14
ITM 7 8,15
ITM 3 9,12
ITM a 12,11
ITM 9 10,11
ITM d 11,10
END 1 15,11
PAL 0

ROOM 16
0,0,0,0,0,0,0,0,0,0,0,0,0,0,0,0
0,0,0,0,0,0,0,0,0,0,0,0,0,0,0,0
0,0,0,0,0,0,0,0,0,0,0,0,0,0,0,0
0,0,0,0,0,0,0,0,0,0,0,0,0,0,0,0
0,0,0,0,0,0,0,0,0,0,0,0,0,0,0,0
0,0,0,0,0,0,0,0,0,0,0,0,0,0,0,0
0,0,0,0,0,0,0,0,0,0,0,0,0,0,0,0
0,0,0,0,0,0,0,0,0,0,0,0,0,0,0,0
0,0,0,0,0,0,0,0,0,0,0,0,0,0,0,0
0,0,0,0,0,0,0,0,0,0,0,0,0,0,0,0
0,0,0,0,0,0,0,0,0,0,0,0,0,0,0,0
0,0,0,0,0,0,0,0,0,0,0,0,0,0,0,0
0,0,0,0,0,0,0,0,0,d,c,b,b,b,b,b
0,0,0,0,0,0,0,0,f,e,b,b,b,b,b,b
0,0,0,0,0,0,0,0,g,b,b,b,b,b,b,b
0,0,0,0,0,0,0,0,h,b,b,b,b,b,b,b
NAME s6
ITM 0 12,12
ITM 0 14,12
ITM 1 11,12
ITM 1 13,12
ITM 1 15,12
ITM 2 10,12
ITM 4 9,13
ITM 5 8,13
ITM 6 8,14
ITM 7 8,15
ITM 3 9,12
ITM a 12,11
ITM 9 10,11
ITM d 11,10
END 1 15,11
PAL 0

ROOM 17
0,0,0,0,0,0,0,0,0,0,0,0,0,0,0,0
0,0,0,0,0,0,0,0,0,0,0,0,0,0,0,0
0,0,0,0,0,0,0,0,0,0,0,0,0,0,0,0
0,0,0,0,0,0,0,0,0,0,0,0,0,0,0,0
0,0,0,0,0,0,0,0,0,0,0,0,0,0,0,0
0,0,0,0,0,0,0,0,0,0,0,0,0,0,0,0
0,0,0,0,0,0,0,0,0,0,0,0,0,0,0,0
0,0,0,0,0,0,0,0,0,0,0,0,0,0,0,0
0,0,0,0,0,0,0,0,0,0,0,0,0,0,0,0
0,0,0,0,0,0,0,0,0,0,0,0,0,0,0,0
0,0,0,0,0,0,0,0,0,0,0,x,0,0,0,0
0,0,0,0,0,0,0,0,0,0,0,0,0,0,0,0
0,0,0,0,0,0,0,0,0,d,c,b,b,b,b,b
0,0,0,0,0,0,0,0,f,e,b,b,b,b,b,b
0,0,0,0,0,0,0,0,g,b,b,b,b,b,b,b
0,0,0,0,0,0,0,0,h,b,b,b,b,b,b,b
NAME chasm2
ITM 7 8,15
ITM 6 8,14
ITM 5 8,13
ITM 4 9,13
ITM 3 9,12
ITM 2 10,12
ITM 1 11,12
ITM 0 12,12
ITM 1 13,12
ITM 1 15,12
ITM 0 14,12
ITM 9 10,11
ITM a 12,11
ITM d 11,10
END 0 15,11
PAL 0

ROOM a
0,0,0,0,0,0,0,0,0,0,0,0,0,0,0,0
0,0,0,0,0,0,0,0,0,0,0,0,0,0,0,0
0,0,0,0,0,0,0,0,0,0,0,0,0,0,0,0
0,0,0,0,0,0,0,0,0,0,0,0,0,0,0,0
0,0,0,0,0,0,0,0,0,0,0,0,0,0,0,0
0,0,0,0,0,0,0,0,0,0,0,0,0,0,0,0
0,0,0,0,0,0,0,0,0,0,0,0,0,0,0,0
0,0,0,0,0,0,0,0,0,0,0,0,0,0,0,0
0,0,0,0,0,0,0,0,0,0,0,0,0,0,0,0
0,0,0,0,0,0,0,0,0,0,0,0,0,0,0,0
0,0,0,0,0,0,0,0,0,0,0,x,0,0,0,0
0,0,0,0,0,0,0,0,0,0,0,0,0,0,0,0
c,b,b,b,b,b,b,b,b,b,b,b,b,b,b,b
b,b,b,b,b,b,b,b,b,b,b,b,b,b,b,b
b,b,b,b,b,b,b,b,b,b,b,b,b,b,b,b
b,b,b,b,b,b,b,b,b,b,b,b,b,b,b,b
NAME wa
ITM 2 0,12
ITM 1 1,12
ITM 1 5,12
ITM 1 7,12
ITM 1 9,12
ITM 1 11,12
ITM 1 13,12
ITM 1 15,12
ITM 0 2,12
ITM 1 3,12
ITM 0 4,12
ITM 0 6,12
ITM 0 8,12
ITM 0 10,12
ITM 0 12,12
ITM 0 14,12
ITM 9 0,11
EXT 12,11 b 11,11
EXT 10,11 9 11,11
PAL 0

ROOM b
0,0,0,0,0,0,0,0,0,0,0,0,0,0,0,0
0,0,0,0,0,0,0,0,0,0,0,0,0,0,0,0
0,0,0,0,0,0,0,0,0,0,0,0,0,0,0,0
0,0,0,0,0,0,0,0,0,0,0,0,0,0,0,0
0,0,0,0,0,0,0,0,0,0,0,0,0,0,0,0
0,0,0,0,0,0,0,0,0,0,0,0,0,0,0,0
0,0,0,0,0,0,0,0,0,0,0,0,0,0,0,0
0,0,0,0,0,0,0,0,0,0,0,0,0,0,0,0
0,0,0,0,0,0,0,0,0,0,0,0,0,0,0,0
0,0,0,0,0,0,0,0,0,0,0,0,0,0,0,0
0,0,0,0,0,0,0,0,0,0,0,x,0,0,0,0
0,0,0,0,0,0,0,0,0,0,0,0,0,0,0,0
b,b,b,b,b,b,b,b,b,b,b,b,b,b,b,b
b,b,b,b,b,b,b,b,b,b,b,b,b,b,b,b
b,b,b,b,b,b,b,b,b,b,b,b,b,b,b,b
b,b,b,b,b,b,b,b,b,b,b,b,b,b,b,b
NAME wb
ITM 1 0,12
ITM 1 2,12
ITM 1 4,12
ITM 1 6,12
ITM 1 8,12
ITM 1 10,12
ITM 1 12,12
ITM 0 1,12
ITM 0 3,12
ITM 0 5,12
ITM 0 7,12
ITM 0 9,12
ITM 0 11,12
ITM 0 13,12
ITM 0 15,12
ITM 1 14,12
PAL 0

ROOM c
0,0,0,0,0,0,0,0,0,0,0,0,0,0,0,0
0,0,0,0,0,0,0,0,0,0,0,0,0,0,0,0
0,0,0,0,0,0,0,0,0,0,0,0,0,0,0,0
0,0,0,0,0,0,0,0,0,0,0,0,0,0,0,0
0,0,0,0,0,0,0,0,0,0,0,0,0,0,0,0
0,0,0,0,0,0,0,0,0,0,0,0,0,0,0,0
0,0,0,0,0,0,0,0,0,0,0,0,0,0,0,0
0,0,0,0,0,0,0,0,0,0,0,0,0,0,0,0
0,0,0,0,0,0,0,0,0,0,0,0,0,0,0,0
0,0,0,0,0,0,0,0,0,0,0,0,0,0,0,0
0,0,0,0,0,0,0,0,0,0,0,x,0,0,0,0
0,0,0,0,0,0,0,0,0,0,0,0,0,0,0,0
b,b,b,b,b,b,b,b,b,b,b,b,b,b,b,b
b,b,b,b,b,b,b,b,b,b,b,b,b,b,b,b
b,b,b,b,b,b,b,b,b,b,b,b,b,b,b,b
b,b,b,b,b,b,b,b,b,b,b,b,b,b,b,b
NAME wc
ITM 1 1,12
ITM 1 3,12
ITM 1 5,12
ITM 1 7,12
ITM 1 9,12
ITM 1 11,12
ITM 1 13,12
ITM 1 15,12
ITM 0 2,12
ITM 0 0,12
ITM 0 4,12
ITM 0 6,12
ITM 0 8,12
ITM 0 10,12
ITM 0 12,12
ITM 0 14,12
PAL 0

ROOM d
0,0,0,0,0,0,0,0,0,0,0,0,0,0,0,0
0,0,0,0,0,0,0,0,0,0,0,0,0,0,0,0
0,0,0,0,0,0,0,0,0,0,0,0,0,0,0,0
0,0,0,0,0,0,0,0,0,0,0,0,0,0,0,0
0,0,0,0,0,0,0,0,0,0,0,0,0,0,0,0
0,0,0,0,0,0,0,0,0,0,0,0,0,0,0,0
0,0,0,0,0,0,0,0,0,0,0,0,0,0,0,0
0,0,0,0,0,0,0,0,0,0,0,0,0,u,t,v
0,0,0,0,0,0,0,0,0,0,0,0,r,s,w,w
0,0,0,0,0,0,0,0,0,0,0,0,q,w,w,w
0,0,0,0,0,0,0,0,0,0,0,x,p,w,w,w
0,0,0,0,0,0,0,0,0,0,0,0,a,w,w,w
b,b,b,b,b,b,b,b,b,b,b,b,b,b,b,b
b,b,b,b,b,b,b,b,b,b,b,b,b,b,b,b
b,b,b,b,b,b,b,b,b,b,b,b,b,b,b,b
b,b,b,b,b,b,b,b,b,b,b,b,b,b,b,b
NAME h1
ITM 1 0,12
ITM 1 2,12
ITM 1 4,12
ITM 1 6,12
ITM 1 8,12
ITM 1 10,12
ITM 1 12,12
ITM 1 14,12
ITM 0 1,12
ITM 0 3,12
ITM 0 5,12
ITM 0 7,12
ITM 0 9,12
ITM 0 11,12
ITM 0 13,12
ITM 0 15,12
EXT 10,11 e 11,11
PAL 2

ROOM e
0,0,0,0,0,0,0,0,0,0,0,0,0,0,0,0
0,0,0,0,0,0,0,0,0,0,0,0,0,0,0,0
0,0,0,0,0,0,0,0,0,0,0,0,0,0,0,0
0,0,0,0,0,0,0,0,0,0,0,0,0,0,0,0
0,0,0,0,0,0,0,0,0,0,0,0,0,0,0,0
0,0,0,0,0,0,0,0,0,0,0,0,0,0,0,0
0,0,0,0,0,0,0,0,0,0,0,0,0,0,0,0
0,0,0,0,0,0,0,0,0,0,0,0,0,0,u,t
0,0,0,0,0,0,0,0,0,0,0,0,0,r,s,w
0,0,0,0,0,0,0,0,0,0,0,0,0,q,w,w
0,0,0,0,0,0,0,0,0,0,0,x,0,p,w,w
0,0,0,0,0,0,0,0,0,0,0,0,0,a,w,w
b,b,b,b,b,b,b,b,b,b,b,b,b,b,b,b
b,b,b,b,b,b,b,b,b,b,b,b,b,b,b,b
b,b,b,b,b,b,b,b,b,b,b,b,b,b,b,b
b,b,b,b,b,b,b,b,b,b,b,b,b,b,b,b
NAME h2
ITM 1 1,12
ITM 1 3,12
ITM 1 5,12
ITM 1 7,12
ITM 1 9,12
ITM 1 11,12
ITM 1 13,12
ITM 1 15,12
ITM 0 0,12
ITM 0 2,12
ITM 0 4,12
ITM 0 6,12
ITM 0 8,12
ITM 0 10,12
ITM 0 12,12
ITM 0 14,12
ITM 8 13,11
EXT 12,11 d 11,11
EXT 10,11 f 11,11
PAL 2

ROOM f
0,0,0,0,0,0,0,0,0,0,0,0,0,0,0,0
0,0,0,0,0,0,0,0,0,0,0,0,0,0,0,0
0,0,0,0,0,0,0,0,0,0,0,0,0,0,0,0
0,0,0,0,0,0,0,0,0,0,0,0,0,0,0,0
0,0,0,0,0,0,0,0,0,0,0,0,0,0,0,0
0,0,0,0,0,0,0,0,0,0,0,0,0,0,0,0
0,0,0,0,0,0,0,0,0,0,0,0,0,0,0,0
0,0,0,0,0,0,0,0,0,0,0,0,0,0,0,u
0,0,0,0,0,0,0,0,0,0,0,0,0,0,r,s
0,0,0,0,0,0,0,0,0,0,0,0,0,0,q,w
0,0,0,0,0,0,0,0,0,0,0,x,0,0,p,w
0,0,0,0,0,0,0,0,0,0,0,0,0,0,a,w
b,b,b,b,b,b,b,b,b,b,b,b,b,b,b,b
b,b,b,b,b,b,b,b,b,b,b,b,b,b,b,b
b,b,b,b,b,b,b,b,b,b,b,b,b,b,b,b
b,b,b,b,b,b,b,b,b,b,b,b,b,b,b,b
NAME h3
ITM 1 0,12
ITM 1 2,12
ITM 1 4,12
ITM 1 6,12
ITM 1 8,12
ITM 1 10,12
ITM 1 12,12
ITM 1 14,12
ITM 0 1,12
ITM 0 3,12
ITM 0 5,12
ITM 0 7,12
ITM 0 9,12
ITM 0 11,12
ITM 0 13,12
ITM 0 15,12
ITM 8 14,11
EXT 12,11 e 11,11
EXT 10,11 g 11,11
PAL 2

ROOM g
0,0,0,0,0,0,0,0,0,0,0,0,0,0,0,0
0,0,0,0,0,0,0,0,0,0,0,0,0,0,0,0
0,0,0,0,0,0,0,0,0,0,0,0,0,0,0,0
0,0,0,0,0,0,0,0,0,0,0,0,0,0,0,0
0,0,0,0,0,0,0,0,0,0,0,0,0,0,0,0
0,0,0,0,0,0,0,0,0,0,0,0,0,0,0,0
0,0,0,0,0,0,0,0,0,0,0,0,0,0,0,0
0,0,0,0,0,0,0,0,0,0,0,0,0,0,0,0
0,0,0,0,0,0,0,0,0,0,0,0,0,0,0,r
0,0,0,0,0,0,0,0,0,0,0,0,0,0,0,q
0,0,0,0,0,0,0,0,0,0,0,x,0,0,0,p
0,0,0,0,0,0,0,0,0,0,0,0,0,0,0,a
b,b,b,b,b,b,b,b,b,b,b,b,b,b,b,b
b,b,b,b,b,b,b,b,b,b,b,b,b,b,b,b
b,b,b,b,b,b,b,b,b,b,b,b,b,b,b,b
b,b,b,b,b,b,b,b,b,b,b,b,b,b,b,b
NAME h4
ITM 1 1,12
ITM 1 3,12
ITM 1 5,12
ITM 1 7,12
ITM 1 9,12
ITM 1 11,12
ITM 1 13,12
ITM 1 15,12
ITM 0 0,12
ITM 0 2,12
ITM 0 4,12
ITM 0 6,12
ITM 0 8,12
ITM 0 10,12
ITM 0 12,12
ITM 0 14,12
ITM 8 15,11
EXT 12,11 f 11,11
EXT 10,11 b 11,11
PAL 2

ROOM h
0,0,0,0,0,0,0,0,0,0,0,0,0,0,0,0
0,0,0,0,0,0,0,0,0,0,0,0,0,0,0,0
0,0,0,0,0,0,0,0,0,0,0,0,0,0,0,0
0,0,0,0,0,0,0,0,0,0,0,0,0,0,0,0
0,0,0,0,0,0,0,0,0,0,0,0,0,0,0,0
0,0,0,0,0,0,0,0,0,0,0,0,0,0,0,0
0,0,0,0,0,0,0,0,0,0,0,0,0,0,0,0
l,0,0,0,0,0,0,0,0,0,0,0,0,0,0,0
0,0,0,0,0,0,0,0,0,0,0,0,0,0,0,0
0,0,0,0,0,0,0,0,0,0,0,0,0,0,0,0
0,0,0,0,0,0,0,0,0,0,0,0,0,0,0,0
0,0,0,0,0,0,0,0,0,0,0,0,0,0,0,0
0,0,0,0,0,0,0,0,0,d,c,b,b,b,b,b
0,0,0,0,0,0,0,0,f,e,b,b,b,b,b,b
0,0,0,0,0,0,0,0,g,b,b,b,b,b,b,b
0,0,0,0,0,0,0,0,h,b,b,b,b,b,b,b
NAME bel1
ITM 0 12,12
ITM 0 14,12
ITM 1 11,12
ITM 1 13,12
ITM 1 15,12
ITM 2 10,12
ITM 4 9,13
ITM 5 8,13
ITM 6 8,14
ITM 7 8,15
ITM 3 9,12
ITM 9 10,11
ITM a 12,11
ITM d 11,10
END 0 15,11
PAL 0

ROOM i
0,0,0,0,0,0,0,0,0,0,0,0,0,0,0,0
0,0,0,0,0,0,0,0,0,0,0,0,0,0,0,0
0,0,0,0,0,0,0,0,0,0,0,0,0,0,0,0
0,0,0,0,0,0,0,0,0,0,0,0,0,0,0,0
0,0,0,0,0,0,0,0,0,0,0,0,0,0,0,0
0,0,0,0,0,0,0,0,0,0,0,0,0,0,0,0
0,0,0,0,0,0,0,0,0,0,0,0,0,0,0,0
m,l,0,0,0,0,0,0,0,0,0,0,0,0,0,0
0,0,0,0,0,0,0,0,0,0,0,0,0,0,0,0
0,0,0,0,0,0,0,0,0,0,0,0,0,0,0,0
0,0,0,0,0,0,0,0,0,0,0,0,0,0,0,0
0,0,0,0,0,0,0,0,0,0,0,0,0,0,0,0
0,0,0,0,0,0,0,0,0,d,c,b,b,b,b,b
0,0,0,0,0,0,0,0,f,e,b,b,b,b,b,b
0,0,0,0,0,0,0,0,g,b,b,b,b,b,b,b
0,0,0,0,0,0,0,0,h,b,b,b,b,b,b,b
NAME bel2
ITM 0 12,12
ITM 0 14,12
ITM 1 11,12
ITM 1 13,12
ITM 1 15,12
ITM 2 10,12
ITM 4 9,13
ITM 5 8,13
ITM 6 8,14
ITM 7 8,15
ITM 3 9,12
ITM 9 10,11
ITM a 12,11
ITM d 11,10
END 0 15,11
PAL 0

ROOM j
0,0,0,0,0,0,0,0,0,0,0,0,0,0,0,0
0,0,0,0,0,0,0,0,0,0,0,0,0,0,0,0
0,0,0,0,0,0,0,0,0,0,0,0,0,0,0,0
0,0,0,0,0,0,0,0,0,0,0,0,0,0,0,0
0,0,0,0,0,0,0,0,0,0,0,0,0,0,0,0
0,0,0,0,0,0,0,0,0,0,0,0,0,0,0,0
0,0,0,0,0,0,0,0,0,0,0,0,0,0,0,0
0,m,l,0,0,0,0,0,0,0,0,0,0,0,0,0
0,0,0,0,0,0,0,0,0,0,0,0,0,0,0,0
0,0,0,0,0,0,0,0,0,0,0,0,0,0,0,0
0,0,0,0,0,0,0,0,0,0,0,0,0,0,0,0
0,0,0,0,0,0,0,0,0,0,0,0,0,0,0,0
0,0,0,0,0,0,0,0,0,d,c,b,b,b,b,b
0,0,0,0,0,0,0,0,f,e,b,b,b,b,b,b
0,0,0,0,0,0,0,0,g,b,b,b,b,b,b,b
0,0,0,0,0,0,0,0,h,b,b,b,b,b,b,b
NAME bel3
ITM 0 12,12
ITM 0 14,12
ITM 1 11,12
ITM 1 13,12
ITM 1 15,12
ITM 2 10,12
ITM 4 9,13
ITM 5 8,13
ITM 6 8,14
ITM 7 8,15
ITM 3 9,12
ITM 9 10,11
ITM a 12,11
ITM d 11,10
END 0 15,11
PAL 0

ROOM k
0,0,0,0,0,0,0,0,0,0,0,0,0,0,0,0
0,0,0,0,0,0,0,0,0,0,0,0,0,0,0,0
0,0,0,0,0,0,0,0,0,0,0,0,0,0,0,0
0,0,0,0,0,0,0,0,0,0,0,0,0,0,0,0
0,0,0,0,0,0,0,0,0,0,0,0,0,0,y,o
0,0,0,0,0,0,0,0,0,0,0,0,0,0,0,0
0,0,0,0,0,0,0,0,0,0,0,0,0,0,0,0
0,0,m,l,0,0,0,0,0,0,0,0,0,0,0,0
0,0,0,0,0,0,0,0,0,0,0,0,0,0,0,0
0,0,0,0,0,0,0,0,0,0,0,0,0,0,0,0
0,0,0,0,0,0,0,0,0,0,0,0,0,0,0,0
0,0,0,0,0,0,0,0,0,0,0,0,0,0,0,0
0,0,0,0,0,0,0,0,0,d,c,b,b,b,b,b
0,0,0,0,0,0,0,0,f,e,b,b,b,b,b,b
0,0,0,0,0,0,0,0,g,b,b,b,b,b,b,b
0,0,0,0,0,0,0,0,h,b,b,b,b,b,b,b
NAME sc1
ITM 0 12,12
ITM 0 14,12
ITM 1 11,12
ITM 1 13,12
ITM 1 15,12
ITM 2 10,12
ITM 4 9,13
ITM 5 8,13
ITM 6 8,14
ITM 7 8,15
ITM 3 9,12
ITM 9 10,11
ITM a 12,11
ITM d 11,10
END 0 15,11
PAL 0

ROOM l
0,0,0,0,0,0,0,0,0,0,0,0,0,0,0,0
0,0,0,0,0,0,0,0,0,0,0,0,0,0,0,0
0,0,0,0,0,0,0,0,0,0,0,0,0,0,0,0
0,0,0,0,0,0,0,0,0,0,0,0,0,0,0,0
0,0,0,0,0,0,0,0,0,0,0,0,y,o,0,0
0,0,0,0,0,0,0,0,0,0,0,0,0,0,0,0
0,0,0,0,0,0,0,0,0,0,0,0,0,0,0,0
0,0,0,m,l,0,0,0,0,0,0,0,0,0,0,0
0,0,0,0,0,0,0,0,0,0,0,0,0,0,0,0
0,0,0,0,0,0,0,0,0,0,0,0,0,0,0,0
0,0,0,0,0,0,0,0,0,0,0,0,0,0,0,0
0,0,0,0,0,0,0,0,0,0,0,0,0,0,0,0
0,0,0,0,0,0,0,0,0,d,c,b,b,b,b,b
0,0,0,0,0,0,0,0,f,e,b,b,b,b,b,b
0,0,0,0,0,0,0,0,g,b,b,b,b,b,b,b
0,0,0,0,0,0,0,0,h,b,b,b,b,b,b,b
NAME sc2
ITM 0 12,12
ITM 0 14,12
ITM 1 11,12
ITM 1 13,12
ITM 1 15,12
ITM 2 10,12
ITM 4 9,13
ITM 5 8,13
ITM 6 8,14
ITM 7 8,15
ITM 3 9,12
ITM 9 10,11
ITM a 12,11
ITM d 11,10
END 0 15,11
PAL 0

ROOM m
0,0,0,0,0,0,0,0,0,0,0,0,0,0,0,0
0,0,0,0,0,0,0,0,0,0,0,0,0,0,0,0
0,0,0,0,0,0,0,0,0,0,0,0,0,0,0,0
0,0,0,0,0,0,0,0,0,0,0,0,0,0,0,0
0,0,0,0,0,0,0,0,0,0,y,o,0,0,0,0
0,0,0,0,0,0,0,0,0,0,0,0,0,0,0,0
0,0,0,0,0,0,0,0,0,0,0,0,0,0,0,0
0,0,0,0,m,l,0,0,0,0,0,0,0,0,0,0
0,0,0,0,0,0,0,0,0,0,0,0,0,0,0,0
0,0,0,0,0,0,0,0,0,0,0,0,0,0,0,0
0,0,0,0,0,0,0,0,0,0,0,0,0,0,0,0
0,0,0,0,0,0,0,0,0,0,0,0,0,0,0,0
0,0,0,0,0,0,0,0,0,d,c,b,b,b,b,b
0,0,0,0,0,0,0,0,f,e,b,b,b,b,b,b
0,0,0,0,0,0,0,0,g,b,b,b,b,b,b,b
0,0,0,0,0,0,0,0,h,b,b,b,b,b,b,b
NAME sc3
ITM 0 12,12
ITM 0 14,12
ITM 1 11,12
ITM 1 13,12
ITM 1 15,12
ITM 2 10,12
ITM 4 9,13
ITM 5 8,13
ITM 6 8,14
ITM 7 8,15
ITM 3 9,12
ITM 9 10,11
ITM a 12,11
ITM d 11,10
END 0 15,11
PAL 0

ROOM n
0,0,0,0,0,0,0,0,0,0,0,0,0,0,0,0
0,0,0,0,0,0,0,0,0,0,0,0,0,0,0,0
0,0,0,0,0,0,0,0,0,0,0,0,0,0,0,0
z,0,0,0,0,0,0,0,0,0,0,0,0,0,0,0
0,0,0,0,0,0,0,0,y,o,0,0,0,0,0,0
0,0,0,0,0,0,0,0,0,0,0,0,0,0,0,0
0,0,0,0,0,0,0,0,0,0,0,0,0,0,0,0
0,0,0,0,0,m,l,0,0,0,0,0,0,0,0,0
0,0,0,0,0,0,0,0,0,0,0,0,0,0,0,0
0,0,0,0,0,0,0,0,0,0,0,0,0,0,0,0
0,0,0,0,0,0,0,0,0,0,0,0,0,0,0,0
0,0,0,0,0,0,0,0,0,0,0,0,0,0,0,0
0,0,0,0,0,0,0,0,0,d,c,b,b,b,b,b
0,0,0,0,0,0,0,0,f,e,b,b,b,b,b,b
0,0,0,0,0,0,0,0,g,b,b,b,b,b,b,b
0,0,0,0,0,0,0,0,h,b,b,b,b,b,b,b
NAME mo1
ITM 0 12,12
ITM 0 14,12
ITM 1 11,12
ITM 1 13,12
ITM 1 15,12
ITM 2 10,12
ITM 4 9,13
ITM 5 8,13
ITM 6 8,14
ITM 7 8,15
ITM 3 9,12
ITM 9 10,11
ITM a 12,11
ITM d 11,10
END 0 15,11
PAL 0

ROOM o
0,0,0,0,0,0,0,0,0,0,0,0,0,0,0,0
0,0,0,0,0,0,0,0,0,0,0,0,0,0,0,0
0,0,0,0,0,0,0,0,0,0,0,0,0,0,0,0
13,12,0,0,0,0,0,y,o,0,0,0,0,0,0,0
11,10,z,0,0,0,0,0,0,0,0,0,0,0,0,0
0,0,0,0,0,0,0,0,0,0,0,0,0,0,0,0
0,0,0,0,0,0,0,0,0,0,0,0,0,0,0,0
0,0,0,0,0,0,m,l,0,0,0,0,0,0,0,0
0,0,0,0,0,0,0,0,0,0,0,0,0,0,0,0
0,0,0,0,0,0,0,0,0,0,0,0,0,0,0,0
0,0,0,0,0,0,0,0,0,0,0,0,0,0,0,0
0,0,0,0,0,0,0,0,0,0,0,0,0,0,0,0
0,0,0,0,0,0,0,0,0,d,c,b,b,b,b,b
0,0,0,0,0,0,0,0,f,e,b,b,b,b,b,b
0,0,0,0,0,0,0,0,g,b,b,b,b,b,b,b
0,0,0,0,0,0,0,0,h,b,b,b,b,b,b,b
NAME mo2
ITM 0 12,12
ITM 0 14,12
ITM 1 11,12
ITM 1 13,12
ITM 1 15,12
ITM 2 10,12
ITM 4 9,13
ITM 5 8,13
ITM 6 8,14
ITM 7 8,15
ITM 3 9,12
ITM 9 10,11
ITM a 12,11
ITM d 11,10
END 0 15,11
PAL 0

ROOM p
0,0,0,0,0,0,0,0,0,0,0,0,0,0,0,0
0,0,0,0,0,0,0,0,0,0,0,0,0,0,0,0
0,0,0,0,0,0,y,o,0,0,0,0,0,0,0,0
13,12,15,17,z,0,0,0,0,0,0,0,0,0,0,0
11,10,14,16,0,0,0,0,0,0,0,0,0,0,0,0
0,0,0,0,0,0,0,0,0,0,0,0,0,0,0,0
0,0,0,0,0,0,0,0,0,0,0,0,0,0,0,0
0,0,0,0,0,0,0,m,l,0,0,0,0,0,0,0
0,0,0,0,0,0,0,0,0,0,0,0,0,0,0,0
0,0,0,0,0,0,0,0,0,0,0,0,0,0,0,0
0,0,0,0,0,0,0,0,0,0,0,0,0,0,0,0
0,0,0,0,0,0,0,0,0,0,0,0,0,0,0,0
0,0,0,0,0,0,0,0,0,d,c,b,b,b,b,b
0,0,0,0,0,0,0,0,f,e,b,b,b,b,b,b
0,0,0,0,0,0,0,0,g,b,b,b,b,b,b,b
0,0,0,0,0,0,0,0,h,b,b,b,b,b,b,b
NAME mo3
ITM 0 12,12
ITM 0 14,12
ITM 1 11,12
ITM 1 13,12
ITM 1 15,12
ITM 2 10,12
ITM 4 9,13
ITM 5 8,13
ITM 6 8,14
ITM 7 8,15
ITM 3 9,12
ITM 9 10,11
ITM a 12,11
ITM d 11,10
END 0 15,11
PAL 0

ROOM q
0,0,0,0,0,0,0,0,0,0,0,0,0,0,0,0
0,0,0,0,0,y,o,0,0,0,0,0,0,0,0,0
0,0,0,0,0,0,0,0,0,0,0,0,0,0,0,0
13,12,15,18,13,12,0,0,0,0,0,0,0,0,0,0
11,10,14,16,11,10,z,0,0,0,0,0,0,0,0,0
0,0,0,0,0,0,0,0,0,0,0,0,0,0,0,0
0,0,0,0,0,0,0,0,0,0,0,0,0,0,0,0
0,0,0,0,0,0,0,0,m,l,0,0,0,0,0,0
0,0,0,0,0,0,0,0,0,0,0,0,0,0,0,0
0,0,0,0,0,0,0,0,0,0,0,0,0,0,0,0
0,0,0,0,0,0,0,0,0,0,0,0,0,0,0,0
0,0,0,0,0,0,0,0,0,0,0,0,0,0,0,0
0,0,0,0,0,0,0,0,0,d,c,b,b,b,b,b
0,0,0,0,0,0,0,0,f,e,b,b,b,b,b,b
0,0,0,0,0,0,0,0,g,b,b,b,b,b,b,b
0,0,0,0,0,0,0,0,h,b,b,b,b,b,b,b
NAME mo4
ITM 0 12,12
ITM 0 14,12
ITM 1 11,12
ITM 1 13,12
ITM 1 15,12
ITM 2 10,12
ITM 4 9,13
ITM 5 8,13
ITM 6 8,14
ITM 7 8,15
ITM 3 9,12
ITM 9 10,11
ITM a 12,11
ITM d 11,10
END 0 15,11
PAL 0

ROOM r
0,0,0,0,0,0,0,0,0,0,0,0,0,0,0,0
0,0,0,0,0,y,o,0,0,0,0,0,0,0,0,0
0,0,0,0,0,0,0,0,0,0,0,0,0,0,0,0
13,12,15,18,13,12,0,0,0,0,0,0,0,0,0,i
11,10,14,16,11,10,19,12,0,0,0,0,0,0,0,0
0,0,0,0,0,0,11,10,z,0,0,0,0,0,0,0
0,0,0,0,0,0,0,0,0,0,0,0,0,0,0,0
0,0,0,0,0,0,0,0,0,m,l,0,0,0,0,0
0,0,0,0,0,0,0,0,0,0,0,0,0,0,0,0
0,0,0,0,0,0,0,0,0,0,0,0,0,0,0,0
0,0,0,0,0,0,0,0,0,0,0,0,0,0,0,0
0,0,0,0,0,0,0,0,0,0,0,0,0,0,0,0
0,0,0,0,0,0,0,0,0,d,c,b,b,b,b,b
0,0,0,0,0,0,0,0,f,e,b,b,b,b,b,b
0,0,0,0,0,0,0,0,g,b,b,b,b,b,b,b
0,0,0,0,0,0,0,0,h,b,b,b,b,b,b,b
NAME bw1
ITM 0 12,12
ITM 0 14,12
ITM 1 11,12
ITM 1 13,12
ITM 1 15,12
ITM 2 10,12
ITM 4 9,13
ITM 5 8,13
ITM 6 8,14
ITM 7 8,15
ITM 3 9,12
ITM 9 10,11
ITM a 12,11
ITM d 11,10
END 0 15,11
PAL 0

ROOM s
0,0,0,0,0,0,0,0,0,0,0,0,0,0,0,0
0,0,0,y,o,0,0,0,0,0,0,0,0,0,0,0
0,0,0,0,0,0,0,0,0,0,0,0,0,0,0,0
1c,1b,15,18,13,12,0,0,0,0,0,0,0,0,i,j
1a,10,14,16,11,10,19,12,15,18,z,0,0,0,0,0
0,0,0,0,0,0,11,10,14,16,0,0,0,0,0,0
0,0,0,0,0,0,0,0,0,0,0,0,0,0,0,0
0,0,0,0,0,0,0,0,0,0,m,l,0,0,0,0
0,0,0,0,0,0,0,0,0,0,0,0,0,0,0,0
0,0,0,0,0,0,0,0,0,0,0,0,0,0,0,0
0,0,0,0,0,0,0,0,0,0,0,0,0,0,0,0
0,0,0,0,0,0,0,0,0,0,0,0,0,0,0,0
0,0,0,0,0,0,0,0,0,d,c,b,b,b,b,b
0,0,0,0,0,0,0,0,f,e,b,b,b,b,b,b
0,0,0,0,0,0,0,0,g,b,b,b,b,b,b,b
0,0,0,0,0,0,0,0,h,b,b,b,b,b,b,b
NAME bw2
ITM 0 12,12
ITM 0 14,12
ITM 1 11,12
ITM 1 13,12
ITM 1 15,12
ITM 2 10,12
ITM 4 9,13
ITM 5 8,13
ITM 6 8,14
ITM 7 8,15
ITM 3 9,12
ITM 9 10,11
ITM a 12,11
ITM d 11,10
END 0 15,11
PAL 0

ROOM t
0,0,0,0,0,0,0,0,0,0,0,0,0,0,0,0
0,y,o,0,0,0,0,0,0,0,0,0,0,0,0,0
0,0,0,0,0,0,0,0,0,0,0,0,0,i,j,0
0,0,1d,18,13,12,0,0,0,0,0,0,0,0,0,0
0,0,1f,1e,11,10,19,12,15,18,13,12,0,0,0,0
0,0,0,0,0,0,11,10,14,16,11,10,z,0,0,0
0,0,0,0,0,0,0,0,0,0,0,0,0,0,0,0
n,0,0,0,0,0,0,0,0,0,0,m,l,0,0,0
0,0,0,0,0,0,0,0,0,0,0,0,0,0,0,0
0,0,0,0,0,0,0,0,0,0,0,0,0,0,0,0
0,0,0,0,0,0,0,0,0,0,0,0,0,0,0,0
0,0,0,0,0,0,0,0,0,0,0,0,0,0,0,0
0,0,0,0,0,0,0,0,0,d,c,b,b,b,b,b
0,0,0,0,0,0,0,0,f,e,b,b,b,b,b,b
0,0,0,0,0,0,0,0,g,b,b,b,b,b,b,b
0,0,0,0,0,0,0,0,h,b,b,b,b,b,b,b
NAME bw3
ITM 0 12,12
ITM 0 14,12
ITM 1 11,12
ITM 1 13,12
ITM 1 15,12
ITM 2 10,12
ITM 4 9,13
ITM 5 8,13
ITM 6 8,14
ITM 7 8,15
ITM 3 9,12
ITM 9 10,11
ITM a 12,11
ITM d 11,10
END 0 15,11
PAL 0

ROOM u
0,0,0,0,0,0,0,0,0,0,0,0,0,0,0,0
o,0,0,0,0,0,0,0,0,0,0,0,0,0,0,0
0,0,0,0,0,0,0,0,0,0,0,0,i,j,0,0
0,0,0,0,1c,1b,0,0,0,0,0,0,0,0,0,0
0,0,0,0,1a,10,19,12,15,18,13,12,15,18,z,0
0,0,0,0,0,0,11,10,14,16,11,10,14,16,0,0
0,0,0,0,0,0,0,0,0,0,0,0,0,0,0,0
0,n,0,0,0,0,0,0,0,0,0,0,m,l,0,0
0,0,0,0,0,0,0,0,0,0,0,0,0,0,0,0
0,0,0,0,0,0,0,0,0,0,0,0,0,0,0,0
0,0,0,0,0,0,0,0,0,0,0,0,0,0,0,0
0,0,0,0,0,0,0,0,0,0,0,0,0,0,0,0
0,0,0,0,0,0,0,0,0,d,c,b,b,b,b,b
0,0,0,0,0,0,0,0,f,e,b,b,b,b,b,b
0,0,0,0,0,0,0,0,g,b,b,b,b,b,b,b
0,0,0,0,0,0,0,0,h,b,b,b,b,b,b,b
NAME bw4
ITM 0 12,12
ITM 0 14,12
ITM 1 11,12
ITM 1 13,12
ITM 1 15,12
ITM 2 10,12
ITM 4 9,13
ITM 5 8,13
ITM 6 8,14
ITM 7 8,15
ITM 3 9,12
ITM 9 10,11
ITM a 12,11
ITM d 11,10
END 0 15,11
PAL 0

ROOM v
0,0,0,0,0,0,0,0,0,0,0,0,0,0,0,0
0,0,0,0,0,0,0,0,0,0,0,i,j,0,0,0
0,0,0,0,0,0,0,0,0,0,0,0,0,0,0,0
0,0,0,0,0,0,0,0,0,0,0,0,0,0,0,0
0,0,0,0,0,0,1c,1b,15,18,13,12,15,18,13,12
0,0,0,0,0,0,1a,10,14,16,11,10,14,16,11,10
0,0,0,0,0,0,0,0,0,0,0,0,0,0,0,0
0,0,n,0,0,0,0,0,0,0,0,0,0,m,l,0
0,0,0,0,0,0,0,0,0,0,0,0,0,0,0,0
0,0,0,0,0,0,0,0,0,0,0,0,0,0,0,0
0,0,0,0,0,0,0,0,0,0,0,0,0,0,0,0
0,0,0,0,0,0,0,0,0,0,0,0,0,0,0,0
0,0,0,0,0,0,0,0,0,d,c,b,b,b,b,b
0,0,0,0,0,0,0,0,f,e,b,b,b,b,b,b
0,0,0,0,0,0,0,0,g,b,b,b,b,b,b,b
0,0,0,0,0,0,0,0,h,b,b,b,b,b,b,b
NAME bw5
ITM 0 12,12
ITM 0 14,12
ITM 1 11,12
ITM 1 13,12
ITM 1 15,12
ITM 2 10,12
ITM 4 9,13
ITM 5 8,13
ITM 6 8,14
ITM 7 8,15
ITM 3 9,12
ITM 9 10,11
ITM a 12,11
ITM d 11,10
END 0 15,11
PAL 0

ROOM w
0,0,0,0,0,0,0,0,0,0,0,0,0,0,0,0
0,0,0,0,0,0,0,0,0,0,i,j,0,0,0,0
0,0,0,0,0,0,0,0,0,0,0,0,0,0,0,0
0,0,0,0,0,0,0,0,0,0,0,0,0,0,0,0
0,0,0,0,0,0,0,0,1d,18,13,12,15,18,13,12
0,0,0,0,0,0,0,0,1f,1e,11,10,14,16,11,10
0,0,0,0,0,0,0,0,0,0,0,0,0,0,0,0
0,0,0,n,0,0,0,0,0,0,0,0,0,0,m,l
0,0,0,0,0,0,0,0,0,0,0,0,0,0,0,0
0,0,0,0,0,0,0,0,0,0,0,0,0,0,0,0
0,0,0,0,0,0,0,0,0,0,0,0,0,0,0,0
0,0,0,0,0,0,0,0,0,0,0,0,0,0,0,0
0,0,0,0,0,0,0,0,0,d,c,b,b,b,b,b
0,0,0,0,0,0,0,0,f,e,b,b,b,b,b,b
0,0,0,0,0,0,0,0,g,b,b,b,b,b,b,b
0,0,0,0,0,0,0,0,h,b,b,b,b,b,b,b
NAME e1
ITM 0 12,12
ITM 0 14,12
ITM 1 11,12
ITM 1 13,12
ITM 1 15,12
ITM 2 10,12
ITM 4 9,13
ITM 5 8,13
ITM 6 8,14
ITM 7 8,15
ITM 3 9,12
ITM 9 10,11
ITM a 12,11
ITM d 11,10
END 1 15,11
PAL 0

ROOM x
0,0,0,0,0,0,0,0,0,i,j,0,0,0,0,0
0,0,0,0,0,0,0,0,0,0,0,0,0,0,0,0
0,0,0,0,0,0,0,0,0,0,0,0,0,0,0,0
0,0,0,0,0,0,0,0,0,0,0,0,0,0,0,0
0,0,0,0,0,0,0,0,0,0,1c,1b,15,18,13,12
0,0,0,0,0,0,0,0,0,0,1a,10,14,16,11,10
0,0,0,0,0,0,0,0,0,0,0,0,0,0,0,0
0,0,0,0,n,0,0,0,0,0,0,0,0,0,0,m
0,0,0,0,0,0,0,0,0,0,0,0,0,0,0,0
0,0,0,0,0,0,0,0,0,0,0,0,0,0,0,0
0,0,0,0,0,0,0,0,0,0,0,0,0,0,0,0
0,0,0,0,0,0,0,0,0,0,0,0,0,0,0,0
0,0,0,0,0,0,0,0,0,d,c,b,b,b,b,b
0,0,0,0,0,0,0,0,f,e,b,b,b,b,b,b
0,0,0,0,0,0,0,0,g,b,b,b,b,b,b,b
0,0,0,0,0,0,0,0,h,b,b,b,b,b,b,b
NAME e2
ITM 0 12,12
ITM 0 14,12
ITM 1 11,12
ITM 1 13,12
ITM 1 15,12
ITM 2 10,12
ITM 4 9,13
ITM 5 8,13
ITM 6 8,14
ITM 7 8,15
ITM 3 9,12
ITM 9 10,11
ITM a 12,11
ITM d 11,10
END 1 15,11
PAL 0

ROOM y
0,0,0,0,0,0,0,0,i,j,0,0,0,0,0,0
0,0,0,0,0,0,0,0,0,0,0,0,0,0,0,0
0,0,0,0,0,0,0,0,0,0,0,0,0,0,0,0
0,0,0,0,0,0,0,0,0,0,0,0,0,0,0,0
0,0,0,0,0,0,0,0,0,0,0,0,1d,18,13,12
0,0,0,0,0,0,0,0,0,0,0,0,1f,1e,11,10
0,0,0,0,0,0,0,0,0,0,0,0,0,0,0,0
0,0,0,0,0,n,0,0,0,0,0,0,0,0,0,0
0,0,0,0,0,0,0,0,0,0,0,0,0,0,0,0
0,0,0,0,0,0,0,0,0,0,0,0,0,0,0,0
0,0,0,0,0,0,0,0,0,0,0,0,0,0,0,0
0,0,0,0,0,0,0,0,0,0,0,0,0,0,0,0
0,0,0,0,0,0,0,0,0,d,c,b,b,b,b,b
0,0,0,0,0,0,0,0,f,e,b,b,b,b,b,b
0,0,0,0,0,0,0,0,g,b,b,b,b,b,b,b
0,0,0,0,0,0,0,0,h,b,b,b,b,b,b,b
NAME e3
ITM 0 12,12
ITM 0 14,12
ITM 1 11,12
ITM 1 13,12
ITM 1 15,12
ITM 2 10,12
ITM 4 9,13
ITM 5 8,13
ITM 6 8,14
ITM 7 8,15
ITM 3 9,12
ITM 9 10,11
ITM a 12,11
ITM d 11,10
END 1 15,11
PAL 0

ROOM z
0,0,0,0,0,0,0,0,0,0,0,0,0,0,0,0
0,0,0,0,0,0,0,0,0,0,0,0,0,0,0,0
0,0,0,0,0,0,0,0,0,0,0,0,0,0,0,0
0,0,0,0,0,0,0,0,0,0,0,0,0,0,0,0
0,0,0,0,0,0,0,0,0,0,0,0,0,0,1c,1b
0,0,0,0,0,0,0,0,0,0,0,0,0,0,1a,10
0,0,0,0,0,1h,0,0,0,0,0,0,0,0,0,0
0,0,0,0,0,0,1g,0,0,0,0,0,0,0,0,0
0,0,0,0,0,0,0,0,0,0,0,0,0,0,0,0
0,0,0,0,0,0,0,0,0,0,0,0,0,0,0,0
0,0,0,0,0,0,0,0,0,0,0,0,0,0,0,0
0,0,0,0,0,0,0,0,0,0,0,0,0,0,0,0
0,0,0,0,0,0,0,0,0,d,c,b,b,b,b,b
0,0,0,0,0,0,0,0,f,e,b,b,b,b,b,b
0,0,0,0,0,0,0,0,g,b,b,b,b,b,b,b
0,0,0,0,0,0,0,0,h,b,b,b,b,b,b,b
NAME e4
ITM 0 12,12
ITM 0 14,12
ITM 1 11,12
ITM 1 13,12
ITM 1 15,12
ITM 2 10,12
ITM 4 9,13
ITM 5 8,13
ITM 6 8,14
ITM 7 8,15
ITM 3 9,12
ITM a 12,11
ITM 9 10,11
ITM d 11,10
END 1 15,11
PAL 0

TIL 10
11111111
11111111
11111111
11111111
11111111
00111111
00000111
00000000

TIL 11
00111111
00001111
00000011
00000001
00000000
00000000
00000000
00000000

TIL 12
00000000
00000000
00000000
00000000
10000000
11000000
11100000
11111000

TIL 13
00000000
11000000
11111000
11111110
11111111
11111111
11111111
11111111

TIL 14
11111111
11111111
11111111
11111111
11111111
11111100
11100000
00000000

TIL 15
00000000
00000000
00000000
00000000
00000011
00000111
00001111
00111111

TIL 16
11111000
11100000
11000000
10000000
00000000
00000000
00000000
00000000

TIL 17
00000000
00000011
00011111
11111111
11111111
11111111
11111111
11111110

TIL 18
00000000
00000011
00011111
11111111
11111111
11111111
11111111
11111111

TIL 19
00000000
11100000
11111000
11111110
11111111
11111111
11111111
11111111

TIL a
01111111
01111111
01111111
01111111
01111111
01111111
01111111
01111111
NAME air
WAL false

TIL b
11111111
11111111
11111111
11111111
11111111
11111111
11111111
11111111
NAME floor
WAL true
COL 4

TIL c
00011111
01111111
11111111
11111111
11111111
11111111
11111111
11111111
NAME floor
WAL true
COL 4

TIL d
00000000
00000000
00000000
00000011
00000111
00001111
00011111
00011111
NAME floor
WAL true
COL 4

TIL e
00111111
01111111
01111111
11111111
11111111
11111111
11111111
11111111
NAME floor
WAL true
COL 4

TIL f
00000000
00000000
00000000
00000000
00000000
00000001
00000001
00000011
NAME floor
WAL true
COL 4

TIL g
00000011
00000011
00000111
00000111
00000111
00001111
00001111
00001111
NAME floor
WAL true
COL 4

TIL h
00001111
00011111
00011111
00011111
00011111
00011111
00111111
00111111
NAME floor
WAL true
COL 4

TIL i
00000010
01111111
11101111
11111111
00000111
01111111
00000000
00000000

TIL j
00000000
10000111
11111110
11111100
11111110
11000111
00000000
00000000

TIL k
00000000
00000000
00000000
00111011
11111110
01111011
00000000
00000000

TIL l
00000000
11111111
11110111
11111111
11000000
11111110
00000000
00000000

TIL m
00000000
11101111
01111111
00111111
01111111
11101111
00000000
00000000

TIL n
00000000
01100000
01110000
00000000
00000000
00001100
00001110
00000000
>
00000000
00110000
00111000
00000000
00000000
00011000
00011100
00000000

TIL o
00100000
11110000
00000000
00000000
00000000
00001000
00111100
00000000
>
00000000
00010000
01111000
00000000
00000000
00010000
01111000
00000000

TIL p
00111111
00111111
00111111
00111111
00111111
01111111
01111111
01111111

TIL q
00000111
00001111
00001111
00001111
00011111
00011111
00011111
00011111

TIL r
00000000
00000000
00000000
00000000
00000001
00000011
00000011
00000111

TIL s
00111111
01111111
11111111
11111111
11111111
11111111
11111111
11111111

TIL t
00000000
00000000
00001111
01111111
11111111
11111111
11111111
11111111

TIL u
00000000
00000000
00000000
00000000
00000001
00000011
00001111
00011111

TIL v
00000000
00111111
11111111
11111111
11111111
11111111
11111111
11111111

TIL w
11111111
11111111
11111111
11111111
11111111
11111111
11111111
11111111

TIL x
00000000
00000000
00000000
00000000
00000000
00000000
00000000
00000000
NAME air
WAL true

TIL y
00000000
00000000
00000000
00000000
00000100
00011110
00000000
00000000
>
00000000
00000000
00000000
00001000
00111100
00000000
00000000
00000000

TIL z
00000000
11111100
11001110
11111111
10000001
11100000
11111100
00000000

TIL 1a
00001111
00000111
00000011
00000001
00000000
00000000
00000000
00000000

TIL 1b
00000000
00000000
00000000
00000000
00000000
10000000
11100000
11111000

TIL 1c
00000000
00000000
00000000
00111000
00111110
00011111
00011111
00001111

TIL 1d
00000000
00000000
00000000
00000000
00000011
00000111
00001111
00011111

TIL 1e
11111000
11100000
10000000
00000000
00000000
00000000
00000000
00000000

TIL 1f
00011111
00111111
00111111
01111110
01111000
01100000
00000000
00000000

TIL 1g
00000000
00000000
00000000
00011000
00011100
00000000
00000000
00000000
>
00000000
00000000
00000000
00110000
00111000
00000000
00000000
00000000

TIL 1h
00000000
00000000
00000000
00000000
00000000
00000000
00001100
00001110
>
00000000
00000000
00000000
00000000
00000000
00000000
00000110
00000111

TIL 1i
01100000
01110000
00000000
00000000
00000000
00000000
00000000
00000000
>
11000000
11100000
00000000
00000000
00000000
00000000
00000000
00000000

TIL 1j
00000000
00000000
00110000
00111000
00000000
00000000
00000000
00000000
>
00000000
00000000
00011000
00011100
00000000
00000000
00000000
00000000

SPR A
00000000
00000000
00001100
00001100
00011100
00011100
00011100
00010100
POS d 11,11
COL 3

SPR a
00000000
00000000
00000000
00000000
00000000
00000000
00000000
00000000
DLG SPR_0
POS 0 8,8

SPR b
00000000
01100000
00010000
00010000
01010000
00010000
00010000
00010000
POS d 12,11

SPR c
00000000
00000000
00000000
00000000
00000000
00000000
00000000
00000000
DLG SPR_0
POS b 10,11

SPR d
00000000
00000000
00000000
00000000
00000000
00000000
00000000
00000000
DLG SPR_3
POS b 12,11

SPR e
00000000
00000000
00000000
00000000
00000000
00000000
00000000
00000000
DLG SPR_2
POS c 12,11

SPR f
00000000
00000000
00000000
00000000
00000000
00000000
00000000
00000000
DLG SPR_1
POS c 10,11

SPR g
00000000
00000000
00001100
00001100
00000110
00000110
00000110
00011110

SPR h
00000000
00000000
00000000
00110000
00110000
00011000
00011000
00111000

SPR i
00000000
00000000
00001100
00001100
00011100
00011100
00011100
00010100

SPR j
00000000
00000000
00110000
00110000
00111000
00111000
00111000
00101000

ITM 0
11111111
01101011
01000001
01000000
00000000
00000000
00000000
00000000
NAME brown
COL 5

ITM 1
11111111
01101101
00101000
00100000
00000000
00000000
00000000
00000000
NAME brown
COL 5

ITM 2
00111111
01101101
10100100
10000000
10000000
00000000
00000000
00000000
NAME brown
COL 5

ITM 3
00000000
00000000
00000000
00000011
00000110
00001010
00011000
00010000
NAME brown
COL 5

ITM 4
00110000
01010000
01000000
11000000
10000000
00000000
00000000
00000000
NAME brown
COL 5

ITM 5
00000000
00000000
00000000
00000000
00000000
00000001
00000001
00000010
NAME brown
COL 5

ITM 6
00000010
00000010
00000110
00000100
00000100
00001100
00001100
00001000
NAME brown
COL 5

ITM 7
00001000
00011000
00011000
00011000
00010000
00010000
00110000
00110000
NAME brown
COL 5

ITM 8
00000000
01100000
00010000
00010000
01010000
00010000
00010000
00010000

ITM 9
00000000
00000000
00000110
00000110
00000011
00000011
00000011
00001111
NAME SOLID
DLG ITM_0
COL 1

ITM a
00000000
00000000
00000000
00000000
00000000
00000000
00000000
00000000
NAME PERMANENT
DLG ITM_1

ITM b
00000000
00000000
00000110
00000110
00000011
00000011
00000011
00001111

ITM c
00000000
00000000
00000110
00000110
00000011
00000011
00000011
00001111

ITM d
00000000
00000000
00000000
00000000
00000000
00000000
00000000
00000000
NAME SOLID
DLG ITM_2

ITM e
00000000
00000000
00000000
00000000
01000000
00110000
00011000
00000000
DLG ITM_3

ITM f
00000000
00000000
00011000
00111100
00111100
00011000
00000000
00000000
NAME mem-pod
DLG ITM_4

DLG ITM_0
"""
(imageNow "SPR, A, h"){sequence
  - {clr1}oh, hi nessie
    
    {clr1}{clr3}hey viv{clr3}(exit "chasm2,11,11")
  - {clr3}you seen anything yet?{clr3}
    
    {clr1}I saw Lotte and them sail by earlier, that's all.{clr1}
    {clr3}alright.{clr3}
  - {clr3}so uh{clr3}
    
    {clr3}you wanted to talk about something?{clr3}
    {clr1}oh, yeah.
    alright, listen...{clr1}(exit "bel1,11,11")
  - {clr1}oh, look! there's one right there!{clr1}
    {clr3}dude it's so big! what is it?{clr3}(exit "bel2,11,11")
  - {clr1}it looks like a...{clr1}
    
    {clr1}a beluga whale? I think?{clr1}(exit "bel3,11,11")
  - {clr3}it's pretty close, you think they're landing in mayport?{clr3}
    {clr1}either mayport or vanellis, I guess.{clr1}
    {clr3}oh anyway, you were telling me something?{clr3}(exit "sc1,11,11")
  - {clr1}yeah, look. it's only a week before I leave and...{clr1}
    {clr3}you having second thoughts, viv?{clr3}
    
    {clr1}no no, I'm excited! I really want to do this.{clr1}(exit "sc2,11,11")
  - {clr1}I just wanted to say thanks, okay? you really, uh...{clr1}
    {clr3}hey, you did this yourself! you worked hard to get here.{clr3}(exit "sc3,11,11")
  - {clr1}okay but like,{clr1}
    
    {clr1}wait look up there, that's Lotte again!{clr1}

    {clr1}look how fast those swordfish are!{clr1}
    {clr3}you really look up to her, huh?{clr3}
    
    {clr1}I guess...{clr1}(exit "mo1,11,11")
  - {clr3}well hey, you'll be up there soon! finally!{clr3}
    {clr3}you think you'll meet Lotte much at the academy?{clr3}
    {clr1}nah, she's starting her third year.{clr1}
{clr1}I've heard it's a lot...{clr1}(exit "mo2,11,11")
  - {clr3}oh, alright. guess you'll get new friends anyway.{clr3}
    {clr1}guess so. and I could write to you, maybe?{clr1}(exit "mo3,11,11")
  - {clr3}Yeah!!
    I mean, I guess.{clr3}
    {clr3}I'll be busy too but yeah.{clr3}(exit "mo4,11,11")
  - {clr3}hey that thing is really long. what is that?{clr3}
    {clr1}oh dude that's a moray! It's cool, right?{clr1}
    {clr1}I saw one when we visited the academy, could be the same one.{clr1}(exit "bw1,11,11")
  - {clr1}the fleet only has two in this system, they're hard to tame.{clr1}
    {clr1}I heard they're a sign of luck, since they're so rare.{clr1}(exit "bw2,11,11")
  - {clr3}hey viv, I uh.{clr3}(exit "bw3,11,11")

  - {clr3}I just,{clr3}
    
    {clr1}yeah, I know.
    I'm gonna miss you too.{clr1}(exit "bw4,11,11")
  - {clr3}you'll write, yeah?{clr3}
    
    {clr1}for sure. but you have to write back though{clr1}(exit "bw5,11,11")
  - {clr3}I promise{clr3}(exit "e1,11,11"){done = 1}
  - (exit "e2,11,11")

  - {clr3}hey, it's getting pretty late{clr3}
    
    {clr1}yeah...{clr1}(exit "e3,11,11")
  - (exit "e4,11,11")
  - {clr3}let's stay a bit longer though{clr3}(exit "s1,11,11")
  - (exit "s2,11,11")
  - (exit "s3,11,11")
  - (exit "s4,11,11")
  - (exit "s5,11,11")
  - (exit "s6,11,11")
  - (exit "s7,11,11")
  - 
}
"""

DLG SPR_1
"""
{
  - left < 6 ?
    {left = left + 1}(exit "wb,11,11")
  - else ?
    (exit "wa,11,11")
}
"""

DLG SPR_2
"""
{
  - left > 0 ?
    {left = left - 1}(exit "wb,11,11")
  - else ?
    (exit "h4,11,11")
}
"""

DLG SPR_3
"""
{
  - left > 0 ?
    {left = left - 1}(exit "wc,11,11")
  - else ?
    (exit "h4,11,11")
}
"""

DLG ITM_1
(imageNow "SPR, A, i")

DLG ITM_2
(imageNow "SPR, A, j")

DLG ITM_3
gorpygorp

DLG SPR_0
"""
{
  - left < 6 ?
    {left = left + 1}(exit "wc,11,11")
  - else ?
    (exit "wa,11,11")
}
"""

DLG ITM_4
this memory belongs to the private archives of admiral Vivre Ketea, and is displayed with special permission

END 0
oh, you're leaving?{br}{br}good night...

END 1
goodnight nessie{br}{br}see you tomorrow?

END 2


VAR left
0

VAR done
0


