
SOMETHING THAT A CAT ONCE TOLD ME ABOUT MIDNIGHT

# BITSY VERSION 4.5

! ROOM_FORMAT 1

PAL 0
NAME title
1,4,46
170,170,170
1,4,46

PAL 1
NAME out
45,55,87
192,217,208
0,0,0

PAL 2
NAME moon
232,232,232
57,57,107
0,0,0

ROOM 0
0,0,0,0,0,0,0,0,0,0,0,0,0,0,0,0
0,0,0,0,0,0,0,0,0,0,0,0,0,0,0,0
0,0,0,0,0,0,0,0,0,0,0,28,2d,2c,0,0
0,0,0,0,0,0,0,0,0,0,0,29,2a,2b,0,0
0,0,n,m,0,0,0,q,r,0,0,0,0,0,0,0
0,0,o,l,t,v,u,p,s,1g,1f,1e,1d,1c,0,0
0,0,w,e,0,21,0,e,14,1h,0,0,0,0,1b,0
0,x,c,b,g,0,h,b,d,1i,0,0,0,0,1j,0
0,0,y,f,0,i,0,f,15,0,0,0,0,0,1k,0
0,0,z,10,11,j,18,17,16,0,0,0,0,0,1l,0
0,0,0,20,12,13,19,22,23,24,25,26,27,0,1t,0
0,0,0,1m,1n,1o,1p,1q,1z,1y,1x,1w,1v,1u,0,0
0,a,0,0,0,0,0,0,0,0,0,0,0,0,0,0
a,0,a,0,0,0,0,0,0,0,0,0,0,0,0,0
0,0,0,a,0,0,0,0,0,0,0,0,0,0,0,0
a,0,a,0,0,0,0,0,0,0,0,0,0,0,0,0
NAME start1
EXT 2,14 2 1,14
EXT 1,13 2 1,14
EXT 1,15 2 1,14
EXT 0,14 2 1,14
PAL 0

ROOM 2
0,0,0,0,0,0,0,0,0,0,0,0,0,0,0,0
0,0,0,0,0,0,0,0,0,0,0,0,0,0,0,0
0,0,0,0,0,0,0,0,0,0,0,28,2d,2c,0,0
0,0,0,0,0,0,0,0,0,0,0,29,2a,2b,0,0
0,0,n,m,0,0,0,q,r,0,0,0,0,0,0,0
0,0,o,l,t,v,u,p,s,1g,1f,1e,1d,1c,0,0
0,0,w,e,0,21,0,e,14,1h,0,0,0,0,1b,0
0,x,c,2i,g,0,h,2i,d,1i,0,0,0,0,1j,0
0,0,y,f,0,i,0,f,15,0,0,0,0,0,1k,0
0,0,z,10,11,j,18,17,16,0,0,0,0,0,1l,0
0,0,0,20,12,13,19,22,23,24,25,26,27,0,1t,0
0,0,0,1m,1n,1o,1p,1q,1z,1y,1x,1w,1v,1u,0,0
0,a,0,0,0,0,0,0,0,0,0,0,0,0,0,0
a,0,a,0,0,0,0,0,0,0,0,0,0,0,0,0
0,0,0,a,0,0,0,0,0,0,0,0,0,0,0,0
a,0,a,0,0,0,0,0,0,0,0,0,0,0,0,0
NAME start2
EXT 2,14 3 2,8
EXT 1,15 3 2,8
EXT 0,14 3 2,8
EXT 1,13 3 2,8
PAL 0

ROOM 3
0,0,0,0,0,0,0,0,0,0,2o,0,0,0,0,0
0,0,2o,0,0,0,0,2j,0,0,0,0,2k,2l,0,0
0,0,2h,0,0,2o,0,0,0,0,0,0,2m,2n,0,0
0,0,0,0,0,0,0,0,0,0,0,0,0,0,0,0
2o,0,0,0,0,0,0,0,0,2o,0,0,0,0,0,2o
0,0,0,0,0,2h,0,0,0,0,0,0,0,0,0,0
0,0,0,0,0,0,0,0,0,0,0,0,0,0,0,0
0,a,a,a,a,a,a,a,a,0,0,0,0,2j,0,0
0,a,0,0,0,0,0,0,0,a,a,a,0,0,0,0
0,a,a,a,a,a,a,a,0,0,0,0,a,a,a,a
0,0,0,0,0,0,0,0,a,a,a,0,0,0,0,0
0,0,0,0,0,0,0,0,0,0,0,a,a,a,a,a
0,0,0,0,0,0,0,0,0,0,0,0,0,0,0,0
0,0,0,0,0,0,0,0,0,0,0,0,0,0,0,0
0,0,0,0,0,0,0,0,0,0,0,0,0,0,0,0
0,0,0,0,0,0,0,0,0,0,0,0,0,0,0,0
NAME out1
ITM 1 0,7
ITM 1 1,7
ITM 1 6,10
ITM 1 6,11
ITM 1 6,12
ITM 1 6,13
ITM 1 6,14
ITM 1 6,15
ITM 1 0,11
ITM 1 0,12
ITM 1 0,13
ITM 1 0,14
ITM 1 0,15
ITM 1 2,15
ITM 1 4,15
ITM 1 5,14
ITM 1 4,14
ITM 1 3,14
ITM 1 2,14
ITM 1 2,12
ITM 1 2,13
ITM 1 2,11
ITM 1 1,10
ITM 1 2,10
ITM 1 3,10
ITM 1 4,11
ITM 1 3,12
ITM 1 4,13
ITM 1 5,12
ITM 1 5,10
ITM 1 4,10
ITM 1 11,12
ITM 1 11,13
ITM 1 11,14
ITM 1 11,15
ITM 1 14,12
ITM 1 14,13
ITM 1 14,14
ITM 1 15,13
ITM 1 15,15
ITM 1 14,15
ITM 1 13,15
ITM 1 12,15
ITM 2 1,8
ITM 2 1,11
ITM 2 1,13
ITM 2 1,15
ITM 2 3,15
ITM 2 5,15
ITM 2 5,13
ITM 2 5,11
ITM 2 3,13
ITM 2 3,11
ITM 1 1,12
ITM 3 0,9
ITM 3 1,9
ITM 3 2,9
ITM 3 3,9
ITM 3 4,9
ITM 3 5,9
ITM 3 6,9
ITM 4 7,9
ITM 3 0,6
ITM 3 1,6
ITM 2 0,8
ITM 4 2,6
ITM 5 1,5
ITM 6 1,4
ITM 7 11,11
ITM 7 12,11
ITM 7 13,11
ITM 7 14,11
ITM 7 15,11
ITM 8 10,11
ITM 9 12,12
ITM 9 13,12
ITM 9 12,14
ITM 9 13,14
ITM 9 15,14
ITM 9 15,12
ITM 1 12,13
ITM a 7,15
ITM a 8,15
ITM a 9,15
ITM a 10,15
ITM 1 0,10
ITM b 4,12
ITM b 1,14
ITM b 13,13
ITM s 6,8
ITM s 13,10
ITM s 9,9
EXT 8,8 3 8,9
EXT 11,9 3 11,10
EXT 15,10 4 0,10
PAL 1

ROOM 4
0,0,0,0,0,0,0,0,0,0,2o,0,0,0,0,0
0,0,2o,0,0,0,0,2j,0,0,0,0,2k,2l,0,0
0,0,2h,0,0,2o,0,0,0,0,0,0,2m,2n,0,0
0,0,0,0,0,0,0,0,0,0,0,0,0,0,0,0
2o,0,0,0,0,0,0,0,0,2o,0,0,0,0,0,2o
0,0,0,0,0,2h,0,0,0,0,0,0,0,0,0,0
0,0,0,0,0,0,0,0,0,0,0,0,0,0,0,0
0,a,a,a,a,a,a,a,a,0,0,0,0,2j,0,0
0,2j,0,0,0,0,0,0,0,a,a,a,0,0,0,0
a,a,a,a,a,a,a,a,0,0,0,0,a,a,a,a
0,0,0,0,0,0,0,a,a,a,a,0,0,0,0,0
0,0,0,0,0,0,a,a,a,a,a,a,2h,a,a,a
0,0,0,0,0,0,0,0,0,0,0,0,0,0,0,0
0,0,0,0,0,0,a,a,a,a,a,a,a,a,a,a
0,0,0,0,0,0,0,0,0,0,0,0,0,0,0,0
0,0,0,0,0,0,0,0,0,0,0,0,0,0,0,0
NAME fence
ITM 7 1,11
ITM 7 0,11
ITM 7 2,11
ITM 7 3,11
ITM 7 4,11
ITM 7 5,11
ITM c 6,11
ITM 9 4,12
ITM 9 4,14
ITM 9 3,14
ITM 9 3,12
ITM 9 1,12
ITM 9 0,12
ITM 9 1,14
ITM 9 0,14
ITM b 1,15
ITM 1 5,12
ITM 1 5,13
ITM 1 5,14
ITM 1 5,15
ITM 1 4,15
ITM 1 3,15
ITM 1 2,15
ITM 1 2,14
ITM 1 2,13
ITM 1 0,13
ITM 1 1,13
ITM 1 0,15
ITM 1 2,12
ITM 1 3,13
ITM 1 4,13
ITM d 6,13
ITM d 7,13
ITM d 8,13
ITM d 9,13
ITM d 10,13
ITM d 11,13
ITM d 12,13
ITM d 13,13
ITM d 14,13
ITM d 15,13
ITM e 6,14
ITM e 6,15
ITM e 7,14
ITM e 7,15
ITM e 8,14
ITM e 8,15
ITM e 9,14
ITM e 9,15
ITM e 10,14
ITM e 10,15
ITM e 11,14
ITM e 11,15
ITM e 12,14
ITM e 12,15
ITM e 13,14
ITM e 13,15
ITM e 14,14
ITM e 14,15
ITM e 15,14
ITM e 15,15
ITM s 10,12
ITM s 3,10
EXT 6,10 4 6,12
EXT 15,12 5 0,12
PAL 1

ROOM 5
0,0,0,0,0,0,0,0,0,0,2o,a,0,0,0,0
0,0,2o,0,0,0,0,2j,0,a,0,0,2k,2l,0,0
0,0,2h,0,0,2o,0,0,0,0,a,0,2m,2n,0,0
0,0,0,0,0,0,0,0,0,0,0,a,0,0,0,0
2o,0,0,0,0,0,0,0,0,0,0,a,0,0,0,2o
0,0,0,0,0,2h,0,0,0,0,a,0,0,0,0,0
0,0,0,0,0,0,0,0,0,0,0,0,0,0,0,0
0,0,0,0,0,0,0,a,0,0,0,0,0,2j,0,0
0,2j,0,0,0,0,0,0,a,a,0,0,0,0,0,0
0,0,0,0,0,0,0,0,0,0,0,0,0,0,0,0
0,0,0,0,0,0,0,0,0,0,0,a,0,0,0,0
a,a,a,a,a,a,a,a,a,0,a,a,2h,0,0,0
0,0,0,0,0,0,0,0,0,0,a,0,0,0,2o,0
a,a,a,a,a,a,a,a,a,a,a,0,0,0,0,0
0,0,0,0,0,0,0,0,0,0,0,0,0,0,0,0
0,0,0,0,0,0,0,0,0,0,0,0,0,0,0,0
NAME pole
ITM d 0,13
ITM d 1,13
ITM d 2,13
ITM d 3,13
ITM d 4,13
ITM d 5,13
ITM d 6,13
ITM d 7,13
ITM d 8,13
ITM d 10,13
ITM e 0,14
ITM e 1,14
ITM e 2,14
ITM e 3,14
ITM e 4,14
ITM e 5,14
ITM e 6,14
ITM e 7,14
ITM e 8,14
ITM e 10,14
ITM e 10,15
ITM e 8,15
ITM e 7,15
ITM e 6,15
ITM e 5,15
ITM e 3,15
ITM e 2,15
ITM e 1,15
ITM e 0,15
ITM f 4,15
ITM g 9,1
ITM g 9,4
ITM g 9,6
ITM g 9,7
ITM g 9,9
ITM g 9,10
ITM g 9,12
ITM h 9,13
ITM h 9,14
ITM h 9,15
ITM h 9,2
ITM g 9,3
ITM i 10,2
ITM j 11,2
ITM k 11,3
ITM l 12,3
ITM m 13,3
ITM n 14,3
ITM o 15,3
ITM p 10,11
ITM q 9,11
ITM q 9,8
ITM q 9,5
ITM p 10,5
ITM r 8,8
ITM 1 15,15
ITM 1 11,15
ITM 1 12,15
ITM 1 13,15
ITM b 14,15
ITM s 7,12
ITM s 3,12
EXT 9,12 5 10,10
EXT 9,10 5 8,7
EXT 10,9 5 8,7
EXT 9,7 5 10,4
EXT 8,6 5 10,4
EXT 9,4 5 10,1
EXT 10,3 5 10,1
EXT 11,1 5 11,2
EXT 12,2 6 3,2
PAL 1

ROOM 6
0,0,0,0,0,0,0,0,0,0,0,0,0,0,0,0
0,2k,2l,a,a,a,a,a,a,a,a,a,a,a,a,a
0,2m,2n,0,0,0,2s,0,0,0,2t,0,0,2u,0,0
0,2q,2p,2p,2p,2p,2p,2p,2p,2p,2p,2p,2p,2p,2p,2p
0,38,37,37,37,37,37,37,37,37,37,37,37,37,37,37
0,0,0,0,0,0,0,0,0,0,0,0,0,0,0,0
34,34,34,34,34,34,34,34,35,36,2y,2w,2x,36,36,36
0,2u,2s,0,0,0,0,0,0,0,2z,2v,30,0,0,0
0,2t,2u,0,0,0,0,0,0,0,0,31,0,0,0,0
a,a,a,a,a,a,a,a,a,a,a,3w,a,a,a,a
0,0,0,0,0,0,0,0,0,0,0,3v,0,0,0,0
2p,2p,2p,2p,2p,2p,2p,2p,2p,2p,2p,2p,2p,2p,2p,2r
37,37,37,37,37,37,37,37,37,37,37,37,37,37,37,37
36,36,36,36,36,36,36,36,36,36,36,36,36,36,36,36
34,34,34,34,34,34,34,34,34,34,34,34,34,34,34,34
0,0,2s,0,0,0,2u,0,0,0,2t,0,0,0,2s,0
NAME moon
ITM s 8,2
EXT 15,2 6 0,10
EXT 8,10 c 8,10
EXT 2,2 5 11,2
PAL 2

ROOM 7
0,0,0,0,0,0,0,0,0,3f,3g,0,0,0,0,0
0,0,0,0,0,0,0,0,0,3f,3g,0,0,0,0,0
0,0,a,a,0,0,0,0,0,3f,3g,0,0,0,0,0
0,a,0,0,a,0,0,0,0,3f,3g,0,0,0,0,0
0,0,a,a,0,0,0,0,0,3f,3g,0,0,0,0,0
0,0,0,0,0,0,0,0,0,3f,3g,0,0,0,0,0
0,0,0,0,0,0,0,0,0,3f,3g,0,0,0,0,0
0,0,0,0,0,0,0,3r,3j,3j,3j,3j,3k,0,0,0
0,0,0,0,0,0,0,3s,39,39,39,39,3m,0,0,0
3d,3d,3a,0,0,0,0,3q,39,39,39,39,3l,0,0,0
0,0,3c,0,0,0,0,3q,39,39,39,39,3l,0,0,0
3e,3e,3b,0,0,0,0,3q,39,39,39,39,3l,0,0,0
0,0,0,0,0,0,0,3p,3o,3o,3o,3o,3n,0,0,0
0,0,0,0,0,0,0,0,0,3h,3i,0,0,0,0,0
0,0,0,0,0,0,0,0,0,0,0,0,0,0,0,0
0,0,0,0,0,0,0,0,0,0,0,0,0,0,0,0
NAME clock1
EXT 3,3 8 3,3
PAL 0

ROOM 8
0,0,0,0,0,0,0,0,0,3f,3g,0,0,0,0,0
0,0,0,0,0,0,0,0,0,3f,3g,0,0,0,0,0
0,0,a,a,a,0,0,0,0,3f,3g,0,0,0,0,0
0,a,0,0,0,a,0,0,0,3f,3g,0,0,0,0,0
0,0,a,a,a,0,0,0,0,3f,3g,0,0,0,0,0
0,0,0,0,0,0,0,0,0,3f,3g,0,0,0,0,0
0,0,0,0,0,0,0,0,0,3f,3g,0,0,0,0,0
0,0,0,0,0,0,0,3r,3j,3j,3j,3j,3k,0,0,0
0,0,0,0,0,0,0,3s,39,39,39,39,3m,0,0,0
3d,3d,3d,3a,0,0,0,3q,39,39,39,39,3l,0,0,0
0,0,0,3c,0,0,0,3q,39,39,39,39,3l,0,0,0
3e,3e,3e,3b,0,0,0,3q,39,39,39,39,3l,0,0,0
0,0,0,0,0,0,0,3p,3o,3o,3o,3o,3n,0,0,0
0,0,0,0,0,0,0,0,0,3h,3i,0,0,0,0,0
0,0,0,0,0,0,0,0,0,0,0,0,0,0,0,0
0,0,0,0,0,0,0,0,0,0,0,0,0,0,0,0
NAME clock2
EXT 2,3 7 2,3
EXT 4,3 9 4,3
PAL 0

ROOM 9
0,0,0,0,0,0,0,0,0,3f,3g,0,0,0,0,0
0,0,0,0,0,0,0,0,0,3f,3g,0,0,0,0,0
0,0,0,a,a,a,0,0,0,3f,3g,0,0,0,0,0
0,0,a,0,0,0,a,0,0,3f,3g,0,0,0,0,0
0,0,0,a,a,a,0,0,0,3f,3g,0,0,0,0,0
0,0,0,0,0,0,0,0,0,3f,3g,0,0,0,0,0
0,0,0,0,0,0,0,0,0,3f,3g,0,0,0,0,0
0,0,0,0,0,0,0,3r,3j,3j,3j,3j,3k,0,0,0
0,0,0,0,0,0,0,3s,39,39,39,39,3m,0,0,0
3d,3d,3d,3d,3a,0,0,3q,39,39,39,39,3l,0,0,0
0,0,0,0,3c,0,0,3q,39,39,39,39,3l,0,0,0
3e,3e,3e,3e,3b,0,0,3q,39,39,39,39,3l,0,0,0
0,0,0,0,0,0,0,3p,3o,3o,3o,3o,3n,0,0,0
0,0,0,0,0,0,0,0,0,3h,3i,0,0,0,0,0
0,0,0,0,0,0,0,0,0,0,0,0,0,0,0,0
0,0,0,0,0,0,0,0,0,0,0,0,0,0,0,0
NAME clock3
EXT 5,3 a 5,14
EXT 3,3 8 3,3
PAL 0

ROOM a
0,0,0,0,0,0,0,0,0,3f,3g,0,0,0,0,0
0,0,0,0,0,0,0,0,0,3f,3g,0,0,0,0,0
0,0,0,0,a,a,a,a,0,3f,3g,0,0,0,0,0
0,0,0,a,0,0,0,0,a,3f,3g,0,0,0,0,0
0,0,0,0,a,a,a,a,0,3f,3g,0,0,0,0,0
0,0,0,0,0,0,0,0,0,3f,3g,0,0,0,0,0
0,0,0,0,0,0,0,0,0,3f,3g,0,0,0,0,0
0,0,0,0,0,0,0,3r,3j,3j,3j,3j,3k,0,0,0
0,0,0,0,0,0,0,3s,39,39,39,39,3m,0,0,0
3d,3d,3d,3d,3d,3a,0,3q,39,39,39,39,3l,0,0,0
0,0,0,0,0,3c,0,3q,39,39,39,39,3l,0,0,0
3e,3e,3e,3e,3e,3b,0,3q,39,39,39,39,3l,0,0,0
0,0,0,0,0,0,0,3p,3o,3o,3o,3o,3n,0,0,0
0,0,0,0,a,a,a,a,0,3h,3i,0,0,0,0,0
0,0,0,a,0,0,0,0,a,0,0,0,0,0,0,0
0,0,0,0,a,a,a,a,0,0,0,0,0,0,0,0
NAME clock4
ITM s 6,14
EXT 7,14 b 13,3
EXT 4,14 9 4,3
PAL 0

ROOM b
0,0,0,0,0,0,0,0,0,3f,3g,0,0,0,0,0
0,0,0,0,0,0,0,0,0,3f,3g,0,0,0,0,0
0,0,0,0,0,0,0,0,0,3f,3g,0,a,a,a,0
0,0,0,0,0,0,0,0,0,3f,3g,a,0,0,0,a
0,0,0,0,0,0,0,0,0,3f,3g,0,a,a,a,0
0,0,0,0,0,0,0,0,0,3f,3g,0,0,0,0,0
0,0,0,0,0,0,0,0,0,3f,3g,0,0,0,0,0
0,0,0,0,0,0,0,3r,3j,3j,3j,3j,3k,0,0,0
0,0,0,0,0,0,0,3s,39,39,39,39,3m,0,0,0
3d,3d,3d,3d,3d,3d,3a,3q,39,39,39,39,3l,0,0,0
0,0,0,0,0,0,3c,3q,39,39,39,39,3l,0,0,0
3e,3e,3e,3e,3e,3e,3b,3q,39,39,39,39,3l,0,0,0
0,0,0,0,0,0,0,3p,3o,3o,3o,3o,3n,0,0,0
0,0,0,0,0,0,0,0,0,3h,3i,0,0,0,0,0
0,0,0,0,0,0,0,0,0,0,0,0,0,0,0,0
0,0,0,0,0,0,0,0,0,0,0,0,0,0,0,0
NAME clock5
EXT 14,3 d 10,10
EXT 12,3 a 5,14
PAL 0

ROOM c
0,0,0,0,0,0,0,0,0,0,0,0,0,0,0,0
0,2k,2l,a,a,a,a,a,a,a,a,a,a,a,a,a
0,2m,2n,0,0,0,3y,0,0,0,3z,0,0,40,0,0
0,2q,2p,2p,2p,2p,2p,2p,2p,2p,2p,2p,2p,2p,2p,2p
0,38,37,37,37,37,37,37,37,37,37,37,37,37,37,37
0,0,0,0,0,0,0,0,0,0,0,0,0,0,0,0
41,41,41,41,41,41,41,41,42,43,2y,3x,2x,43,43,43
0,40,3y,0,0,0,0,0,0,0,2z,2v,30,0,0,0
0,3z,40,0,0,0,0,0,0,0,0,31,0,0,0,0
a,a,a,a,a,a,a,a,a,a,a,32,a,a,a,a
0,0,0,0,0,0,0,0,0,0,0,33,0,0,0,0
2p,2p,2p,2p,2p,2p,2p,2p,2p,2p,2p,2p,2p,2p,2p,2r
37,37,37,37,37,37,37,37,37,37,37,37,37,37,37,37
43,43,43,43,43,43,43,43,43,43,43,43,43,43,43,43
41,41,41,41,41,41,41,41,41,41,41,41,41,41,41,41
0,0,3y,0,0,0,40,0,0,0,3z,0,0,0,3y,0
NAME moon_stop
ITM s 9,10
EXT 15,2 6 0,10
EXT 11,10 7 2,3
PAL 2

ROOM d
0,0,0,0,0,0,0,0,0,0,0,0,0,0,0,0
0,2k,2l,a,a,a,a,a,a,a,a,a,a,a,a,a
0,2m,2n,0,0,0,2s,0,0,0,2t,0,0,2u,0,0
0,2q,2p,2p,2p,2p,2p,2p,2p,2p,2p,2p,2p,2p,2p,2p
0,38,37,37,37,37,37,37,37,37,37,37,37,37,37,37
0,0,0,0,0,0,0,0,0,0,0,0,0,0,0,0
34,34,34,34,34,34,34,34,35,36,2y,44,2x,36,36,36
0,2u,2s,0,0,0,0,0,0,0,2z,2v,30,0,0,0
0,2t,2u,0,0,0,0,0,0,0,0,31,0,0,0,0
a,a,a,a,a,a,a,a,a,a,a,3w,a,a,a,a
0,0,0,0,0,0,0,0,0,0,0,3v,0,0,0,0
2p,2p,2p,2p,2p,2p,2p,2p,2p,2p,2p,2p,2p,2p,2p,2r
37,37,37,37,37,37,37,37,37,37,37,37,37,37,37,37
36,36,36,36,36,36,36,36,36,36,36,36,36,36,36,36
34,34,34,34,34,34,34,34,34,34,34,34,34,34,34,34
0,0,2s,0,0,0,2u,0,0,0,2t,0,0,0,2s,0
NAME moon_go
ITM s 9,10
EXT 15,2 6 0,10
EXT 8,10 e 1,1
EXT 11,10 d 10,10
PAL 2

ROOM e
a,0,a,0,0,0,0,0,0,0,0,0,0,0,0,0
0,0,0,a,0,0,0,0,0,0,0,0,0,0,0,0
a,0,a,0,0,0,0,0,0,0,0,4i,4j,4k,0,0
0,a,0,0,0,0,0,0,0,0,0,4k,4l,4m,0,0
0,0,4g,4f,0,4h,0,4c,4d,0,0,0,0,0,0,0
0,0,o,4e,t,v,u,4b,s,1g,1f,1e,1d,1c,0,0
0,0,w,0,0,21,0,0,14,1h,0,0,0,0,1b,0
0,x,45,49,47,0,48,49,46,1i,0,0,0,0,1j,0
0,0,y,f,0,i,0,f,15,0,0,0,0,0,1k,0
0,0,z,10,11,4a,18,17,16,0,0,0,0,0,1l,0
0,0,0,20,12,13,19,22,23,24,25,26,27,0,1t,0
0,0,0,1m,1n,1o,1p,1q,1z,1y,1x,1w,1v,1u,0,0
0,a,0,0,0,0,0,0,0,0,0,0,0,0,0,0
a,0,a,0,0,0,0,0,0,0,0,0,0,0,0,0
0,0,0,a,0,0,0,0,0,0,0,0,0,0,0,0
a,0,a,0,0,0,0,0,0,0,0,0,0,0,0,0
NAME end
ITM s 1,0
ITM s 0,1
ITM s 2,1
ITM s 1,2
PAL 0

TIL 10
00000000
00000000
00000000
11100000
00011100
00000011
00000000
00000000

TIL 11
00000000
00000010
00000010
00000001
00000000
10000000
01110000
00101100

TIL 12
00100011
00100000
01000000
01000000
01111000
11000111
00000000
00000000

TIL 13
10000001
01111110
00000000
00000000
00000000
10000000
01111000
00000111

TIL 14
00001000
00000100
00000011
00000100
00000010
00000010
00000001
00000001

TIL 15
00000001
00000001
00000010
00000010
00000010
00000100
00000100
00001000

TIL 16
00010000
00100000
11000000
00000000
00000000
00000000
00000000
00000000

TIL 17
00000000
00000000
00000000
00000111
00111000
11000000
00000000
00000000

TIL 18
00000000
01000000
01000000
10000000
00000000
00000001
00001110
00110000

TIL 19
11000000
00000000
00000000
00000000
00000000
00000000
00001111
11110000

TIL 20
00000000
00000000
00000000
00000000
00000000
00000001
00000110
00001000

TIL 21
00000000
00100100
00000000
00000000
00000000
00000000
00000000
00000000

TIL 22
00000000
00000000
00000000
00000000
00001111
11110000
00000000
00000000

TIL 23
00010000
00000000
00100000
11111111
00000000
00000000
00000000
00000000

TIL 24
00000000
00000000
00000000
00000000
11110000
00001111
00000000
00000000

TIL 25
00000000
10000000
00000000
01000000
00010000
00000000
11011011
00000000

TIL 26
00000000
00000000
00000000
00000000
00000000
00001010
01100000
00000000

TIL 27
00000000
00000000
00000000
00000000
00000000
10000000
00000000
00000000

TIL 28
11111111
10000000
10000000
10000000
10000000
10000000
10000000
10000000

TIL 29
10000000
10000000
10000000
10000000
10000000
11111111
00000000
11111111

TIL 30
00010001
00010000
00100000
00100000
01000000
11000000
00000000
00000000

TIL 31
00000000
00000000
00111100
01100110
11100111
11100111
11100111
11100111

TIL 32
11100111
11100111
11100111
11100111
11100111
11100111
11100111
11100111

TIL 33
11100111
11100111
11000011
11000011
11000011
11100111
11111111
01111110
WAL false

TIL 34
00000000
00000000
10101010
00000000
00000000
00000000
00000000
00000000
>
00000000
00000000
01010101
00000000
00000000
00000000
00000000
00000000

TIL 35
00000000
00000000
10101000
00000000
00001000
00000000
00001000
00000101
>
00000000
00000000
01010000
00001000
00000000
00001000
00000000
00001010

TIL 36
00000000
00000000
00000000
00000000
00000000
00000000
00000000
01010101
>
00000000
00000000
00000000
00000000
00000000
00000000
00000000
10101010

TIL 37
01010101
10101010
01010101
10101010
00000000
00000000
00000000
00000000

TIL 38
00000101
00000010
00000001
00000000
00000000
00000000
00000000
00000000

TIL 39
11111111
11111111
11111111
11111111
11111111
11111111
11111111
11111111

TIL 40
00000000
01010000
00000000
01010100
00000000
01010100
00000000
00000000

TIL 41
00000000
00000000
10101010
00000000
00000000
00000000
00000000
00000000

TIL 42
00000000
00000000
10101000
00000000
00001000
00000000
00001000
00000101

TIL 43
00000000
00000000
00000000
00000000
00000000
00000000
00000000
01010101

TIL 44
00111100
11000011
00010000
00011000
00011000
00010000
00010000
00011000

TIL 45
10000000
00000000
00000000
00000000
00000000
00000010
10000001
10000000

TIL 46
00000001
00000000
00000000
00000000
00000000
01000000
10000001
00000001

TIL 47
00000000
00000000
00000000
00000000
00000000
00100000
01000000
10000000

TIL 48
00000000
00000000
00000000
00000000
00000000
00000100
00000010
00000001

TIL 49
00000000
00000000
00000000
00000000
00000000
00000000
00000000
10000001

TIL a
00000000
00000000
00000000
00000000
00000000
00000000
00000000
00000000
WAL true

TIL b
11100111
11001011
11000011
11000011
11000011
11000011
11000011
11100111

TIL c
10000001
00000011
00000011
00000011
00000011
00000011
10000001
10000001

TIL d
10000001
11000000
11000000
11000000
11000000
11000000
10000001
10000001

TIL e
00000000
00000000
00000000
00000000
00000000
00000000
00000000
01111110

TIL f
01111110
00000000
00000000
00000000
00000000
00000000
00000000
00000000

TIL g
10000000
11000000
11000000
11100000
11100000
11100000
11000000
10000000

TIL h
00000001
00000011
00000011
00000111
00000111
00000111
00000011
00000001

TIL i
00000000
10000001
00000000
10000001
01111110
01011010
00111100
00011000

TIL j
00000000
00000000
00011000
00100100
11000011
00000000
00000000
00000000

TIL k
00000000
00000000
00000000
00000000
00000000
00000000
00000000
00000000

TIL l
10001000
10001000
01000100
01000100
00000011
01001100
10000000
00000000

TIL m
00000000
10000000
01000000
00100000
00100000
00010000
00010000
00001000

TIL n
00000011
00000100
00001000
00010000
00010000
00100000
00100001
00100001

TIL o
01000000
01000000
01000000
01000000
01000000
00100000
00100000
00010000

TIL p
00010001
00010001
00100010
00100010
11000000
00110010
00000001
00000000

TIL q
00000000
00000001
00000010
00000100
00000100
00001000
00001000
00010000

TIL r
11000000
00100000
00010000
00001000
00001000
00000100
10000100
10000100

TIL s
00000010
00000010
00000010
00000010
00000010
00000100
00000100
00001000

TIL t
00000000
00000000
00000000
00011111
11100000
00000000
00000000
00000000

TIL u
00000000
00000000
00000000
11111000
00000111
00000000
00000000
00000000

TIL v
00000000
00000000
00000000
11111111
10100101
00000000
00100100
00000000

TIL w
00010000
00100000
01000000
00100000
01000000
01000000
10000000
10000000

TIL x
00000000
00000001
00000001
00000001
00000001
00000001
00000000
00000000

TIL y
10000000
10000000
01000000
01000000
01000000
00100000
00100000
00010000

TIL z
00001000
00000100
00000011
00000000
00000000
00000000
00000000
00000000

TIL 1a
00000000
00000000
00000000
00000000
00000000
00000000
00000000
00000000

TIL 1b
10000000
01000000
00100000
00100000
00010000
00010000
00001000
00001000

TIL 1c
00000000
00000000
00000000
11000000
00110000
00001100
00000010
00000001

TIL 1d
00000000
11111000
00000111
00000000
00000000
00000000
00000000
00000000

TIL 1e
00000000
00000111
00111000
11000000
00000000
00000000
00000000
00000000

TIL 1f
00000000
00000000
00000000
00000001
00001110
00110000
11000000
00000000

TIL 1g
00000000
00000000
00000000
00000000
00000000
00000000
00000000
00000011

TIL 1h
00001100
00110000
11000000
00000000
00000000
00000000
00000000
00000000

TIL 1i
00000000
10000000
10000000
10000000
10000000
10000000
00000000
00000000

TIL 1j
00000100
00000100
00000100
00000010
00000010
00000010
00000010
00000010

TIL 1k
00000010
00000010
00000010
00000010
00000100
00000100
00000100
00000100

TIL 1l
00001000
00001000
00001000
00010000
00010000
00010000
00100000
00100000

TIL 1m
00010000
00100000
00100000
01000000
01000011
10001100
10110000
11000000

TIL 1n
00000000
00000000
00000000
11111000
00000111
00000000
00000000
00000000

TIL 1o
00000000
00000000
00000000
00000000
10000000
01111000
00000111
00000000

TIL 1p
00000000
00000000
00000000
00000000
00000000
00000000
10000011
01111100

TIL 1q
00000000
00000000
00000000
00000000
00000000
00001111
11110000
00000000

TIL 1r
00000000
00000000
00000000
00000000
00000000
11110000
00001111
00000000

TIL 1s
00000000
00000000
00000000
00000000
00000000
00000000
00001111
11110000

TIL 1t
00100000
01000000
01000000
01000000
10000000
10000000
10000000
10000000

TIL 1u
00000001
00000001
00000001
00000010
00000010
00000100
00011000
11100000

TIL 1v
00000000
00000000
00000000
00000000
00000000
00000000
11110000
00001111

TIL 1w
00000000
00000000
00000000
00000000
00000000
00000000
00001111
11110000

TIL 1x
00000000
00000000
00000000
00000000
00000000
00000000
00000000
11111111

TIL 1y
00000000
00000000
00000000
00000000
00000000
11110000
00001111
00000000

TIL 1z
00000000
00000000
00000000
00000000
11111111
00000000
00000000
00000000

TIL 2a
00000000
00000000
00000000
00000000
00000000
11111111
00000000
11111111

TIL 2b
00000001
00000001
00000001
00000001
00000001
11111111
00000000
11111111

TIL 2c
11111111
00000001
00000001
11000001
11100001
11100001
11100001
11000001

TIL 2d
11111111
00000000
00000000
00000001
00000011
00000011
00000011
00000001

TIL 2e
00000001
11111101
11111101
11111101
11111101
11111101
00000001
11111111

TIL 2f
11111111
00000001
11111101
11111101
11111101
11111101
00000001
11111101

TIL 2g
11111111
10000000
10111111
10111111
10111111
10111111
10000000
10111111

TIL 2h
00000000
00000000
00010000
00111000
00010000
00000000
00000000
00000000
>
00000000
00000000
00010000
00101000
00010000
00000000
00000000
00000000
WAL true

TIL 2i
11111001
11110010
11110000
11110000
11110000
11110000
11110000
11111001

TIL 2j
00000000
00000000
00010000
00101000
00010000
00000000
00000000
00000000
>
00000000
00000000
00010000
00111000
00010000
00000000
00000000
00000000
WAL true

TIL 2k
00000011
00001111
00111111
00111111
01111111
01111111
11111111
11111111

TIL 2l
11000000
11110000
11111100
11111100
11111110
11111110
11111111
11111111

TIL 2m
11111111
11111111
01111111
01111111
00111111
00111111
00001111
00000011

TIL 2n
11111111
11111111
11111110
11111110
11111100
11111100
11110000
11000000
WAL false

TIL 2o
00000000
00000000
00000000
00000000
00000000
00000100
00000000
00000000
WAL true

TIL 2p
00000000
11111111
10001000
01010101
00100010
11111111
11111111
10101010
WAL true

TIL 2q
00000000
00001111
00001000
00001101
00001010
00001111
00001111
00001010
WAL true

TIL 2r
00000000
11111000
10001100
01011010
00101101
11111010
11111101
10101010
WAL true

TIL 2s
00000000
01010100
00000000
01010100
00000000
01010100
00000000
00000000
>
00000000
01010100
00000000
01010000
00000000
01010100
00000000
00000000

TIL 2t
00000000
01010100
00000000
00010100
00000000
01010100
00000000
00000000
>
00000000
01000100
00000000
01010100
00000000
01010100
00000000
00000000

TIL 2u
00000000
01010000
00000000
01010100
00000000
01010100
00000000
00000000
>
00000000
00010100
00000000
01010100
00000000
01000100
00000000
00000000

TIL 2v
00000000
00000000
00000000
00000000
00000000
00000000
11000011
00111100

TIL 2w
00111100
11000011
00010000
00110000
00110000
00010000
00010000
00011000

TIL 2x
00000000
00000000
11000000
01000000
00100000
00100000
00010001
00010001

TIL 2y
00000000
00000000
00000011
00000010
00000100
00000100
10001000
10001000

TIL 2z
10001000
00001000
00000100
00000100
00000010
00000011
00000000
00000000

TIL 3a
11000000
00110000
00001000
00001000
00001000
00001000
00001000
00010000

TIL 3b
00001000
00000100
00000100
00000100
00000100
00000100
00011000
11100000

TIL 3c
00111100
00000010
00000001
00000001
00000001
00000001
00000010
00111100

TIL 3d
11111111
00000000
00000000
00000000
00000000
00000000
00000000
00000000

TIL 3e
00000000
00000000
00000000
00000000
00000000
00000000
00000000
11111111

TIL 3f
11110011
11110101
11110011
11110101
11110011
11110101
11110011
11110101

TIL 3g
11101111
11101111
11101111
11101111
11101111
11101111
11101111
11101111

TIL 3h
00000000
01010000
10100000
01010101
11111010
11111100
01111111
00111111

TIL 3i
00000101
00001010
00000101
01001111
10011111
00111111
11111110
11111100

TIL 3j
00000000
11111111
11111111
00000000
00000000
11111111
11111111
11111111

TIL 3k
00000000
10000000
11000000
11100000
01110000
00111000
10011100
11001110

TIL 3l
11110110
11110110
11110110
11110110
11110110
11110110
11110110
11110110

TIL 3m
11100110
11110110
11110110
11110110
11110110
11110110
11110110
11110110

TIL 3n
11101110
11011100
10111000
01110000
11100000
11000000
10000000
00000000

TIL 3o
11111111
11111111
11111111
11111111
00000000
11111111
11111111
00000000

TIL 3p
01110111
00111011
00011101
00001110
00000111
00000011
00000001
00000000

TIL 3q
01101111
01101111
01101111
01101111
01101111
01101111
01101111
01101111

TIL 3r
00000000
00000001
00000011
00000111
00001110
00011100
00111001
01110011

TIL 3s
01100111
01101111
01101111
01101111
01101111
01101111
01101111
01101111

TIL 3u
11111111
01111111
11111111
01111111
11111101
01111111
11110111
01111101

TIL 3v
11001111
11001111
10000111
10000111
10000111
11001111
11111111
01111110
>
11110011
11110011
11100001
11100001
11100001
11110011
11111111
01111110
WAL true

TIL 3w
11100111
11100111
11001111
11001111
11001111
11001111
11001111
11001111
>
11100111
11100111
11110011
11110011
11110011
11110011
11110011
11110011

TIL 3x
00111100
11000011
00010000
00010000
00010000
00010000
00010000
00011000

TIL 3y
00000000
01010100
00000000
01010100
00000000
01010100
00000000
00000000

TIL 3z
00000000
01010100
00000000
00010100
00000000
01010100
00000000
00000000

TIL 4a
00000000
00000000
00011000
00100100
11011011
00000000
00000000
00000000

TIL 4b
00000010
00000100
00001000
00010000
11100000
00010010
00000001
00000000

TIL 4c
00000000
00000000
00000000
00000000
00000000
00000000
00000000
00000001

TIL 4d
00000000
00000000
00000000
00000000
00000000
00011000
01100100
10000100

TIL 4e
01000000
00100000
00010000
00001000
00000111
01001000
10000000
00000000

TIL 4f
00000000
00000000
00000000
00000000
00000000
00000000
00000000
10000000

TIL 4g
00000000
00000000
00000000
00000000
00000000
00011000
00100110
00100001

TIL 4h
00000000
00000000
00000000
01111000
00010000
00100000
01111000
00000000
>
00011110
00000100
00001000
00011110
00000000
00000000
00000000
00000000

TIL 4i
11111110
00010000
00010000
00010000
00010000
00010000
00010000
00000000

TIL 4j
10000010
10000010
10000010
11111110
10000010
10000010
10000010
00000000

TIL 4k
11111110
10000000
10000000
11111000
10000000
10000000
11111110
00000000

TIL 4l
10000010
11000010
10100010
10010010
10001010
10000110
10000010
00000000

TIL 4m
11111000
10000100
10000010
10000010
10000010
10000100
11111000
00000000

SPR A
00000000
00000000
00000101
00000111
00111111
01111111
10111100
00100100
POS 0 1,14

SPR a
00000000
00000000
01010001
01110001
01110010
01111100
00111100
00100100
DLG SPR_0
POS 0 8,12

ITM 0
00000000
00000000
00000000
00111100
01100100
00100100
00011000
00000000
NAME tea
DLG ITM_0

ITM 1
11111111
11111111
11111111
11111111
11111111
11111111
11111111
11111111

ITM 2
11111111
11000011
11000011
11111111
11000011
11000011
11000011
11111111

ITM 3
11111111
00000000
10101010
11111111
11111111
11111111
11111111
11111111

ITM 4
11000000
01000000
11000000
10000000
00000000
00000000
00000000
00000000

ITM 5
00100000
00100000
00100000
00110000
00110000
00110000
11111100
11111100

ITM 6
00000000
00100000
00100000
00100000
00100000
00100000
00100000
00100000

ITM 7
11111111
00000000
00000000
11111111
11111111
11111111
11111111
11111111

ITM 8
00000011
00000010
00000010
00000011
00000000
00000000
00000000
00000000

ITM 9
11111111
11111111
00000001
00000001
00000001
00000001
00000001
11111111

ITM a
01000100
00000000
01010101
00000000
01010101
10101010
01010101
10101010

ITM b
11111111
11100111
11111111
11001001
11111111
11111111
11111111
11111111

ITM c
11000000
01000000
01000000
11000000
00000000
00000000
00000000
00000000

ITM d
00000000
01000100
11101110
11101110
11111111
11111111
11101110
11101110

ITM e
11101110
11101110
11101110
11101110
11111111
11111111
11101110
11101110

ITM f
11101110
11101100
11101000
11100000
11111111
11111111
11100000
11100010

ITM g
01111110
01111110
01111110
01111010
01111110
01111110
01111110
01111010

ITM h
01111110
01111110
01111110
01111010
11111111
11111111
01111110
01111010

ITM i
00000000
00000000
00000000
01100000
10010000
10011110
01100001
00000000

ITM j
00000000
00000000
00000000
00000000
00000000
00000000
11100000
00011110

ITM k
00000001
00000000
00000000
00000000
00000000
00000000
00000000
00000000

ITM l
11100000
00011111
00000000
00000000
00000000
00000000
00000000
00000000

ITM m
00000000
00000000
11111000
00000111
00000000
00000000
00000000
00000000

ITM n
00000000
00000000
00000000
11110000
00001111
00000000
00000000
00000000

ITM o
00000000
00000000
00000000
00000000
11111111
00000000
00000000
00000000

ITM p
11111000
10000000
00000000
00000000
00000000
00000000
00000000
00000000

ITM q
11111111
11111111
11111111
01111010
01111110
01111110
01111110
01111010

ITM r
00011111
00000001
00000000
00000000
00000000
00000000
00000000
00000000

ITM s
00000000
00000000
00000000
00000000
00000000
00000000
00000000
00000000
DLG ITM_1

DLG SPR_0
I'm a cat

DLG ITM_0
You found a nice warm cup of tea

DLG ITM_1
"""
{sequence
  - Long ago, when the {rbw}First Cat{rbw} created the world...
  - ...She hawked it up like a fur-ball.  
  - So beautiful! She placed it safely on a high shelf.
  - But, alas, the {rbw}First Cat{rbw} was still a cat...
  - ...and She could not resist a beautiful thing on a high shelf.
  - She nudged the world - it rolled and dropped to the floor.
  - {shk}|||||||||||||{wvy}CRACK{wvy}|||||||||||||{shk}
  - The fracture was tiny, just on the weak point between the days.
  - Which is why, at midnight, time just hitches and stops.
  - And a cat needs to be on hand (paw) to start it up again.
  - Which is why cats are sometimes sleepy during the day.
  - 
  - {wvy}************{wvy}THE END{wvy}************{wvy}
  - (Ursula, we miss you)
}
"""

VAR a
42


