Nothing: silent experience

# BITSY VERSION 3.5

! ROOM_FORMAT 1

PAL 0
0,0,0
255,255,255
255,255,255

ROOM 0
b,b,b,b,b,b,b,b,b,b,b,b,b,b,b,b
0,0,0,0,0,0,0,0,0,0,0,0,0,0,0,0
0,0,0,0,0,0,0,0,0,0,0,0,0,0,0,0
0,0,0,0,0,0,0,0,0,0,0,0,0,0,0,0
0,0,0,0,0,0,0,0,0,0,0,0,0,0,0,0
0,0,0,0,0,0,0,0,0,0,0,0,0,0,0,0
0,0,0,0,0,0,0,0,0,0,0,0,0,0,0,0
0,0,0,0,0,0,0,0,0,0,0,0,0,0,0,0
0,0,0,0,0,0,0,0,0,0,0,0,0,0,0,0
0,0,0,0,0,0,0,0,0,0,0,0,0,0,0,0
0,0,0,0,0,0,0,0,0,0,0,0,0,0,0,0
0,0,0,0,0,0,0,0,0,0,0,0,0,0,0,0
0,0,0,0,0,0,0,0,0,0,0,0,0,0,0,0
0,0,0,0,0,0,0,0,0,0,0,0,0,0,0,0
0,0,0,0,0,0,0,0,0,0,0,0,0,0,0,0
a,a,a,a,a,a,a,a,a,a,a,a,a,a,a,a
WAL a,b
EXT 2,1 1 2,1
PAL 0

ROOM 1
b,b,b,b,b,b,b,b,b,b,b,b,b,b,b,b
0,0,0,0,0,0,0,0,0,0,0,0,0,0,0,0
0,0,0,0,0,0,0,0,0,0,0,0,0,0,0,0
0,0,0,0,0,0,0,0,0,0,0,0,0,0,0,0
0,0,0,0,0,0,0,0,0,0,0,0,0,0,0,0
0,0,0,0,0,0,0,0,0,0,0,0,0,0,0,0
0,0,0,0,0,0,0,0,0,0,0,0,0,0,0,0
0,0,0,0,0,0,0,0,0,0,0,0,0,0,0,0
0,0,0,0,0,0,0,0,0,0,0,0,0,0,0,0
0,0,0,0,0,0,0,0,0,0,0,0,0,0,0,0
0,0,0,0,0,0,0,0,0,0,0,0,0,0,0,0
0,0,0,0,0,0,0,0,0,0,0,0,0,0,0,0
0,0,0,0,0,0,0,0,0,0,0,0,0,0,0,0
0,0,0,0,0,0,0,0,0,0,0,0,0,0,0,0
0,0,0,0,0,0,0,0,0,0,0,0,0,0,0,0
a,a,a,a,a,a,a,a,a,a,a,a,a,a,a,a
WAL a,b
EXT 11,14 2 12,14
PAL 0

ROOM 2
b,b,b,b,b,b,b,b,b,b,b,b,b,b,b,b
c,0,0,0,0,0,0,0,0,0,0,0,0,0,0,0
0,0,0,0,0,0,0,0,0,0,0,0,0,0,c,0
0,0,0,0,0,0,0,0,0,0,0,0,0,0,0,0
0,0,0,0,0,0,0,0,0,0,0,0,0,0,0,0
0,0,0,c,0,0,0,0,0,0,0,0,0,0,0,0
0,0,0,0,0,0,0,0,0,0,0,0,0,c,0,0
0,0,0,0,0,0,0,0,0,0,0,0,0,0,0,0
0,0,0,0,0,0,0,0,0,0,0,0,0,0,0,0
0,0,0,0,0,0,0,0,0,0,0,0,0,0,0,0
0,0,0,0,0,0,0,0,0,0,0,0,0,0,0,0
0,0,c,0,0,0,0,0,0,0,0,0,0,0,0,0
0,0,0,0,0,0,0,0,0,0,0,0,0,0,0,0
0,0,0,0,0,0,0,c,0,0,0,0,0,0,0,0
0,0,0,0,0,0,0,0,0,0,0,0,0,0,0,0
a,a,a,a,a,a,a,a,a,a,a,a,a,a,a,a
WAL a,b
EXT 7,6 4 7,6
PAL 0

ROOM 3
b,b,b,b,b,b,b,b,b,b,b,b,b,b,b,b
0,0,0,0,0,0,0,0,0,0,0,0,0,0,0,0
0,0,0,0,0,0,0,0,0,0,0,0,0,0,0,0
0,0,0,0,0,0,0,0,0,0,0,0,0,0,0,0
0,0,0,0,0,0,0,0,0,0,0,0,0,0,0,0
0,0,0,0,0,0,0,0,0,0,0,0,0,0,0,0
0,0,0,0,0,0,0,0,0,0,0,0,0,0,0,0
0,0,0,0,0,0,0,0,0,0,0,0,0,0,0,0
0,0,0,0,0,0,0,0,0,0,0,0,0,0,0,0
0,0,0,0,0,0,0,0,0,0,0,0,0,0,0,0
0,0,0,0,0,0,0,0,0,0,0,0,0,0,0,0
0,0,0,0,0,0,0,0,0,0,0,0,0,0,0,0
0,0,0,0,0,0,0,0,0,0,0,0,0,0,0,0
0,0,0,0,0,0,0,0,0,0,0,0,0,0,0,0
0,0,0,0,0,0,0,0,0,0,0,0,0,0,0,0
a,a,a,a,a,a,a,a,a,a,a,a,a,a,a,a
WAL a,b
PAL 0

ROOM 4
d,e,d,e,d,e,d,e,d,e,d,e,d,e,d,e
d,e,0,0,0,0,0,0,0,0,0,0,0,0,0,0
0,0,0,0,0,0,0,0,0,0,0,0,0,0,d,e
0,0,0,0,0,0,0,0,0,0,0,0,0,0,0,0
0,0,0,0,0,0,0,0,0,0,0,0,0,0,0,0
0,0,0,d,e,0,0,0,0,0,0,0,0,0,0,0
0,0,0,0,0,0,0,0,0,0,0,0,0,d,e,0
0,0,0,0,0,0,0,0,0,0,0,0,0,0,0,0
0,0,0,0,0,0,0,0,0,0,0,0,0,0,0,0
0,0,0,0,0,0,0,0,0,0,0,0,0,0,0,0
0,0,0,0,0,0,0,0,0,0,0,0,0,0,0,0
0,0,d,e,0,0,0,0,0,0,0,0,0,0,0,0
0,0,0,0,0,0,0,0,0,0,0,0,0,0,0,0
0,0,0,0,0,0,0,d,e,0,0,0,0,0,0,0
0,0,0,0,0,0,0,0,0,0,0,0,0,0,0,0
d,e,d,e,d,e,d,e,d,e,d,e,d,e,d,e
WAL a,b
END 0 3,1
PAL 0

TIL a
00000000
00000000
11111111
00000000
00000000
11111111
00000000
11111111

TIL b
11111111
00000000
11111111
00000000
00000000
11111111
00000000
00000000

TIL c
00000000
00000000
00000000
00010000
00100010
00100100
00100100
00000000
>
00000000
00000010
00000010
00000010
00010010
00110110
00100100
00001000

TIL d
11101010
10101010
10101110
00000000
11101010
10101010
10101110
00000000

TIL e
10001000
10001000
11101110
00000000
10001000
10001000
11101110
00000000

SPR A
00011000
00011000
00011000
00111100
01111110
10111101
00100100
00100100
POS 0 8,5

SPR a
00000000
00000000
01010001
01110001
01110010
01111100
00111100
00100100

SPR b
00000000
00000000
00111100
01001110
11001111
01111110
00111100
00000000
POS 1 13,12

SPR c
00000000
00000000
00111100
01001110
11001111
01111110
00111100
00000000
POS 2 13,12

SPR d
11111111
10000001
10111101
10100101
10100101
10111101
10000001
11111111
>
00000000
01111110
01000010
01011010
01011010
01000010
01111110
00000000
POS 2 7,7

DLG a


DLG b
dont look at me like that.

DLG c
dont LOOK at me like that.

DLG d
?

END 0
-=end=-

