Boaty

# BITSY VERSION 3.1

! ROOM_FORMAT 1

PAL 0
0,171,157
245,245,218
245,238,208

PAL 1
255,255,255
255,255,255
255,255,255

ROOM 0
0,0,0,0,0,0,0,0,0,0,0,0,0,0,0,0
0,m,0,0,0,0,a,h,a,f,a,0,0,0,0,0
0,0,0,0,0,0,f,a,f,a,g,0,0,n,0,0
0,0,n,0,0,0,h,g,h,f,a,0,0,0,0,0
0,0,0,0,0,0,a,h,a,f,f,0,0,q,0,0
0,0,0,m,0,0,0,0,e,0,0,0,0,0,0,0
0,0,0,0,0,0,0,0,0,0,0,0,0,m,0,0
0,0,0,0,0,0,0,0,0,0,0,0,0,0,0,0
0,0,0,0,0,0,0,0,0,b,0,b,0,0,0,0
0,n,0,0,0,0,m,0,n,0,0,0,0,0,m,0
0,0,0,0,0,n,0,0,0,0,0,m,0,m,0,0
0,0,0,m,0,0,0,0,0,0,0,0,n,0,0,0
0,0,0,0,0,0,0,0,0,0,0,0,0,0,0,0
a,a,h,a,a,h,a,a,a,a,f,h,a,h,a,h
f,a,g,a,h,a,f,a,a,a,a,a,a,f,g,a
h,a,a,a,a,a,a,a,h,a,a,g,h,a,a,a
WAL a
EXT 8,5 2 8,14
EXT 13,4 1 7,11
PAL 0

ROOM 1
0,0,0,0,0,0,0,0,0,0,0,0,0,0,0,0
0,0,0,0,0,0,0,0,0,0,0,0,0,0,0,0
0,0,0,0,0,0,p,0,0,0,0,0,0,0,p,0
0,p,0,0,0,0,0,0,0,0,0,0,0,0,0,0
0,0,0,0,0,0,0,0,0,o,0,0,0,0,0,0
0,0,0,0,0,0,0,0,0,0,0,0,0,0,0,0
0,0,0,0,0,0,0,0,0,0,0,0,0,0,0,0
0,0,p,0,0,0,0,0,0,0,0,0,0,0,0,0
0,0,0,0,0,0,0,0,0,0,0,0,0,0,0,0
0,0,0,0,0,0,0,0,0,0,0,0,0,p,0,0
0,0,0,0,0,0,0,0,0,0,0,0,0,0,0,0
0,0,0,0,0,p,0,0,0,0,0,0,0,0,0,0
0,0,0,0,0,0,0,0,0,0,0,0,0,0,0,0
0,0,0,0,0,0,0,0,0,0,0,0,0,0,0,0
p,p,p,p,p,p,p,p,p,p,p,p,p,p,p,p
p,p,p,p,p,p,p,p,p,p,p,p,p,p,p,p
END 0 9,4
PAL 0

ROOM 2
0,0,0,0,0,0,0,0,0,0,0,0,0,0,0,0
0,0,0,0,0,0,0,0,0,0,0,0,0,0,0,0
0,0,0,0,0,0,0,0,0,0,0,0,0,0,0,0
0,0,0,0,0,0,0,0,0,0,0,0,0,0,0,0
0,0,0,0,0,0,0,0,0,0,0,0,0,0,0,0
0,0,0,0,0,0,0,0,0,0,0,0,0,0,0,0
0,0,0,0,0,0,0,0,0,0,0,0,0,0,0,0
0,0,0,0,0,0,0,0,0,0,0,0,0,0,0,0
0,0,0,0,0,0,0,0,0,0,0,0,0,0,0,0
0,0,0,0,0,0,0,0,0,0,0,0,0,0,0,0
0,0,0,0,0,0,0,0,0,0,0,0,0,0,0,0
i,j,j,j,i,i,i,a,j,i,i,i,i,j,j,i
i,i,k,i,j,j,a,j,a,k,j,j,i,j,k,j
j,a,j,j,i,i,j,a,j,i,i,j,i,j,j,j
a,i,i,j,i,i,j,j,j,i,a,k,j,i,a,j
0,0,0,0,0,0,0,0,e,0,0,0,0,0,0,0
WAL a,f,g,h
EXT 8,15 0 8,5
PAL 0

TIL a
11111111
10111011
11111111
11111101
11101111
11111111
10111101
11111111

TIL b
00000000
00100010
01010101
10001000
00000000
00000000
00000000
00000000

TIL c
11000000
11000000
11000000
11000000
11000000
11000000
11111111
11111111

TIL d
00000011
00000011
00000011
00000011
00000011
00000011
11111111
11111111

TIL e
11111111
01100110
11111111
01100110
11111111
01100110
11111111
01100110

TIL f
11111111
11111111
11011111
11111111
11111101
11011111
11111111
11111111

TIL g
11101111
11111111
10011101
11101011
11110011
11101101
11011111
01111011

TIL h
11111111
11111111
11111111
11011111
11111111
11111111
11111011
11111111

TIL i
11111111
10111011
11111111
11111101
11101111
11111111
10111101
11111111

TIL j
11111111
11111111
11111111
11011111
11111111
11111111
11111011
11111111

TIL k
11101111
11111111
10011101
11101011
11110011
11101101
11011111
01111011

TIL l
11111111
11111111
11011111
11111111
11111101
11011111
11111111
11111111

TIL m
00000000
00000000
00000000
00110010
01001100
00000000
00000000
00000000

TIL n
00000000
00000000
00000000
00000000
00101100
01010010
00000000
00000000

TIL o
10000001
01000010
00100100
00001000
00010000
00100100
01000010
10000001

TIL p
00100010
01100110
11000100
11100110
01110011
00111011
01111111
11111111
>
00001001
00110011
01100110
11100110
01110011
00111011
01111111
11111111

TIL q
00011100
00100010
00100010
00000100
00001000
00001000
00000000
00001000
>
00000000
00000000
00000000
00000000
00000000
00000000
00000000
00000000

SPR A
00011000
00011000
00011100
00011000
10010001
11111111
01111110
00111100
POS 0 8,12

SPR a
00011000
00011000
00011100
00011100
00111110
00111111
00111101
00011000

SPR b
10001100
11011110
01001100
00111111
00001100
00001100
00000100
00000100

SPR c
00000000
00111100
01000010
10000001
10100101
10000001
11100111
10011001
>
00000000
00000000
00000000
00000000
00000000
00000000
10011001
01100110
POS 0 2,7

SPR d
00000000
00000000
00000000
00000000
00000000
00000000
01100000
10010000
>
00000000
00000000
00000000
00000000
00000000
00000000
10010000
01100000
POS 0 3,7

SPR e
00000000
00000000
00000000
00000000
00000000
00000000
00000100
00000011
>
00000000
00000000
00000000
00000000
00000000
00000000
00000011
00000100
POS 0 1,7

SPR f
11111111
11000011
10000001
10000001
11111111
10011001
10000001
11111111
POS 0 8,2

SPR g
11111111
11000011
10000001
10000001
11111111
10011001
10000001
11111111
POS 2 8,12

SPR h
01100110
01111110
11011011
11011011
11111111
11100111
11011011
01111110
POS 1 7,8

DLG a
I'm a cat

DLG b
Yarrrr 

DLG c
I am a mighty Kraken

DLG f
Oh, a treasure!

DLG g
Oh, a treasure!

DLG h
Bad news, you sank :( you are now a shipwreck :(

END 0
Welp :|

