
...dont take this serious haha

# BITSY VERSION 4.6

! ROOM_FORMAT 1

PAL 0
255,179,216
255,238,114
255,57,153
150,130,255
200,236,255

PAL 1
150,130,255
200,236,255
255,255,255

ROOM 0
0,0,0,c,0,0,0,0,c,0,0,0,0,0,b,0
0,b,0,0,c,b,0,0,0,0,0,0,0,0,0,0
c,0,0,0,0,0,0,0,b,0,0,b,0,c,0,0
0,0,b,0,0,0,0,b,0,0,0,0,0,0,b,0
0,0,0,0,0,0,0,0,0,0,0,0,c,0,0,0
0,0,c,0,0,0,0,0,0,0,0,0,0,0,c,0
0,0,0,0,0,0,c,0,0,0,0,0,0,0,0,0
0,0,0,0,0,0,0,0,0,0,0,0,0,0,0,0
0,0,0,0,0,0,0,0,0,0,0,0,0,0,0,0
0,0,0,0,0,0,0,0,0,0,0,0,0,0,0,0
0,e,d,0,0,0,0,0,0,0,0,0,0,0,0,0
0,0,0,0,0,0,0,0,0,0,0,0,0,0,0,0
0,0,0,0,0,0,0,0,0,0,0,e,d,0,0,0
0,0,0,0,0,0,0,0,0,0,0,0,0,0,0,0
0,0,0,0,0,e,d,0,0,0,0,0,0,0,0,0
0,0,0,0,0,0,0,0,0,0,0,0,0,0,0,0
ITM 1 10,0
END undefined 10,0
PAL 0

TIL a
11111111
10011001
10111101
11100111
11100111
10111101
10011001
11111111

TIL b
00000000
01010100
10010010
00000000
00000000
00000000
00000000
00000000

TIL c
00000000
00000000
00010000
00101000
00010000
00000000
00000000
00000000
COL 3

TIL d
00000000
00000000
01111110
11011011
01100111
11111110
11110000
11100000
>
00000000
00000000
11111100
10110110
11001110
11111100
11100000
11000000
COL 4

TIL e
00000000
00000000
00000000
00000111
00001101
00001110
00000011
00000000
>
00000000
00000000
00000000
00001111
00011010
00011101
00000111
00000000
COL 4

SPR A
00000000
00111100
01111110
01011010
00111100
00011000
00000100
00000000
>
00111100
01111110
01011010
00111100
00011000
00000100
00000000
00000000
POS 0 4,4

SPR a
01000010
00111100
01111100
01110010
01110010
01010001
00000000
00000000
>
00100100
00111100
01111100
01110010
01110001
01010001
00000000
00000000
DLG SPR_0
POS 0 8,12

SPR b
01100110
00111100
01111110
01011010
00111100
00011000
00001000
00010000
>
11001100
01111000
11111100
10110100
01111000
00110000
00010000
00100000
DLG SPR_1
POS 0 11,6

ITM 0
00000000
00000000
00000000
00111100
01100100
00100100
00011000
00000000
NAME tea
DLG ITM_0

ITM 1
00000000
00111000
01111100
01111100
00111000
00010000
00001000
00000000
>
00000000
00111000
01111100
01111100
00111000
00010000
00001100
00000000

DLG SPR_0
I'm an upside down cat

DLG ITM_0
You found a nice warm cup of tea

DLG SPR_1
"""
{sequence
  - pear: onion.. i wish to marry you, my dear.. the light of my life!
    
    onion: ...
    
    onion: ......
    
    onion: ..........
    
    onion: OH
    
    onion: MAH
    
    onion: GOD
    
    pear: is that a yes..?
    
    onion: ITS A HELL YES!!
  - pear: we're getting married!! yes!!!
    
    onion: ahahahahaha YES!!
}
"""

END 0
{shk}thats it, buddy.. you're stuck..{shk}

END undefined
{shk}OH NO OU PICKED UP A BOMB AND DIED!!!{shk}

VAR a
42


