           Alabaster

# BITSY VERSION 4.0

! ROOM_FORMAT 1

PAL 0
4,89,79
0,155,155
255,247,85

PAL 1
48,3,45
201,14,164
255,128,255

PAL 2
18,39,71
98,153,208
255,128,0

PAL 3
117,47,90
208,121,173
255,255,255

ROOM 1
0,0,0,0,0,0,0,0,0,0,0,0,0,0,0,0
0,0,0,0,0,0,0,0,0,0,0,0,0,0,0,0
0,0,0,0,0,0,0,0,0,0,0,0,0,0,0,0
0,0,0,0,0,0,0,0,0,0,0,0,0,0,0,0
0,0,0,0,0,0,0,0,0,0,0,0,0,0,0,0
0,0,0,0,0,0,0,0,0,0,0,0,0,0,0,0
0,0,0,0,0,0,0,0,0,0,0,0,0,0,0,0
0,0,0,0,0,0,0,0,0,0,0,0,0,0,0,0
0,0,0,0,0,0,0,0,0,0,0,0,0,0,0,0
0,0,0,0,0,0,0,0,0,0,0,0,0,0,0,0
0,0,0,0,n,a,a,p,o,a,a,b,0,0,0,0
0,0,0,0,m,0,0,0,0,0,0,c,0,0,0,0
0,0,0,v,q,0,0,0,0,0,0,r,v,0,0,0
0,0,0,0,m,0,0,0,0,0,0,c,0,0,0,0
0,0,0,0,m,0,0,0,0,0,0,c,0,0,0,0
0,0,0,0,l,a,a,a,a,a,a,j,0,0,0,0
WAL a,k,l,m,n,w,v,b,c,p,x,y,o,s,j,10,11,z
EXT 4,12 2 4,12
EXT 11,12 g 11,12
PAL 0

ROOM 2
0,0,0,0,0,0,0,0,0,0,0,0,0,0,0,0
0,0,0,0,0,0,0,0,0,0,0,0,0,0,0,0
0,0,0,0,0,0,0,0,0,0,0,0,0,0,0,0
0,0,0,0,0,0,0,0,0,0,0,0,0,0,0,0
0,0,0,0,0,0,0,0,0,0,0,0,0,0,0,0
0,0,0,0,0,0,0,0,0,0,0,0,0,0,0,0
0,0,0,0,0,0,0,0,0,0,0,0,0,0,0,0
0,0,0,0,0,0,0,0,0,0,0,0,0,0,0,0
0,0,0,0,0,0,0,0,0,0,0,0,0,0,0,0
0,0,v,v,0,0,0,0,0,0,0,0,0,0,0,0
n,a,a,u,b,0,0,0,0,0,0,0,0,0,0,0
m,0,0,0,c,0,0,0,0,0,0,0,0,0,0,0
m,0,0,0,0,v,0,0,0,0,0,0,0,0,0,0
m,0,s,0,c,0,0,0,0,0,0,0,0,0,0,0
m,0,0,0,c,0,0,0,0,0,0,0,0,0,0,0
l,a,a,a,j,0,0,0,0,0,0,0,0,0,0,0
WAL a,k,l,m,n,x,v,b,c,o,p,w,y,s,j,10,11,z
EXT 3,10 3 3,10
EXT 4,12 1 4,12
PAL 0

ROOM 3
0,0,0,0,0,0,0,0,0,0,0,0,0,0,0,0
0,0,0,0,0,0,0,0,0,0,0,0,0,0,0,0
0,0,0,0,0,0,0,0,0,0,0,0,0,0,0,0
0,0,0,0,0,0,0,0,0,0,0,0,0,0,0,0
0,v,0,0,0,0,0,0,0,0,0,0,0,0,0,0
n,u,a,a,a,a,b,0,0,0,0,0,0,0,0,0
m,0,0,0,0,0,c,0,0,0,0,0,0,0,0,0
m,0,s,0,0,0,c,0,0,0,0,0,0,0,0,0
m,0,0,0,s,0,c,0,0,0,0,0,0,0,0,0
m,0,0,0,0,0,c,0,0,0,0,0,0,0,0,0
l,a,a,u,a,a,j,0,0,0,0,0,0,0,0,0
0,0,0,v,0,0,0,0,0,0,0,0,0,0,0,0
0,0,0,0,0,0,0,0,0,0,0,0,0,0,0,0
0,0,0,0,0,0,0,0,0,0,0,0,0,0,0,0
0,0,0,0,0,0,0,0,0,0,0,0,0,0,0,0
0,0,0,0,0,0,0,0,0,0,0,0,0,0,0,0
WAL a,k,l,m,n,y,b,c,o,p,v,w,x,s,j,10,11,z
EXT 1,5 4 1,5
EXT 3,10 b 3,10
PAL 0

ROOM 4
n,a,a,a,a,a,a,a,b,0,0,0,0,0,0,0
m,0,0,0,0,0,0,0,r,v,0,0,0,0,0,0
m,0,0,0,0,0,0,0,c,0,0,0,0,0,0,0
m,0,s,0,s,0,s,0,c,0,0,0,0,0,0,0
m,0,0,0,0,0,0,0,c,0,0,0,0,0,0,0
l,u,a,a,a,a,a,a,j,0,0,0,0,0,0,0
0,v,0,0,0,0,0,0,0,0,0,0,0,0,0,0
0,0,0,0,0,0,0,0,0,0,0,0,0,0,0,0
0,0,0,0,0,0,0,0,0,0,0,0,0,0,0,0
0,0,0,0,0,0,0,0,0,0,0,0,0,0,0,0
0,0,0,0,0,0,0,0,0,0,0,0,0,0,0,0
0,0,0,0,0,0,0,0,0,0,0,0,0,0,0,0
0,0,0,0,0,0,0,0,0,0,0,0,0,0,0,0
0,0,0,0,0,0,0,0,0,0,0,0,0,0,0,0
0,0,0,0,0,0,0,0,0,0,0,0,0,0,0,0
0,0,0,0,0,0,0,0,0,0,0,0,0,0,0,0
WAL a,k,l,m,n,v,b,c,o,p,w,x,y,s,j,10,11,z
EXT 8,1 5 7,1
EXT 1,5 c 1,5
PAL 0

ROOM 5
0,0,0,0,0,0,0,n,a,a,a,a,a,a,a,b
0,0,0,0,0,0,v,q,0,0,0,0,0,0,0,c
0,0,0,0,0,0,0,m,0,0,0,0,0,0,0,c
0,0,0,0,0,0,0,m,0,s,0,s,0,s,0,c
0,0,0,0,0,0,0,m,0,0,0,0,0,0,0,c
0,0,0,0,0,0,0,l,a,a,a,a,a,a,u,j
0,0,0,0,0,0,0,0,0,0,0,0,0,0,v,0
0,0,0,0,0,0,0,0,0,0,0,0,0,0,0,0
0,0,0,0,0,0,0,0,0,0,0,0,0,0,0,0
0,0,0,0,0,0,0,0,0,0,0,0,0,0,0,0
0,0,0,0,0,0,0,0,0,0,0,0,0,0,0,0
0,0,0,0,0,0,0,0,0,0,0,0,0,0,0,0
0,0,0,0,0,0,0,0,0,0,0,0,0,0,0,0
0,0,0,0,0,0,0,0,0,0,0,0,0,0,0,0
0,0,0,0,0,0,0,0,0,0,0,0,0,0,0,0
0,0,0,0,0,0,0,0,0,0,0,0,0,0,0,0
WAL a,k,l,m,n,w,b,c,o,p,v,x,y,s,j,10,11,z
EXT 14,5 6 14,5
EXT 7,1 d 8,1
PAL 0

ROOM 6
0,0,0,0,0,0,0,0,0,0,0,0,0,0,0,0
0,0,0,0,0,0,0,0,0,0,0,0,0,0,0,0
0,0,0,0,0,0,0,0,0,0,0,0,0,0,0,0
0,0,0,0,0,0,0,0,0,0,0,0,0,0,0,0
0,0,0,0,0,0,0,0,0,0,0,0,0,0,v,0
0,0,0,0,0,0,0,0,0,n,a,a,a,a,u,b
0,0,0,0,0,0,0,0,0,m,0,0,0,0,0,c
0,0,0,0,0,0,0,0,0,m,0,0,0,s,0,c
0,0,0,0,0,0,0,0,0,m,0,s,0,0,0,c
0,0,0,0,0,0,0,0,0,m,0,0,0,0,0,c
0,0,0,0,0,0,0,0,0,l,a,a,u,a,a,j
0,0,0,0,0,0,0,0,0,0,0,0,v,0,0,0
0,0,0,0,0,0,0,0,0,0,0,0,0,0,0,0
0,0,0,0,0,0,0,0,0,0,0,0,0,0,0,0
0,0,0,0,0,0,0,0,0,0,0,0,0,0,0,0
0,0,0,0,0,0,0,0,0,0,0,0,0,0,0,0
WAL a,k,l,m,n,b,c,o,p,v,w,x,y,s,j,10,11,z
EXT 12,10 7 12,10
EXT 14,5 e 14,5
PAL 0

ROOM 7
0,0,0,0,0,0,0,0,0,0,0,0,0,0,0,0
0,0,0,0,0,0,0,0,0,0,0,0,0,0,0,0
0,0,0,0,0,0,0,0,0,0,0,0,0,0,0,0
0,0,0,0,0,0,0,0,0,0,0,0,0,0,0,0
0,0,0,0,0,0,0,0,0,0,0,0,0,0,0,0
0,0,0,0,0,0,0,0,0,0,0,0,0,0,0,0
0,0,0,0,0,0,0,0,0,0,0,0,0,0,0,0
0,0,0,0,0,0,0,0,0,0,0,0,0,0,0,0
0,0,0,0,0,0,0,0,0,0,0,0,0,0,0,0
0,0,0,0,0,0,0,0,0,0,0,0,v,0,0,0
0,0,0,0,0,0,0,0,0,0,0,n,u,a,a,b
0,0,0,0,0,0,0,0,0,0,0,m,0,0,0,c
0,0,0,0,0,0,0,0,0,0,v,q,0,0,0,c
0,0,0,0,0,0,0,0,0,0,0,m,0,s,0,c
0,0,0,0,0,0,0,0,0,0,0,m,0,0,0,c
0,0,0,0,0,0,0,0,0,0,0,l,a,a,a,j
WAL a,k,l,m,n,y,b,c,o,p,v,w,x,s,j,10,11,z
EXT 11,12 9 11,12
EXT 12,10 f 12,10
PAL 0

ROOM 8
0,0,0,0,0,0,0,0,0,0,0,0,0,0,0,0
0,0,0,0,0,0,0,0,0,0,0,0,0,0,0,0
0,0,0,0,0,0,0,0,0,0,0,0,0,0,0,0
0,0,0,0,0,0,0,0,0,0,0,0,0,0,0,0
0,0,0,0,0,0,0,0,0,0,0,0,0,0,0,0
0,0,0,0,0,0,0,0,0,0,0,0,0,0,0,0
0,0,0,0,0,0,0,0,0,0,0,0,0,0,0,0
0,0,0,0,0,0,0,0,0,0,0,0,0,0,0,0
0,0,0,0,0,0,0,0,0,0,0,0,0,0,0,0
0,0,0,0,0,0,0,0,0,0,0,0,0,0,0,0
0,0,0,0,n,a,a,p,o,a,a,b,0,0,0,0
0,0,0,0,m,0,0,0,0,0,0,c,0,0,0,0
0,0,0,v,q,0,0,0,0,0,0,r,v,0,0,0
0,0,0,0,m,0,0,0,0,0,0,c,0,0,0,0
0,0,0,0,m,0,0,0,0,0,0,c,0,0,0,0
0,0,0,0,l,a,a,a,a,a,a,j,0,0,0,0
WAL a,k,l,m,n,b,c,o,p,v,w,x,y,s,j,10,11,z
EXT 4,12 i 4,12
EXT 11,12 n 11,12
END undefined 7,15
END undefined 8,15
PAL 1

ROOM 9
0,0,0,0,0,0,0,0,0,0,0,0,0,0,0,0
0,0,0,0,0,0,0,0,0,0,0,0,0,0,0,0
0,0,0,0,0,0,0,0,0,0,0,0,0,0,0,0
0,0,0,0,0,0,0,0,0,0,0,0,0,0,0,0
0,0,0,0,0,0,0,0,0,0,0,0,0,0,0,0
0,0,0,0,0,0,0,0,0,0,0,0,0,0,0,0
0,0,0,0,0,0,0,0,0,0,0,0,0,0,0,0
0,0,0,0,0,0,0,0,0,0,0,0,0,0,0,0
0,0,0,0,0,0,0,0,0,0,0,0,0,0,0,0
0,0,0,0,0,0,0,0,0,0,0,0,0,0,0,0
0,0,0,0,n,a,a,p,o,a,a,b,0,0,0,0
0,0,0,0,m,0,0,0,0,0,0,c,0,0,0,0
0,0,0,v,q,0,0,0,0,0,0,r,v,0,0,0
0,0,0,0,m,0,0,0,0,0,0,c,0,0,0,0
0,0,0,0,m,0,s,0,0,s,0,c,0,0,0,0
0,0,0,0,l,a,a,a,a,a,a,j,0,0,0,0
WAL a,k,l,m,n,b,c,o,p,v,w,x,y,s,j,10,11,z
EXT 4,12 2 4,12
EXT 11,12 n 11,12
PAL 0

ROOM 12
0,0,0,0,0,0,0,0,0,0,0,0,0,0,0,0
0,0,0,0,0,0,0,0,0,0,0,0,0,0,0,0
0,0,0,0,0,0,0,0,0,0,0,0,0,0,0,0
0,0,0,0,0,0,0,0,0,0,0,0,0,0,0,0
0,0,0,0,0,0,0,0,0,0,0,0,0,0,0,0
0,0,0,0,0,0,0,0,0,0,0,0,0,0,0,0
0,0,0,0,0,0,0,0,0,0,0,0,0,0,0,0
0,0,0,0,0,0,0,0,0,0,0,0,0,0,0,0
0,0,0,0,0,0,0,0,0,0,0,0,0,0,0,0
0,0,0,0,0,0,0,0,0,0,0,0,0,0,0,0
0,0,0,0,n,a,a,p,o,a,a,b,0,0,0,0
0,0,0,0,m,0,0,0,0,0,0,c,0,0,0,0
0,0,0,v,q,0,0,0,0,0,0,r,v,0,0,0
0,0,0,0,m,0,0,0,0,0,0,c,0,0,0,0
0,0,0,0,m,0,s,0,0,s,0,c,0,0,0,0
0,0,0,0,l,a,a,a,a,a,a,j,0,0,0,0
WAL a,k,l,m,n,b,c,o,p,v,w,x,y,s,j,10,11,z
EXT 4,12 i 4,12
EXT 11,12 g 11,12
PAL 0

ROOM 13
0,0,0,0,0,0,0,0,0,0,0,0,0,0,0,0
0,0,0,0,0,0,0,0,0,0,0,0,0,0,0,0
0,0,0,0,0,0,0,0,0,0,0,0,0,0,0,0
0,0,0,0,0,0,0,0,0,0,0,0,0,0,0,0
0,0,0,0,0,0,0,0,0,0,0,0,0,0,0,0
0,0,0,0,0,0,n,a,a,b,0,0,0,0,0,0
0,0,0,0,0,0,m,0,0,c,0,0,0,0,0,0
0,0,0,0,0,0,m,s,0,c,0,0,0,0,0,0
0,0,0,0,0,0,m,0,0,c,0,0,0,0,0,0
0,0,0,0,0,0,m,0,0,c,0,0,0,0,0,0
0,0,0,0,0,0,l,p,o,j,0,0,0,0,0,0
0,0,0,0,0,0,0,v,v,0,0,0,0,0,0,0
0,0,0,0,0,0,0,0,0,0,0,0,0,0,0,0
0,0,0,0,0,0,0,0,0,0,0,0,0,0,0,0
0,0,0,0,0,0,0,0,0,0,0,0,0,0,0,0
0,0,0,0,0,0,0,0,0,0,0,0,0,0,0,0
WAL v,a,b,c,j,k,l,n,m,o,p,s,w,x,y,10,11,z
EXT 7,6 14 7,6
PAL 3

ROOM 14
0,0,0,0,0,0,0,0,0,0,0,0,0,0,0,0
0,0,0,0,0,0,0,0,v,0,0,0,0,0,0,0
0,0,0,0,0,0,0,0,0,0,0,0,0,0,0,0
0,0,0,0,0,0,0,0,0,0,0,0,0,0,0,0
0,0,0,0,0,0,0,0,0,0,0,0,0,0,0,0
0,0,0,0,0,0,n,a,a,b,0,0,0,0,0,0
0,0,0,0,0,0,m,0,z,c,0,0,0,0,0,0
0,0,0,0,0,0,m,s,0,c,0,0,0,0,0,0
0,0,0,0,0,0,m,0,0,c,0,0,0,0,0,0
0,0,0,0,0,0,m,0,0,c,0,0,0,0,0,0
0,0,0,0,0,0,l,p,o,j,0,0,0,0,0,0
0,0,0,0,0,0,0,v,v,0,0,0,0,0,0,0
0,0,0,0,0,0,0,0,0,0,0,0,0,0,0,0
0,0,0,0,0,0,0,0,0,0,0,0,0,0,0,0
0,0,0,0,0,0,0,0,0,0,0,0,0,0,0,0
0,0,0,0,0,0,0,0,0,0,0,0,0,0,0,0
WAL m,a,b,c,j,k,l,n,o,p,s,w,x,y,10,11,v,z
END 0 7,6
PAL 3

ROOM 15
0,0,0,0,0,0,0,0,0,0,0,0,0,0,0,0
0,0,0,0,0,0,0,0,0,0,0,0,0,0,0,0
0,0,0,0,0,0,0,0,0,0,0,0,0,0,0,0
0,0,0,0,0,0,0,0,0,0,0,0,0,0,0,0
0,0,0,0,0,0,0,0,0,0,0,0,0,0,0,0
0,0,0,0,0,0,0,0,0,0,0,0,0,0,0,0
0,0,0,0,0,0,0,0,0,0,0,0,0,0,0,0
0,0,0,0,0,0,0,0,0,0,0,0,0,0,0,0
0,0,0,0,0,0,0,0,0,0,0,0,0,0,0,0
0,0,0,0,0,0,0,0,0,0,0,0,0,0,0,0
0,0,0,0,0,0,0,0,0,0,0,0,0,0,0,0
0,0,0,0,0,0,0,0,0,0,0,0,0,0,0,0
0,0,0,0,0,0,0,0,0,0,0,0,0,0,0,0
0,0,0,0,0,0,0,0,0,0,0,0,0,0,0,0
0,0,0,0,0,0,0,0,0,0,0,0,0,0,0,0
0,0,0,0,0,0,0,0,0,0,0,0,0,0,0,0
WAL v,z
PAL 3

ROOM b
0,0,0,0,0,0,0,0,0,0,0,0,0,0,0,0
0,0,0,0,0,0,0,0,0,0,0,0,0,0,0,0
0,0,0,0,0,0,0,0,0,0,0,0,0,0,0,0
0,0,0,0,0,0,0,0,0,0,0,0,0,0,0,0
0,0,0,0,0,0,0,0,0,0,0,0,0,0,0,0
0,0,0,0,0,0,0,0,0,0,0,0,0,0,0,0
0,0,0,0,0,0,0,0,0,0,0,0,0,0,0,0
0,0,0,0,0,0,0,0,0,0,0,0,0,0,0,0
0,0,0,0,0,0,0,0,0,0,0,0,0,0,0,0
0,0,0,v,0,0,0,0,0,0,0,0,0,0,0,0
n,a,a,u,b,0,0,0,0,0,0,0,0,0,0,0
m,0,0,0,c,0,0,0,0,0,0,0,0,0,0,0
m,0,0,0,r,v,0,0,0,0,0,0,0,0,0,0
m,0,s,0,c,0,0,0,0,0,0,0,0,0,0,0
m,0,0,0,c,0,0,0,0,0,0,0,0,0,0,0
l,a,a,a,j,0,0,0,0,0,0,0,0,0,0,0
WAL a,k,l,m,n,x,v,b,c,o,p,w,y,s,j,10,11,z
EXT 4,12 12 4,12
EXT 3,10 3 3,10
PAL 0

ROOM c
0,0,0,0,0,0,0,0,0,0,0,0,0,0,0,0
0,0,0,0,0,0,0,0,0,0,0,0,0,0,0,0
0,0,0,0,0,0,0,0,0,0,0,0,0,0,0,0
0,0,0,0,0,0,0,0,0,0,0,0,0,0,0,0
0,v,0,0,0,0,0,0,0,0,0,0,0,0,0,0
n,u,a,a,a,a,b,0,0,0,0,0,0,0,0,0
m,0,0,0,0,0,c,0,0,0,0,0,0,0,0,0
m,0,s,0,s,0,c,0,0,0,0,0,0,0,0,0
m,0,s,0,0,0,c,0,0,0,0,0,0,0,0,0
m,0,0,0,0,0,c,0,0,0,0,0,0,0,0,0
l,a,a,u,a,a,j,0,0,0,0,0,0,0,0,0
0,0,0,v,0,0,0,0,0,0,0,0,0,0,0,0
0,0,0,0,0,0,0,0,0,0,0,0,0,0,0,0
0,0,0,0,0,0,0,0,0,0,0,0,0,0,0,0
0,0,0,0,0,0,0,0,0,0,0,0,0,0,0,0
0,0,0,0,0,0,0,0,0,0,0,0,0,0,0,0
WAL a,k,l,m,n,y,b,c,o,p,v,w,x,s,j,10,11,z
EXT 3,10 b 3,10
EXT 1,5 4 1,5
PAL 0

ROOM d
n,a,a,a,a,a,a,a,b,0,0,0,0,0,0,0
m,0,0,0,0,0,0,0,r,v,0,0,0,0,0,0
m,0,0,0,0,0,0,0,c,0,0,0,0,0,0,0
m,0,s,0,s,0,s,0,c,0,0,0,0,0,0,0
m,0,0,0,0,0,0,0,c,0,0,0,0,0,0,0
l,u,a,a,a,a,a,a,j,0,0,0,0,0,0,0
0,v,0,0,0,0,0,0,0,0,0,0,0,0,0,0
0,0,0,0,0,0,0,0,0,0,0,0,0,0,0,0
0,0,0,0,0,0,0,0,0,0,0,0,0,0,0,0
0,0,0,0,0,0,0,0,0,0,0,0,0,0,0,0
0,0,0,0,0,0,0,0,0,0,0,0,0,0,0,0
0,0,0,0,0,0,0,0,0,0,0,0,0,0,0,0
0,0,0,0,0,0,0,0,0,0,0,0,0,0,0,0
0,0,0,0,0,0,0,0,0,0,0,0,0,0,0,0
0,0,0,0,0,0,0,0,0,0,0,0,0,0,0,0
0,0,0,0,0,0,0,0,0,0,0,0,0,0,0,0
WAL a,k,l,m,n,v,b,c,o,p,w,x,y,s,j,10,11,z
EXT 1,5 c 1,5
EXT 8,1 5 7,1
PAL 0

ROOM e
0,0,0,0,0,0,0,n,a,a,a,a,a,a,a,b
0,0,0,0,0,0,v,q,0,0,0,0,0,0,0,c
0,0,0,0,0,0,0,m,0,0,0,0,0,0,0,c
0,0,0,0,0,0,0,m,0,s,0,s,0,s,0,c
0,0,0,0,0,0,0,m,0,0,0,0,0,0,0,c
0,0,0,0,0,0,0,l,a,a,a,a,a,a,u,j
0,0,0,0,0,0,0,0,0,0,0,0,0,0,v,0
0,0,0,0,0,0,0,0,0,0,0,0,0,0,0,0
0,0,0,0,0,0,0,0,0,0,0,0,0,0,0,0
0,0,0,0,0,0,0,0,0,0,0,0,0,0,0,0
0,0,0,0,0,0,0,0,0,0,0,0,0,0,0,0
0,0,0,0,0,0,0,0,0,0,0,0,0,0,0,0
0,0,0,0,0,0,0,0,0,0,0,0,0,0,0,0
0,0,0,0,0,0,0,0,0,0,0,0,0,0,0,0
0,0,0,0,0,0,0,0,0,0,0,0,0,0,0,0
0,0,0,0,0,0,0,0,0,0,0,0,0,0,0,0
WAL a,k,l,m,n,w,b,c,o,p,v,x,y,s,j,10,11,z
EXT 7,1 d 8,1
EXT 14,5 6 14,5
PAL 0

ROOM f
0,0,0,0,0,0,0,0,0,0,0,0,0,0,0,0
0,0,0,0,0,0,0,0,0,0,0,0,0,0,0,0
0,0,0,0,0,0,0,0,0,0,0,0,0,0,0,0
0,0,0,0,0,0,0,0,0,0,0,0,0,0,0,0
0,0,0,0,0,0,0,0,0,0,0,0,0,0,v,0
0,0,0,0,0,0,0,0,0,n,a,a,a,a,u,b
0,0,0,0,0,0,0,0,0,m,0,0,0,0,0,c
0,0,0,0,0,0,0,0,0,m,0,0,0,s,0,c
0,0,0,0,0,0,0,0,0,m,0,s,0,0,0,c
0,0,0,0,0,0,0,0,0,m,0,0,0,0,0,c
0,0,0,0,0,0,0,0,0,l,a,a,u,a,a,j
0,0,0,0,0,0,0,0,0,0,0,0,v,0,0,0
0,0,0,0,0,0,0,0,0,0,0,0,0,0,0,0
0,0,0,0,0,0,0,0,0,0,0,0,0,0,0,0
0,0,0,0,0,0,0,0,0,0,0,0,0,0,0,0
0,0,0,0,0,0,0,0,0,0,0,0,0,0,0,0
WAL a,k,l,m,n,b,c,o,p,v,w,x,y,s,j,10,11,z
EXT 14,5 e 14,5
EXT 12,10 7 12,10
PAL 0

ROOM g
0,0,0,0,0,0,0,0,0,0,0,0,0,0,0,0
0,0,0,0,0,0,0,0,0,0,0,0,0,0,0,0
0,0,0,0,0,0,0,0,0,0,0,0,0,0,0,0
0,0,0,0,0,0,0,0,0,0,0,0,0,0,0,0
0,0,0,0,0,0,0,0,0,0,0,0,0,0,0,0
0,0,0,0,0,0,0,0,0,0,0,0,0,0,0,0
0,0,0,0,0,0,0,0,0,0,0,0,0,0,0,0
0,0,0,0,0,0,0,0,0,0,0,0,0,0,0,0
0,0,0,0,0,0,0,0,0,0,0,0,0,0,0,0
0,0,0,0,0,0,0,0,0,0,0,0,v,0,0,0
0,0,0,0,0,0,0,0,0,0,0,n,u,a,a,b
0,0,0,0,0,0,0,0,0,0,0,m,0,0,0,c
0,0,0,0,0,0,0,0,0,0,v,q,0,0,0,c
0,0,0,0,0,0,0,0,0,0,0,m,0,s,0,c
0,0,0,0,0,0,0,0,0,0,0,m,0,0,0,c
0,0,0,0,0,0,0,0,0,0,0,l,a,a,a,j
WAL a,k,l,m,n,y,b,c,o,p,v,w,x,s,j,10,11,z
EXT 12,10 f 12,10
EXT 11,12 1 11,12
PAL 0

ROOM h
0,0,0,0,0,0,0,0,0,0,0,0,0,0,0,0
0,0,0,0,0,0,0,0,0,0,0,0,0,0,0,0
0,0,0,0,0,0,0,0,0,0,0,0,0,0,0,0
0,0,0,0,0,0,0,0,0,0,0,0,0,0,0,0
0,0,0,0,0,0,0,0,0,0,0,0,0,0,0,0
0,0,0,0,0,0,0,0,0,0,0,0,0,0,0,0
0,0,0,0,0,0,0,0,0,0,0,0,0,0,0,0
0,0,0,0,0,0,0,0,0,0,0,0,0,0,0,0
0,0,0,0,0,0,0,0,0,0,0,0,0,0,0,0
0,0,0,0,0,0,0,0,0,0,0,0,0,0,0,0
0,0,0,0,n,a,a,p,o,a,a,b,0,0,0,0
0,0,0,0,m,0,0,0,0,0,0,c,0,0,0,0
0,0,0,v,q,0,0,0,0,0,0,r,v,0,0,0
0,0,0,0,m,0,0,0,0,0,0,c,0,0,0,0
0,0,0,0,m,0,0,0,0,0,0,c,0,0,0,0
0,0,0,0,l,a,a,a,a,a,a,j,0,0,0,0
WAL a,k,l,m,n,w,v,b,c,p,x,y,o,s,j,10,11,z
EXT 4,12 i 4,12
EXT 11,12 n 11,12
PAL 1

ROOM i
0,0,0,0,0,0,0,0,0,0,0,0,0,0,0,0
0,0,0,0,0,0,0,0,0,0,0,0,0,0,0,0
0,0,0,0,0,0,0,0,0,0,0,0,0,0,0,0
0,0,0,0,0,0,0,0,0,0,0,0,0,0,0,0
0,0,0,0,0,0,0,0,0,0,0,0,0,0,0,0
0,0,0,0,0,0,0,0,0,0,0,0,0,0,0,0
0,0,0,0,0,0,0,0,0,0,0,0,0,0,0,0
0,0,0,0,0,0,0,0,0,0,0,0,0,0,0,0
0,0,0,0,0,0,0,0,0,0,0,0,0,0,0,0
0,0,v,v,0,0,0,0,0,0,0,0,0,0,0,0
n,a,a,u,b,0,0,0,0,0,0,0,0,0,0,0
m,0,0,0,c,0,0,0,0,0,0,0,0,0,0,0
m,0,0,0,0,v,0,0,0,0,0,0,0,0,0,0
m,0,s,0,c,0,0,0,0,0,0,0,0,0,0,0
m,0,0,0,c,0,0,0,0,0,0,0,0,0,0,0
l,a,a,a,j,0,0,0,0,0,0,0,0,0,0,0
WAL a,k,l,m,n,x,v,b,c,o,p,w,y,s,j,10,11,z
EXT 3,10 j 3,10
EXT 4,12 o 4,12
PAL 1

ROOM j
0,0,0,0,0,0,0,0,0,0,0,0,0,0,0,0
0,0,0,0,0,0,0,0,0,0,0,0,0,0,0,0
0,0,0,0,0,0,0,0,0,0,0,0,0,0,0,0
0,0,0,0,0,0,0,0,0,0,0,0,0,0,0,0
0,v,0,0,0,0,0,0,0,0,0,0,0,0,0,0
n,u,a,a,a,a,b,0,0,0,0,0,0,0,0,0
m,0,0,0,0,0,c,0,0,0,0,0,0,0,0,0
m,0,s,0,0,0,c,0,0,0,0,0,0,0,0,0
m,0,0,0,s,0,c,0,0,0,0,0,0,0,0,0
m,0,0,0,0,0,c,0,0,0,0,0,0,0,0,0
l,a,a,0,a,a,j,0,0,0,0,0,0,0,0,0
0,0,0,v,0,0,0,0,0,0,0,0,0,0,0,0
0,0,0,0,0,0,0,0,0,0,0,0,0,0,0,0
0,0,0,0,0,0,0,0,0,0,0,0,0,0,0,0
0,0,0,0,0,0,0,0,0,0,0,0,0,0,0,0
0,0,0,0,0,0,0,0,0,0,0,0,0,0,0,0
WAL a,k,l,m,n,y,b,c,o,p,v,w,x,s,j,10,11,z
EXT 1,5 k 1,5
EXT 3,10 i 3,10
PAL 1

ROOM k
n,a,a,13,a,a,a,a,b,0,0,0,0,0,0,0
m,0,0,0,0,0,0,0,r,v,0,0,0,0,0,0
m,0,0,0,0,0,0,0,c,0,0,0,0,0,0,0
m,0,s,0,s,0,s,0,c,0,0,0,0,0,0,0
m,0,0,0,0,0,0,0,c,0,0,0,0,0,0,0
l,u,a,a,a,a,a,a,j,0,0,0,0,0,0,0
0,v,0,0,0,0,0,0,0,0,0,0,0,0,0,0
0,0,0,0,0,0,0,0,0,0,0,0,0,0,0,0
0,0,0,0,0,0,0,0,0,0,0,0,0,0,0,0
0,0,0,0,0,0,0,0,0,0,0,0,0,0,0,0
0,0,0,0,0,0,0,0,0,0,0,0,0,0,0,0
0,0,0,0,0,0,0,0,0,0,0,0,0,0,0,0
0,0,0,0,0,0,0,0,0,0,0,0,0,0,0,0
0,0,0,0,0,0,0,0,0,0,0,0,0,0,0,0
0,0,0,0,0,0,0,0,0,0,0,0,0,0,0,0
0,0,0,0,0,0,0,0,0,0,0,0,0,0,0,0
WAL a,k,l,m,n,v,b,c,o,p,w,x,y,s,j,10,11,z
EXT 8,1 l 7,1
EXT 1,5 j 1,5
EXT 3,0 p 3,11
PAL 1

ROOM l
0,0,0,0,0,0,0,n,a,a,a,a,a,a,a,b
0,0,0,0,0,0,v,q,0,0,0,0,0,0,0,c
0,0,0,0,0,0,0,m,0,0,0,0,0,0,0,c
0,0,0,0,0,0,0,m,0,s,0,s,0,s,0,c
0,0,0,0,0,0,0,m,0,0,0,0,0,0,0,c
0,0,0,0,0,0,0,l,a,a,a,a,a,a,u,j
0,0,0,0,0,0,0,0,0,0,0,0,0,0,v,0
0,0,0,0,0,0,0,0,0,0,0,0,0,0,0,0
0,0,0,0,0,0,0,0,0,0,0,0,0,0,0,0
0,0,0,0,0,0,0,0,0,0,0,0,0,0,0,0
0,0,0,0,0,0,0,0,0,0,0,0,0,0,0,0
0,0,0,0,0,0,0,0,0,0,0,0,0,0,0,0
0,0,0,0,0,0,0,0,0,0,0,0,0,0,0,0
0,0,0,0,0,0,0,0,0,0,0,0,0,0,0,0
0,0,0,0,0,0,0,0,0,0,0,0,0,0,0,0
0,0,0,0,0,0,0,0,0,0,0,0,0,0,0,0
WAL a,k,l,m,n,w,b,c,o,p,v,x,y,s,j,10,11,z
EXT 14,5 m 14,5
EXT 7,1 k 8,1
PAL 1

ROOM m
0,0,0,0,0,0,0,0,0,0,0,0,0,0,0,0
0,0,0,0,0,0,0,0,0,0,0,0,0,0,0,0
0,0,0,0,0,0,0,0,0,0,0,0,0,0,0,0
0,0,0,0,0,0,0,0,0,0,0,0,0,0,0,0
0,0,0,0,0,0,0,0,0,0,0,0,0,0,v,0
0,0,0,0,0,0,0,0,0,n,a,a,a,a,u,b
0,0,0,0,0,0,0,0,0,m,0,0,0,0,0,c
0,0,0,0,0,0,0,0,0,m,0,0,0,s,0,c
0,0,0,0,0,0,0,0,0,m,0,s,0,0,0,c
0,0,0,0,0,0,0,0,0,m,0,0,0,0,0,c
0,0,0,0,0,0,0,0,0,l,a,a,u,a,a,j
0,0,0,0,0,0,0,0,0,0,0,0,v,0,0,0
0,0,0,0,0,0,0,0,0,0,0,0,0,0,0,0
0,0,0,0,0,0,0,0,0,0,0,0,0,0,0,0
0,0,0,0,0,0,0,0,0,0,0,0,0,0,0,0
0,0,0,0,0,0,0,0,0,0,0,0,0,0,0,0
WAL a,k,l,m,n,b,c,o,p,v,w,x,y,s,j,10,11,z
EXT 12,10 n 12,10
EXT 14,5 l 14,5
PAL 1

ROOM n
0,0,0,0,0,0,0,0,0,0,0,0,0,0,0,0
0,0,0,0,0,0,0,0,0,0,0,0,0,0,0,0
0,0,0,0,0,0,0,0,0,0,0,0,0,0,0,0
0,0,0,0,0,0,0,0,0,0,0,0,0,0,0,0
0,0,0,0,0,0,0,0,0,0,0,0,0,0,0,0
0,0,0,0,0,0,0,0,0,0,0,0,0,0,0,0
0,0,0,0,0,0,0,0,0,0,0,0,0,0,0,0
0,0,0,0,0,0,0,0,0,0,0,0,0,0,0,0
0,0,0,0,0,0,0,0,0,0,0,0,0,0,0,0
0,0,0,0,0,0,0,0,0,0,0,0,v,0,0,0
0,0,0,0,0,0,0,0,0,0,0,n,u,a,a,b
0,0,0,0,0,0,0,0,0,0,0,m,0,0,0,c
0,0,0,0,0,0,0,0,0,0,v,q,0,0,0,c
0,0,0,0,0,0,0,0,0,0,0,m,0,s,0,c
0,0,0,0,0,0,0,0,0,0,0,m,0,0,0,c
0,0,0,0,0,0,0,0,0,0,0,l,a,a,a,j
WAL a,k,l,m,n,y,b,c,o,p,v,w,x,s,j,10,11,z
EXT 11,12 8 11,12
EXT 12,10 m 12,10
PAL 1

ROOM o
0,0,0,0,0,0,0,0,0,0,0,0,0,0,0,0
0,0,0,0,0,0,0,0,0,0,0,0,0,0,0,0
0,0,0,0,0,0,0,0,0,0,0,0,0,0,0,0
0,0,0,0,0,0,0,0,0,0,0,0,0,0,0,0
0,0,0,0,0,0,0,0,0,0,0,0,0,0,0,0
0,0,0,0,0,0,0,0,0,0,0,0,0,0,0,0
0,0,0,0,0,0,0,0,0,0,0,0,0,0,0,0
0,0,0,0,0,0,0,0,0,0,0,0,0,0,0,0
0,0,0,0,0,0,0,0,0,0,0,0,0,0,0,0
0,0,0,0,0,0,0,0,0,0,0,0,0,0,0,0
0,0,0,0,n,a,a,p,o,a,a,b,0,0,0,0
0,0,0,0,m,0,0,0,0,0,0,c,0,0,0,0
0,0,0,v,q,0,0,0,0,0,0,r,v,0,0,0
0,0,0,0,m,0,0,0,0,0,0,c,0,0,0,0
0,0,0,0,m,0,0,0,0,0,0,c,0,0,0,0
0,0,0,0,l,a,a,a,a,a,a,j,0,0,0,0
WAL a,k,l,m,n,w,v,b,c,p,x,y,o,s,j,10,11,z
EXT 4,12 i 4,12
EXT 11,12 n 11,12
PAL 1

ROOM p
0,0,0,0,0,0,0,0,0,0,0,0,0,0,0,0
0,0,0,0,0,0,0,0,0,0,0,0,0,0,0,0
0,0,0,0,0,0,0,0,0,0,0,0,0,0,0,0
0,0,0,0,0,0,0,0,0,0,0,0,0,0,0,0
0,0,0,0,0,0,0,0,0,0,0,0,0,0,0,0
0,0,0,0,0,0,0,0,0,0,0,0,0,0,0,0
0,0,0,0,0,0,0,0,0,0,0,0,0,0,0,0
0,0,0,0,0,0,0,0,0,0,0,0,0,0,0,0
0,0,0,0,0,0,0,0,0,0,0,0,0,0,0,0
0,0,v,v,0,0,0,0,0,0,0,0,0,0,0,0
n,a,a,u,b,0,0,0,0,0,0,0,0,0,0,0
m,0,0,0,c,0,0,0,0,0,0,0,0,0,0,0
m,0,0,0,0,v,0,0,0,0,0,0,0,0,0,0
m,0,s,0,c,0,0,0,0,0,0,0,0,0,0,0
m,0,0,0,c,0,0,0,0,0,0,0,0,0,0,0
l,a,a,a,j,0,0,0,0,0,0,0,0,0,0,0
WAL a,k,l,m,n,x,v,b,c,o,p,w,y,s,j,10,11,z
EXT 3,10 u 12,11
EXT 4,12 r 7,1
PAL 2

ROOM q
0,0,0,0,0,0,0,0,0,0,0,0,0,0,0,0
0,0,0,0,0,0,0,0,0,0,0,0,0,0,0,0
0,0,0,0,0,0,0,0,0,0,0,0,0,0,0,0
0,0,0,0,0,0,0,0,0,0,0,0,0,0,0,0
0,v,0,0,0,0,0,0,0,0,0,0,0,0,0,0
n,u,a,a,a,a,b,0,0,0,0,0,0,0,0,0
m,0,0,0,0,0,c,0,0,0,0,0,0,0,0,0
m,0,s,0,0,0,c,0,0,0,0,0,0,0,0,0
m,0,0,0,s,0,c,0,0,0,0,0,0,0,0,0
m,0,0,0,0,0,c,0,0,0,0,0,0,0,0,0
l,a,a,0,a,a,j,0,0,0,0,0,0,0,0,0
0,0,0,v,0,0,0,0,0,0,0,0,0,0,0,0
0,0,0,0,0,0,0,0,0,0,0,0,0,0,0,0
0,0,0,0,0,0,0,0,0,0,0,0,0,0,0,0
0,0,0,0,0,0,0,0,0,0,0,0,0,0,0,0
0,0,0,0,0,0,0,0,0,0,0,0,0,0,0,0
WAL a,k,l,m,n,y,b,c,o,p,v,w,x,s,j,10,11,z
EXT 1,5 s 8,1
EXT 3,10 t 12,9
PAL 2

ROOM r
n,a,a,a,a,a,a,a,b,0,0,0,0,0,0,0
m,0,0,0,0,0,0,0,r,v,0,0,0,0,0,0
m,0,0,0,0,0,0,0,c,0,0,0,0,0,0,0
m,0,s,0,s,0,s,0,c,0,0,0,0,0,0,0
m,0,0,0,0,0,0,0,c,0,0,0,0,0,0,0
l,u,a,a,a,a,a,a,j,0,0,0,0,0,0,0
0,v,0,0,0,0,0,0,0,0,0,0,0,0,0,0
0,0,0,0,0,0,0,0,0,0,0,0,0,0,0,0
0,0,0,0,0,0,0,0,0,0,0,0,0,0,0,0
0,0,0,0,0,0,0,0,0,0,0,0,0,0,0,0
0,0,0,0,0,0,0,0,0,0,0,0,0,0,0,0
0,0,0,0,0,0,0,0,0,0,0,0,0,0,0,0
0,0,0,0,0,0,0,0,0,0,0,0,0,0,0,0
0,0,0,0,0,0,0,0,0,0,0,0,0,0,0,0
0,0,0,0,0,0,0,0,0,0,0,0,0,0,0,0
0,0,0,0,0,0,0,0,0,0,0,0,0,0,0,0
WAL a,k,l,m,n,v,b,c,o,p,w,x,y,s,j,10,11,z
EXT 8,1 s 14,4
EXT 1,5 q 3,9
PAL 2

ROOM s
0,0,0,0,0,0,0,n,a,a,a,a,a,a,a,b
0,0,0,0,0,0,v,q,0,0,0,0,0,0,0,c
0,0,0,0,0,0,0,m,0,0,0,0,0,0,0,c
0,0,0,0,0,0,0,m,0,s,0,s,0,s,0,c
0,0,0,0,0,0,0,m,0,0,0,0,0,0,0,c
0,0,0,0,0,0,0,l,a,a,a,a,a,a,u,j
0,0,0,0,0,0,0,0,0,0,0,0,0,0,v,0
0,0,0,0,0,0,0,0,0,0,0,0,0,0,0,0
0,0,0,0,0,0,0,0,0,0,0,0,0,0,0,0
0,0,0,0,0,0,0,0,0,0,0,0,0,0,0,0
0,0,0,0,0,0,0,0,0,0,0,0,0,0,0,0
0,0,0,0,0,0,0,0,0,0,0,0,0,0,0,0
0,0,0,0,0,0,0,0,0,0,0,0,0,0,0,0
0,0,0,0,0,0,0,0,0,0,0,0,0,0,0,0
0,0,0,0,0,0,0,0,0,0,0,0,0,0,0,0
0,0,0,0,0,0,0,0,0,0,0,0,0,0,0,0
WAL a,k,l,m,n,w,b,c,o,p,v,x,y,s,j,10,11,z
EXT 14,5 u 12,12
EXT 7,1 p 3,12
PAL 2

ROOM t
0,0,0,0,0,0,0,0,0,0,0,0,0,0,0,0
0,0,0,0,0,0,0,0,0,0,0,0,0,0,0,0
0,0,0,0,0,0,0,0,0,0,0,0,0,0,0,0
0,0,0,0,0,0,0,0,0,0,0,0,0,0,0,0
0,0,0,0,0,0,0,0,0,0,0,0,0,0,v,0
0,0,0,0,0,0,0,0,0,n,a,a,a,a,u,b
0,0,0,0,0,0,0,0,0,m,0,0,0,0,0,c
0,0,0,0,0,0,0,0,0,m,0,0,0,s,0,c
0,0,0,0,0,0,0,0,0,m,0,s,0,0,0,c
0,0,0,0,0,0,0,0,0,m,0,0,0,0,0,c
0,0,0,0,0,0,0,0,0,l,a,a,u,a,a,j
0,0,0,0,0,0,0,0,0,0,0,0,v,0,0,0
0,0,0,0,0,0,0,0,0,0,0,0,0,0,0,0
0,0,0,0,0,0,0,0,0,0,0,0,0,0,0,0
0,0,0,0,0,0,0,0,0,0,0,0,0,0,0,0
0,0,0,0,0,0,0,0,0,0,0,0,0,0,0,0
WAL a,k,l,m,n,b,c,o,p,v,w,x,y,s,j,10,11,z
EXT 12,10 p 3,11
EXT 14,5 v 5,12
PAL 2

ROOM u
0,0,0,0,0,0,0,0,0,0,0,0,0,0,0,0
0,0,0,0,0,0,0,0,0,0,0,0,0,0,0,0
0,0,0,0,0,0,0,0,0,0,0,0,0,0,0,0
0,0,0,0,0,0,0,0,0,0,0,0,0,0,0,0
0,0,0,0,0,0,0,0,0,0,0,0,0,0,0,0
0,0,0,0,0,0,0,0,0,0,0,0,0,0,0,0
0,0,0,0,0,0,0,0,0,0,0,0,0,0,0,0
0,0,0,0,0,0,0,0,0,0,0,0,0,0,0,0
0,0,0,0,0,0,0,0,0,0,0,0,0,0,0,0
0,0,0,0,0,0,0,0,0,0,0,0,v,0,0,0
0,0,0,0,0,0,0,0,0,0,0,n,u,a,a,b
0,0,0,0,0,0,0,0,0,0,0,m,0,0,0,c
0,0,0,0,0,0,0,0,0,0,v,q,0,0,0,c
0,0,0,0,0,0,0,0,0,0,0,m,0,s,0,c
0,0,0,0,0,0,0,0,0,0,0,m,0,0,0,c
0,0,0,0,0,0,0,0,0,0,0,l,a,a,a,j
WAL a,k,l,m,n,y,b,c,o,p,v,w,x,s,j,10,11,z
EXT 11,12 p 3,12
EXT 12,10 p 3,11
PAL 2

ROOM v
0,0,0,0,0,0,0,0,0,0,0,0,0,0,0,0
0,0,0,0,0,0,0,0,0,0,0,0,0,0,0,0
0,0,0,0,0,0,0,0,0,0,0,0,0,0,0,0
0,0,0,0,0,0,0,0,0,0,0,0,0,0,0,0
0,0,0,0,0,0,0,0,0,0,0,0,0,0,0,0
0,0,0,0,0,0,0,0,0,0,0,0,0,0,0,0
0,0,0,0,0,0,0,0,0,0,0,0,0,0,0,0
0,0,0,0,0,0,0,0,0,0,0,0,0,0,0,0
0,0,0,0,0,0,0,0,0,0,0,0,0,0,0,0
0,0,0,0,0,0,0,0,0,0,0,0,0,0,0,0
0,0,0,0,n,a,10,0,0,11,a,b,0,0,0,0
0,0,0,0,m,0,0,0,0,0,0,c,0,0,0,0
0,0,0,v,w,0,0,0,0,0,0,x,v,0,0,0
0,0,0,0,m,0,0,0,0,0,0,c,0,0,0,0
0,0,0,0,m,0,0,0,0,0,0,c,0,0,0,0
0,0,0,0,l,a,a,a,a,a,a,j,0,0,0,0
WAL a,k,l,m,n,w,v,b,c,p,x,y,o,s,10,11,j,z
EXT 7,10 13 7,9
EXT 8,10 13 8,9
PAL 2

TIL 10
00000000
11111111
00000001
11111111
00000000
00000000
01010101
10101010
NAME undefined

TIL 11
00000000
11111111
10000000
11111111
00000000
00000000
01010101
10101010
NAME undefined

TIL 12
00000000
11111111
00000000
11111111
00000000
11111111
00000000
11111111
NAME undefined

TIL 13
00000000
11111111
00000000
11111111
00000000
00000000
01010101
10101010
>
00000000
11111001
00000110
11111001
00000110
00000000
10101010
01010101
NAME undefined

TIL a
00000000
11111111
00000000
11111111
00000000
00000000
01010101
10101010
NAME undefined

TIL b
00000000
11111110
00000010
11111010
00001010
00001010
01001010
10101010
NAME undefined

TIL c
01001010
10001010
01001010
10001010
01001010
10001010
01001010
10001010
NAME undefined

TIL j
01001010
11111010
00000010
11111110
00000010
00000010
01010110
10101010
NAME undefined

TIL k
01010101
10101010
00000000
00000000
11111111
00000000
11111111
00000000
NAME undefined

TIL l
01010001
01011111
01000000
01111111
01000000
01000000
01010101
01101010
NAME undefined

TIL m
01010001
01010010
01010001
01010010
01010001
01010010
01010001
01010010
NAME undefined

TIL n
00000000
01111111
01000000
01011111
01010000
01010000
01010001
01010010
NAME undefined

TIL o
00000000
11111111
10000010
10000011
10100010
10000010
10000011
10000010
NAME undefined

TIL p
00000000
11111111
00100000
11100000
00100010
00100000
01100000
10100000
NAME undefined

TIL q
01110001
00000000
00000000
00000000
00000000
00000000
00000000
01110010
NAME undefined

TIL r
01001110
00000000
00000000
00000000
00000000
00000000
00000000
10001110
NAME undefined

TIL s
01111110
00110100
00101100
00110100
00101100
00110100
00101100
01111110
NAME undefined

TIL t
01001110
00000000
00000000
00000000
00000000
00000000
00000000
10001110
NAME undefined

TIL u
00000000
10000001
10000001
10000001
00000000
00000000
00000001
10000000
NAME undefined

TIL v
00000000
00000000
00000000
00000000
00000000
00000000
00000000
00000000
NAME undefined

TIL w
01110001
01111111
01000000
01001000
01000000
01000000
01111111
01110010
NAME undefined

TIL x
01001110
11111110
00000010
00000010
00010010
00000010
11111110
10001110
NAME undefined

TIL y
00000000
11111111
01000010
11000011
01000010
01001010
01000011
11000010
NAME undefined

TIL z
00000000
00000000
00000000
00000000
00000000
00000000
00000000
00000000
NAME undefined

SPR 11
00000000
00000000
00000000
00111000
00111100
00111100
00011000
00011000

SPR 12
00000000
00000000
00000000
00000000
00000000
00000000
00010000
00011000
POS b 2,12

SPR 13
00011000
00011000
00000000
00111111
00111000
00111000
00011000
00011000

SPR 14
00001000
00011000
00000000
00111100
00111000
00101000
00001000
00001000
>
00011000
00011000
00000000
00111100
00111100
00111000
00011000
00011000
POS n 13,12

SPR 15
00011000
00011000
00000000
00001000
00101000
00100000
00000000
00000000
>
00000000
00000000
00000000
00110100
00010100
00011100
00011000
00011000
POS i 2,12

SPR 16
00010000
00011000
00000000
00111100
00111000
00111000
00011000
00011000
>
00001000
00000000
00000000
00000000
00000100
00000100
00000000
00000000
POS j 2,6

SPR 17
00000000
00000000
00000000
00100000
00110000
00111000
00011000
00011000
>
00011000
00011000
00000000
00011100
00001100
00000100
00000000
00000000
POS j 4,7

SPR 18
00010000
00011000
00000000
00110000
00011000
00001000
00001000
00011000
>
00001000
00000000
00000000
00001100
00100100
00110100
00010000
00000000
POS k 2,2

SPR 19
00001000
00010000
00000000
00011000
00001000
00001100
00010000
00010000
>
00010000
00001000
00000000
00100100
00110100
00110000
00001000
00001000
POS k 4,2

SPR 20
00011000
00011000
00000000
00111000
00111100
00111100
00010000
00010000
POS f 13,6

SPR 21
00010000
00011000
00000000
00111100
00111100
00011100
00011000
00011000
POS 12 6,13

SPR 22
00001000
00011000
00000000
00111100
00111100
00111000
00011000
00011000
POS 12 9,13

SPR A
00011000
00011000
00000000
00111100
00111100
00111100
00011000
00011000
POS 1 8,13

SPR a
00011000
00011000
00000000
00111100
00111000
00111000
00011000
00011000
POS 2 2,12

SPR b
00010000
00011000
00000000
00111100
00111100
00011100
00011000
00011000
POS 3 4,7

SPR c
00000000
00000000
00000000
00000100
00001100
00111100
00011000
00011000
POS 3 2,6

SPR d
00011000
00011000
00000000
00111100
00111100
00111100
00011000
00001000
POS 4 2,2

SPR e
00011000
00011000
00000000
00111100
00111000
00011000
00011000
00011000
POS 4 4,2

SPR f
00000000
00000000
00000000
00000000
00000000
00000000
00001000
00011000
POS 4 6,2

SPR g
00011000
00011000
00000000
00100000
00110000
00111100
00011000
00011000
POS 5 9,2

SPR h
00011000
00011000
00000000
00111000
00111100
00111100
00010000
00010000
POS 5 11,2

SPR i
00011000
00011000
00000000
00100000
00110100
00111100
00011000
00011000
POS 5 13,2

SPR j
00011000
00011000
00000000
00110000
00111000
00111100
00011000
00011000
POS 6 11,7

SPR k
00001000
00011000
00000000
00111100
00111100
00011100
00011000
00011000
POS 6 13,6

SPR l
00011000
00011000
00000000
00111100
00011100
00011100
00011000
00011000
POS 7 13,12

SPR m
00000000
00000000
00000000
00000000
00000100
00001100
00111100
00011000
POS c 2,7

SPR n
00010000
00011000
00000000
00111100
00011100
00011100
00011000
00011000
POS c 4,6

SPR o
00011000
00011000
00000000
00111100
00111100
00111100
00011000
00001000
POS d 4,2

SPR p
00011000
00011000
00000000
00111100
00111000
00011000
00011000
00011000
POS d 6,2

SPR q
00000000
00000000
00000000
00000000
00000000
00000000
00001000
00011000
POS d 2,2

SPR r
00000000
00000000
00000000
00100000
00110000
00111100
00011000
00011000
POS e 9,2

SPR s
00000000
00000000
00000000
00111100
00111100
00111100
00010000
00010000
POS e 11,2

SPR t
00000000
00000000
00000000
00100000
00110100
00111100
00011000
00011000
POS e 13,2

SPR u
00000000
00000000
00000000
00110000
00111000
00111100
00011000
00011000
POS f 13,6

SPR v
00011000
00011000
00000000
00000000
00000000
00000000
00000000
00000000
POS f 11,7

SPR w
00011000
00011000
00000000
00111100
00011100
00011100
00011000
00011000
POS g 13,12

SPR 1a
00011000
00000000
00000000
00011000
00011000
00011000
00011000
00011000
>
00000000
00011000
00000000
00100100
00100100
00100100
00000000
00000000
POS k 6,2

SPR 1b
00001000
00000000
00000000
00001000
00100000
00010100
00000000
00001000
>
00010000
00011000
00000000
00110100
00011100
00101000
00011000
00010000
POS l 9,2

SPR 1c
00000000
00000000
00000000
00100000
00110000
00011000
00000000
00000000
>
00011000
00011000
00000000
00011100
00001100
00100100
00011000
00011000
POS l 11,2

SPR 1d
00000000
00000000
00000000
00111100
00111100
00111100
00011000
00011000
>
00011000
00011000
00000000
00000000
00000000
00000000
00000000
00000000
POS l 13,2

SPR 1e
00001000
00000000
00000000
00011100
00000100
00001100
00011000
00011000
>
00010000
00011000
00000000
00100000
00111000
00110000
00000000
00000000
POS m 13,6

SPR 1f
00010000
00010000
00000000
00010100
00010100
00010100
00010000
00010000
>
00001000
00001000
00000000
00101000
00101000
00101000
00001000
00001000
POS m 11,7

SPR 1g
00000000
00010000
00000000
00111100
00011100
00010100
00010000
00010000
>
00011000
00001000
00000000
00000000
00100000
00101000
00001000
00001000
POS n 13,12

SPR 1h
00011000
00011000
00000000
00111110
00111000
00111000
00011000
00011000
POS p 2,12

SPR 1i
00010000
00011000
00000000
01111100
00011100
00011100
00011000
00011000
POS r 4,2

SPR 1j
00000000
00000000
00000000
00000000
00001000
00001100
00011000
00011000
POS r 6,2

SPR 1k
00000000
00000000
00000000
00000000
00111000
00111100
00011000
00011000
POS r 2,2

SPR 1l
00000000
00000000
00000000
00000000
00000000
00010000
00010000
00011000
POS s 9,2

SPR 1m
00000000
00000000
00000000
00000000
00000000
00000000
00000000
00011000
POS s 11,2

SPR 1n
00010000
00011000
00000000
01111100
00011100
00011000
00011000
00001000
POS s 13,2

SPR 1o
00011000
00011000
00000000
01111000
01011000
00011000
00011000
00011000
POS q 4,7

SPR 1p
00000000
00000000
00000000
00000000
00000000
00000000
00010000
00011000
POS q 2,6

SPR 1q
00000000
00000000
00000000
00000100
00001100
00011100
00011000
00011000
POS t 11,7

SPR 1r
00010000
00011000
00000010
00011110
00011000
00011000
00011000
00011000
POS t 13,6

SPR 1s
00011000
00011000
00000000
00111100
00111100
00011000
00011000
00011000
POS u 13,12

SPR 1t
00010000
00011000
00000000
00111100
00111000
00111000
00011000
00011000

SPR 1u
00000000
00000000
00000000
00111100
00011100
00011100
00011000
00011000

SPR 1v
00000000
00000000
00000000
00000000
00000000
00000000
00000000
00000000

SPR 1w
00010000
00011000
00000000
00111100
00111000
00111000
00011000
00011000

SPR 1x
00000000
00000000
00000000
00111100
00011100
00011100
00011000
00011000

SPR 1y
00010000
00011000
00000000
00111100
00111100
00011100
00011000
00011000
POS 9 6,13

SPR 1z
00001000
00011000
00000000
00111100
00111100
00111000
00011000
00011000
POS 9 9,13

ITM 0
00000000
00000000
00000000
00111100
01100100
00100100
00011000
00000000
DLG ITM_0

DLG ITM_0
You got a cup of tea! Nice.

DLG SPR_a
I think I need a drink

DLG SPR_b
Maybe two

DLG SPR_c
Who am I kiddingÂ ? There's always three of them at least.

DLG SPR_d
Let's hope I won't see any demons tonight

END 0
Welcome home.

END undefined
I shouldn't forget to close the portal when leaving
