
My name is Rose

# BITSY VERSION 4.7

! ROOM_FORMAT 1

PAL 0
135,22,70
32,181,98
255,179,172

PAL 1
71,73,117
161,251,245
172,105,255

PAL 2
24,26,46
207,254,244
221,122,255

PAL 3
0,0,0
196,193,190
122,47,27

ROOM 0
0,4s,4s,4s,4i,4f,4f,4f,4f,4f,4f,4i,4s,4s,4s,11
4s,4s,4s,0,0,0,0,0,0,0,0,0,0,4s,4s,4s
4s,4s,0,0,4l,0,0,4l,0,0,0,0,4l,0,4s,4s
0,4s,0,0,0,0,0,0,0,4l,0,0,0,0,4s,0
0,4s,0,0,0,0,4l,0,4q,0,0,4l,0,0,4s,0
4f,4f,4i,0,4l,0,0,4q,4q,0,0,11,0,4i,4f,4f
4j,0,0,0,0,11,0,4r,4p,0,0,0,0,0,0,4k
4j,0,0,4q,0,4q,4q,4m,4n,4q,4q,0,4q,0,0,4k
4j,11,0,0,4q,4q,4q,4q,4q,4q,4q,4q,0,0,0,4k
4j,0,0,0,0,0,0,4q,11,0,0,0,0,0,0,4k
4f,4f,4i,0,0,0,0,0,4q,0,0,0,0,4i,4f,4f
0,4s,0,0,4l,0,0,4q,0,0,0,4l,0,0,4s,0
0,4s,0,0,0,4l,0,0,0,0,0,0,4l,0,4s,0
4s,4s,0,0,4l,0,0,0,0,11,0,0,0,0,4s,4s
4s,4s,4s,0,0,0,0,11,0,0,11,0,0,4s,4s,4s
0,4s,4s,4s,4i,4f,4f,4f,4f,4f,4f,4i,4s,4s,4s,0
ITM j 4,4
ITM k 4,10
ITM m 4,12
ITM n 11,10
ITM o 5,11
ITM p 4,1
ITM q 11,3
ITM p 12,11
ITM r 7,1
ITM s 6,3
ITM t 12,1
PAL 0

ROOM 1
0,0,0,0,0,0,0,0,0,0,0,0,0,0,0,0
0,0,0,0,0,0,0,0,0,0,0,0,0,0,0,0
0,0,0,0,0,0,0,0,0,0,0,0,0,0,0,0
0,0,0,0,0,0,0,0,0,0,0,0,0,0,0,0
0,0,0,0,0,0,0,0,0,0,0,0,0,0,0,0
0,0,a,0,0,0,0,0,0,0,0,0,0,0,0,0
0,0,a,0,0,0,0,2h,2h,2h,0,0,0,0,0,0
0,0,a,0,0,0,0,0,2i,0,0,0,0,0,0,0
0,0,a,29,2a,2b,2c,2d,25,2c,2e,2f,2g,0,0,0
0,0,a,0,0,0,0,0,25,0,0,0,0,0,0,0
0,0,a,36,2l,36,36,2j,36,36,36,2k,36,0,0,0
45,45,a,0,0,2y,31,32,33,34,35,2x,0,0,0,0
0,0,0,0,0,0,0,0,0,0,0,0,0,11,45,45
0,21,0,0,0,0,0,0,0,0,0,0,0,0,0,0
0,1z,0,0,0,0,0,0,0,0,0,0,0,0,0,0
0,0,0,0,0,0,0,0,0,0,0,0,0,0,0,0
NAME Room 0
EXT 12,11 2 4,10
END 0 2,14
PAL 3

ROOM 2
0,0,0,0,0,0,0,0,0,0,0,0,0,0,0,0
0,0,0,0,0,0,0,0,0,0,0,0,0,0,0,0
0,0,0,0,0,0,0,0,0,0,0,0,0,0,0,0
0,0,0,0,0,0,0,0,0,0,0,0,0,0,0,0
0,0,0,0,0,0,0,0,0,0,0,0,0,0,0,0
0,0,a,0,0,0,0,0,0,0,0,0,0,0,0,0
0,0,a,0,0,0,0,0,0,0,0,0,0,0,0,0
0,0,a,0,0,0,0,0,0,2v,2u,0,0,0,0,0
0,0,a,0,0,2o,2p,2q,2r,2s,2t,0,0,0,0,0
0,0,a,0,36,2w,2w,2w,2w,2w,36,0,0,0,0,0
0,0,a,36,0,0,0,0,2m,2n,0,36,0,0,0,0
0,0,a,0,36,36,36,36,2w,2w,36,0,0,0,0,0
0,0,0,0,0,0,0,0,0,0,0,0,0,11,0,0
0,21,0,0,0,0,0,0,0,0,0,0,0,0,0,0
0,1z,0,0,0,0,0,0,0,0,0,0,0,0,0,0
0,0,0,0,0,0,0,0,0,0,0,0,0,0,0,0
NAME Title
EXT 10,10 4 3,10
PAL 3

ROOM 4
0,0,0,0,0,0,0,0,0,0,0,0,0,0,0,0
0,0,0,0,0,0,0,0,0,0,0,0,0,0,0,0
0,0,0,0,0,0,0,0,0,0,0,0,0,0,0,0
0,0,0,0,0,0,0,0,0,0,0,0,0,0,0,0
0,0,0,0,0,0,0,0,0,0,0,0,0,0,0,0
0,0,a,27,27,27,27,27,0,26,23,26,0,0,0,0
0,0,a,0,0,0,0,0,0,0,23,0,0,0,0,0
0,0,a,0,0,0,0,0,0,0,23,0,0,0,0,0
0,0,a,0,0,0,0,0,0,0,23,0,26,0,0,0
0,0,a,26,0,26,23,23,23,23,23,0,0,0,0,0
0,0,a,0,0,0,0,0,0,0,0,0,0,0,0,0
0,0,a,0,26,0,0,0,4f,4e,4c,4d,4f,0,0,0
0,0,0,0,0,0,0,0,0,0,0,0,0,11,0,0
0,21,0,0,0,0,0,0,0,0,0,0,0,0,0,0
0,1z,0,0,0,0,0,0,0,0,0,0,0,0,0,0
0,0,0,0,0,0,0,0,0,0,0,0,0,0,0,0
NAME Town 01
EXT 10,5 5 10,11
PAL 3

ROOM 5
0,0,0,0,0,0,0,0,0,0,0,0,0,0,0,0
0,0,0,0,0,0,0,0,0,0,0,0,0,0,0,0
0,0,0,0,0,0,0,0,0,0,0,0,0,0,0,0
0,0,0,0,0,0,0,0,0,0,0,0,0,0,0,0
0,0,0,0,0,0,0,0,0,0,0,0,0,0,0,0
0,0,a,0,0,0,0,0,23,0,0,27,27,0,0,0
0,0,a,27,27,27,0,0,23,0,0,0,0,0,0,0
0,0,a,0,0,0,0,0,23,0,0,0,0,0,0,0
0,0,a,3v,0,0,0,0,23,0,0,0,0,0,0,0
0,0,a,0,0,0,23,23,23,23,23,0,23,0,0,0
0,0,a,23,0,23,23,0,0,23,0,0,0,0,0,0
0,0,a,0,0,0,0,0,0,23,23,0,0,0,0,0
0,0,0,0,0,0,0,0,0,0,0,0,0,11,0,0
0,21,0,0,0,0,0,0,0,0,0,0,0,0,0,0
0,1z,0,0,0,0,0,0,0,0,0,0,0,0,0,0
0,0,0,0,0,0,0,0,0,0,0,0,0,0,0,0
NAME Town02
EXT 8,5 6 8,11
EXT 3,8 7 7,10
EXT 10,11 4 10,5
PAL 3

ROOM 6
0,0,0,0,0,0,0,0,0,0,0,0,0,0,0,0
0,0,0,0,0,0,0,0,0,0,0,0,0,0,0,0
0,0,0,0,0,0,0,0,0,0,0,0,0,0,0,0
0,0,0,0,0,0,0,0,0,0,0,0,0,0,0,0
0,0,0,0,0,0,0,0,0,0,0,0,0,0,0,0
0,0,a,26,3m,0,0,39,28,3a,0,0,3m,0,0,0
0,0,a,26,3m,0,0,39,28,3a,0,0,3m,0,0,0
0,0,a,26,3m,3p,37,37,3b,37,37,3o,3m,0,0,0
0,0,a,26,3n,3l,26,0,23,0,26,3n,3l,0,0,0
0,0,a,0,26,0,3u,0,23,0,0,0,26,0,0,0
0,0,a,0,0,0,3c,0,23,0,0,0,0,0,0,0
0,0,a,0,0,0,0,0,23,0,0,0,0,0,0,0
0,0,0,0,0,0,0,0,0,0,0,0,0,11,0,0
0,21,0,0,0,0,0,0,0,0,0,0,0,0,0,0
0,1z,0,0,0,0,0,0,0,0,0,0,0,0,0,0
0,0,0,0,0,0,0,0,0,0,0,0,0,0,0,0
NAME Town03
EXT 8,5 8 8,11
EXT 8,11 5 8,5
PAL 3

ROOM 7
0,0,0,0,0,0,0,0,0,0,0,0,0,0,0,0
0,0,0,0,0,0,0,0,0,0,0,0,0,0,0,0
0,0,0,0,0,0,0,0,0,0,0,0,0,0,0,0
0,0,0,0,0,0,0,0,0,0,0,0,0,0,0,0
0,0,0,0,0,0,0,0,0,0,0,0,0,0,0,0
0,0,a,0,0,0,0,0,0,0,0,0,0,0,0,0
0,0,a,0,0,0,0,0,0,0,0,0,0,0,0,0
0,0,a,0,3h,3k,3h,3h,3h,3q,0,0,0,0,0,0
0,0,a,0,3i,3j,0,0,0,3q,0,0,0,0,0,0
0,0,a,0,3i,3e,3d,3f,0,0,0,0,0,0,0,0
0,0,a,0,0,0,0,0,0,0,0,0,0,0,0,0
0,0,a,0,0,0,0,0,0,0,0,0,0,0,0,0
0,0,0,0,0,0,0,0,0,0,0,0,0,11,0,0
0,21,0,0,0,0,0,0,0,0,0,0,0,0,0,0
0,1z,0,0,0,0,0,0,0,0,0,0,0,0,0,0
0,0,0,0,0,0,0,0,0,0,0,0,0,0,0,0
NAME Town04
EXT 7,11 5 3,9
PAL 3

ROOM 8
0,0,0,0,0,0,0,0,0,0,0,0,0,0,0,0
0,0,0,0,0,0,0,0,0,0,0,0,0,0,0,0
0,0,0,0,0,0,0,0,0,0,0,0,0,0,0,0
0,0,0,0,0,0,0,0,0,0,0,0,0,0,0,0
0,0,0,0,0,0,0,0,0,0,0,0,0,0,0,0
0,0,a,0,0,0,3p,37,37,37,3o,0,0,0,0,0
0,0,a,0,0,3p,3l,4a,3t,49,3n,3o,0,0,0,0
0,0,a,0,3p,3l,0,47,0,48,0,3n,3o,0,0,0
0,0,a,0,3m,0,3s,3g,3g,3g,3r,0,3m,0,0,0
0,0,a,0,3m,0,0,3s,3g,3r,0,0,3m,0,0,0
0,0,a,0,3m,0,0,39,28,3a,0,0,3m,0,0,0
0,0,a,0,3m,0,0,39,28,3a,0,0,3m,0,0,0
0,0,0,0,0,0,0,0,0,0,0,0,0,11,0,0
0,21,0,0,0,0,0,0,0,0,0,0,0,0,0,0
0,1z,0,0,0,0,0,0,0,0,0,0,0,0,0,0
0,0,0,0,0,0,0,0,0,0,0,0,0,0,0,0
NAME Town05
EXT 8,11 11 3,2
PAL 3

ROOM 9
0,0,0,0,0,0,0,0,0,0,0,0,0,0,0,0
0,0,0,0,0,0,0,0,0,0,0,0,0,0,0,0
0,0,0,0,0,0,0,0,0,0,0,0,0,0,0,0
0,0,0,0,0,0,0,0,0,0,0,0,0,0,0,0
0,0,0,0,0,0,0,0,0,0,0,0,0,0,0,0
0,0,a,2n,0,0,3p,37,37,0,3o,0,42,0,0,0
0,0,a,0,0,3p,3l,4a,3t,49,3n,3o,0,0,0,0
0,0,a,0,3p,3l,0,47,4b,48,0,3n,3o,0,0,0
0,0,a,0,0,0,3s,3g,3g,3g,3r,0,3j,0,0,0
0,0,a,0,3j,0,0,3s,3g,3r,0,0,3j,0,0,0
0,0,a,0,3j,42,0,39,28,3a,36,0,3j,0,0,0
0,0,a,0,41,0,0,0,28,3a,41,0,0,0,0,0
0,0,0,0,0,3w,3x,0,0,0,3w,41,3x,11,0,0
0,21,0,0,0,41,42,0,0,0,42,43,41,0,0,0
0,1z,0,0,0,0,0,0,0,0,0,0,0,0,0,0
0,0,0,0,0,0,0,0,0,0,0,0,0,0,0,0
NAME Town06
EXT 7,7 11 9,11
EXT 8,7 11 9,11
EXT 9,7 11 9,11
PAL 3

ROOM 10
0,0,0,0,0,0,0,0,0,0,0,0,0,0,0,0
0,0,0,0,0,0,0,0,0,0,0,0,0,0,0,0
0,0,0,0,0,0,0,0,0,0,0,0,0,0,0,0
0,0,0,0,0,0,0,0,0,0,0,0,0,0,0,0
0,0,0,0,0,0,0,0,0,0,0,0,0,0,0,0
0,0,a,0,0,41,0,0,0,0,0,0,0,0,0,0
0,0,a,0,0,0,0,0,0,0,0,0,41,0,0,0
0,0,a,0,0,0,0,0,0,0,0,0,0,0,0,0
0,0,a,43,0,2o,0,2p,0,0,0,2s,0,0,0,0
0,0,a,0,0,0,0,0,0,0,0,0,0,0,0,0
0,0,a,0,0,0,0,2q,0,2r,36,0,0,0,0,0
0,0,a,0,41,0,0,0,0,0,0,41,2m,0,0,0
0,0,0,0,0,3w,0,3x,0,3w,0,3x,0,11,0,0
0,21,0,3y,40,0,0,0,0,0,0,0,40,0,40,44
0,1z,0,0,0,3y,0,0,0,0,3z,41,0,41,0,0
0,0,0,0,0,0,3y,44,44,3z,0,0,0,0,0,0
NAME Town07
EXT 12,11 2 4,10
EXT 5,13 1 7,14
EXT 6,14 1 7,14
EXT 11,13 0 0,0
EXT 7,13 1 7,14
EXT 10,13 1 7,14
PAL 3

ROOM 11
0,0,0,0,0,0,0,0,0,0,0,0,0,0,0,0
0,0,45,45,45,45,45,0,0,0,0,0,0,0,0,0
0,0,45,0,0,0,45,0,0,0,0,0,0,0,0,0
0,0,45,45,45,45,45,0,0,0,0,0,0,0,0,0
0,0,0,0,0,0,0,0,0,0,0,0,0,0,0,0
0,0,0,0,0,0,0,0,0,0,0,0,0,0,0,0
0,0,0,0,0,0,0,0,0,0,0,0,0,0,0,0
0,0,0,0,0,0,0,0,0,0,0,0,0,0,0,0
0,0,0,0,0,0,0,0,0,0,0,0,0,0,0,0
0,0,0,0,0,0,0,45,45,45,45,45,0,0,0,0
0,0,0,0,0,0,0,45,0,0,0,45,0,0,0,0
0,0,0,0,0,0,0,45,0,0,0,45,0,0,0,0
0,0,0,0,0,0,0,45,0,0,0,45,0,0,0,0
0,0,0,0,0,0,0,45,45,45,45,45,0,0,0,0
0,0,0,0,0,0,0,0,0,0,0,0,0,0,0,0
0,0,0,0,0,0,0,0,0,0,0,0,0,0,0,0
EXT 5,2 9 8,10
EXT 8,10 10 7,5
PAL 0

TIL 11
11000000
11100011
01100111
00000110
00010000
00111000
00111000
00010000
WAL true

TIL 4f
01100110
10011001
11111111
00000000
10011001
11111111
00000000
10011001
WAL true

TIL 4i
00011000
00100100
00111100
00100100
00100100
00111100
00100100
00100100

TIL 4j
11110000
10010000
10010000
11110000
10010000
10010000
10010000
10010000
WAL true

TIL 4k
00001111
00001001
00001001
00001111
00001001
00001001
00001001
00001001
WAL true

TIL 4l
00010011
00010111
00010110
00010000
11001000
11101000
01101000
00001000
>
00010000
00010011
00010111
00010110
01101000
01101000
01101000
00001000

TIL 4m
00000000
01111111
01011100
01001000
01001000
01001000
01111111
01101010

TIL 4n
00000000
11111110
00111010
00010010
00010010
00010010
11111110
01010110

TIL 4p
10000000
01000000
11110000
00001000
00000100
11111100
00000010
11111111

TIL 4q
00000000
00000000
00100000
00000000
00000100
00000000
00100000
00000000

TIL 4r
00000001
00000010
00001111
00010000
00100000
00111111
01000000
11111111

TIL 4s
00111100
01110110
01011110
01111010
00111100
00000000
00011000
00000000
WAL true

SPR A
01011110
10100011
10101001
10100101
10111001
11000011
01111111
00111110
POS 0 9,2

SPR a
00000000
00000000
01010001
01110001
01110010
01111100
00111100
00100100
DLG SPR_0
POS 0 14,6

SPR b
01000010
10000001
10000001
11000011
11111101
11100001
11100011
01111110
DLG SPR_1
POS 0 9,8

SPR h
00000000
11111111
11111111
01000010
01000010
01000010
01111110
00011000
DLG SPR_5

ITM 0
00000000
00000000
00000000
00111100
01100100
00100100
00011000
00000000
NAME tea
DLG ITM_0

ITM j
00111100
01100010
01011010
01000010
01111010
01111010
01111010
00110100
>
00011110
00110011
00101001
00101101
00110001
00111101
00111101
00011010
DLG ITM_b

ITM k
00011000
01100110
11011001
10111101
10110011
11001111
01100110
00110100
>
00000000
00000000
01011011
10111101
10111101
10110011
11000111
01110110
DLG ITM_a

ITM l
01111100
11000010
10011010
10100010
10011110
01001110
01110110
00110100
>
00111110
01100001
01001101
01010001
01001111
00100111
00110110
00110100
DLG ITM_9

ITM m
00011000
00110100
00101100
01101110
01011110
01011110
01011110
00111100
>
00001100
00011010
00010110
00110111
00101111
00101111
00101111
00011110
DLG ITM_8

ITM n
00011000
00111100
00110000
01101110
01011110
01011110
01011110
00111100
>
00000110
00001111
00011111
00111000
00110111
00101111
00101111
00011110
DLG ITM_7

ITM o
00111100
01100010
01011010
01000010
01111110
01111110
01111110
00111100
>
00000000
00011110
00110011
00101001
01100101
01111001
01111111
00111110
DLG ITM_6

ITM p
01111100
11000110
10111010
10101010
10011010
01110110
01101110
00101100
>
00111110
01100011
01011101
01010101
01001101
00110011
00101110
00101100
DLG ITM_5

ITM q
00111110
01000011
10111101
10111001
11001111
01110110
01110110
00110100
>
00000000
00000110
00111011
10111101
11001101
11110011
11110111
01110110
DLG ITM_4

ITM r
00111100
01100010
01011010
01000010
01111110
01111110
01111110
00111100
>
00011110
00100001
00101101
00100011
00111111
00111111
00111110
00011100
DLG ITM_1

ITM s
00000000
01011000
10011010
10010010
11000110
11011110
01101100
00101100
>
00000000
00101100
01001101
01001001
01100011
01101111
00101110
00101100
DLG ITM_3

ITM t
00000000
00011000
10111101
01011100
11101011
11110111
01111010
00111100
>
00011000
10111101
01011100
01101010
01100110
01110110
01111010
00111100
DLG ITM_2

DLG ITM_0
You found a nice warm cup of tea

DLG SPR_0
me~ow

DLG ITM_1
"""
"Good morning, {shk}*****{shk}"
"It's {shk}*****{shk}'s turn"
"{shk}*****{shk} can you come here?"
{roseHeld = roseHeld + 1}
"""

DLG ITM_2
"""
I'm a fake, my games are obvious, boring and pointless
{roseHeld = roseHeld + 1}
"""

DLG SPR_1
"""
{
  - roseHeld == 1 ?
    You open your hand and let a few petals fall into the well
    {roseHeld = 0}
{WellFull = WellFull + 1}
  - roseHeld == 2 ?
    You open your hand and let a few petals fall into the well
    {roseHeld = 0}
{WellFull = WellFull + 2}
  - roseHeld == 3 ?
    You toss up a handful of petals into the air and they flutter into the well
    {roseHeld = 0}
{WellFull = WellFull + 3}
  - roseHeld == 4 ?
    You toss up a handful of petals into the air and they flutter into the well
    {roseHeld = 0}
{WellFull = WellFull + 4}
  - roseHeld == 5 ?
    with both hands you let go of some petals
    {roseHeld = 0}
{WellFull = WellFull + 5}
  - roseHeld == 6 ?
    with both hands you let go of some petals
    {roseHeld = 0}
{WellFull = WellFull + 6}
  - roseHeld == 7 ?
    You've gathered the petals into a ball between your palms. it's like a small explosion when you let go
    {roseHeld = 0}
{WellFull = WellFull + 7}
  - roseHeld == 8 ?
    You've gathered the petals into a ball between your palms. it's like a small explosion when you let go
    {roseHeld = 0}
{WellFull = WellFull + 8}
  - roseHeld == 9 ?
    your head is full of rose aroma as you carry a huge burden of petals to the well. it is a relief to get rid of them
    {roseHeld = 0}
{WellFull = WellFull + 9}
  - roseHeld == 10 ?
    your head is full of rose aroma as you carry a huge burden of petals to the well. it is a relief to get rid of them
    {roseHeld = 0}
{WellFull = WellFull + 10}
  - roseHeld == 11 ?
    rose petals and loose thorns scrape against your arms as you finally let go
    {roseHeld = 0}
{WellFull = WellFull + 11}
  - WellFull == 0 ?
    A well
    If you look close enough you can just make out the surface of the water
  - WellFull == 1 ?
    A well
    A few drops of red slowly sink out of sight
  - WellFull == 2 ?
    A well
    A few drops of red slowly sink out of sight
  - WellFull == 3 ?
    A well
    clumps of petals form little islands on the water's surface
  - WellFull == 4 ?
    A well
    clumps of petals form little islands on the water's surface
  - WellFull == 5 ?
    A well
    petals gather on the edge of the well, forming a red circle
  - WellFull == 6 ?
    A well
    petals gather on the edge of the well, forming a red circle
  - WellFull == 7 ?
    The well
    you can't see the surface of the water anymore. it's just petals
  - WellFull == 8 ?
    The well
    you can't see the surface of the water anymore. it's just petals
  - WellFull == 9 ?
    The well
    you can't see the surface of the water anymore. it's just petals
  - WellFull == 10 ?
    The well
    how can there be so many rose petals?
  - WellFull == 11 ?
    the well is overflowing, petals to the brim, getting caught by passing wind and flying away
}
"""

DLG ITM_3
"""
The love of my family is conditional.
They will one day find their limit

{roseHeld = roseHeld + 1}
"""

DLG ITM_4
"""
Im terrible at my job and they must be looking for reasons to fire me
{roseHeld = roseHeld + 1}
"""

DLG ITM_5
"""
My voice is too loud, too deep
{roseHeld = roseHeld + 1}
"""

DLG ITM_6
"""
"oh wow you're really hairy"
{roseHeld = roseHeld + 1}
"""

DLG ITM_7
"""
with my hair in a ponytail I look like the comic book collector guy
{roseHeld = roseHeld + 1}
"""

DLG ITM_8
"""
im not "healthy"
im too fat
{roseHeld = roseHeld + 1}
"""

DLG ITM_9
"""
i should be working harder
{roseHeld = roseHeld + 1}
"""

DLG ITM_a
"""
im not authentic enough
{roseHeld = roseHeld + 1}
"""

DLG ITM_b
"""
my friends would rather be hanging out with other people
{roseHeld = roseHeld + 1}
"""

VAR a
42

VAR roseHeld
0

VAR WellFull
0


