rain

# BITSY VERSION 3.2

! ROOM_FORMAT 1

PAL 0
240,250,230
30,30,50
30,30,50

PAL 1
30,30,50
240,250,230
240,250,230

ROOM 0
14,14,14,14,14,14,14,14,14,14,14,14,14,14,14,14
14,14,14,14,14,14,14,14,14,14,14,14,14,14,14,14
14,14,14,14,14,14,14,14,14,14,14,14,14,14,14,14
14,14,14,14,14,14,14,14,14,14,14,14,14,14,14,14
14,14,14,14,14,14,14,u,v,u,v,w,14,14,14,14
14,14,14,14,14,14,19,b,d,b,b,d,1a,14,14,14
14,14,14,14,14,14,19,1i,13,0,1j,1j,j,16,14,14
14,14,14,14,t,s,r,1k,11,c,o,p,z,0,16,14
14,14,14,19,b,d,b,b,d,f,b,d,10,0,0,16
14,14,14,x,1b,13,1j,1j,13,c,1j,11,z,0,0,0
14,14,14,18,1l,0,11,0,0,1c,n,m,j,0,0,0
14,14,14,17,b,b,1d,b,b,b,1d,b,l,0,0,0
14,14,14,14,15,0,1e,0,0,0,1e,0,1h,0,0,0
14,14,14,14,14,15,1e,0,0,0,1e,0,0,0,0,0
14,14,14,14,14,14,1f,0,0,0,1e,0,0,0,0,0
14,14,14,14,14,14,1g,0,0,0,1e,0,0,0,0,0
WAL b,k,l,j,i,d,x,y,10,z,17,18,14,19,1a,m,r,s,t,u,v,w,1d,1h,1g,1f,1e,1b,1i,1j,13,1k,1l,1m,1o,1n
EXT 5,10 2 5,10
PAL 0

ROOM 1
0,0,0,0,0,0,0,0,0,0,0,0,0,0,0,0
0,0,0,0,0,0,0,0,0,0,0,0,0,0,0,0
0,0,0,0,0,0,0,0,0,0,0,0,0,0,0,0
0,0,0,0,0,0,0,0,0,0,0,0,0,0,0,0
0,0,0,0,0,0,0,0,0,0,0,0,0,0,0,0
0,0,0,0,0,0,0,0,0,0,0,0,0,0,0,0
0,0,0,0,0,0,0,0,0,0,0,c,0,0,0,0
0,0,0,0,0,0,0,0,0,0,0,0,0,0,0,0
0,0,0,0,0,0,0,0,0,0,0,0,0,0,0,0
0,0,0,0,0,0,0,0,0,0,0,0,0,0,0,0
0,0,0,0,0,0,0,0,0,0,0,0,0,0,0,0
0,0,0,0,0,0,0,0,0,0,0,0,0,0,0,0
0,0,0,0,0,0,0,0,0,0,0,0,0,0,0,0
0,0,0,0,0,0,0,0,0,0,0,0,0,0,0,0
0,0,0,0,0,0,0,0,0,0,0,0,0,0,0,0
0,0,0,0,0,0,0,0,0,0,0,0,0,0,0,0
WAL m,1j,1m,1o,1n
EXT 10,7 0 10,7
EXT 11,8 0 10,7
EXT 12,7 0 10,7
PAL 1

ROOM 2
14,14,14,14,14,14,14,14,14,14,14,14,14,14,14,14
14,14,14,14,14,14,14,14,14,14,14,14,14,14,14,14
14,14,14,14,14,14,14,14,14,14,14,14,14,14,14,14
14,14,14,14,14,14,14,14,14,14,14,14,14,14,14,14
14,14,14,14,14,14,14,u,v,u,v,w,14,14,14,14
14,14,14,14,14,14,19,b,d,b,b,d,1a,14,14,14
14,14,14,14,14,14,19,1i,13,0,1j,1j,j,16,14,14
14,14,14,14,t,s,r,1k,11,c,o,p,z,0,16,14
14,14,14,19,b,d,b,b,d,f,b,d,10,0,0,16
14,14,14,x,1b,13,1j,1j,13,c,1j,11,z,0,0,0
14,14,14,18,1l,0,11,0,0,1c,n,m,j,0,0,0
14,14,14,17,b,b,1d,b,b,b,1d,b,l,0,0,0
14,14,14,14,15,0,1e,0,0,0,1e,0,1h,0,0,0
14,14,14,14,14,15,1e,0,0,0,1e,0,0,0,0,0
14,14,14,14,14,14,1f,0,0,0,1e,0,0,0,0,0
14,14,14,14,14,14,1g,0,0,0,1e,0,0,0,0,0
WAL b,k,l,j,i,d,x,y,10,z,17,18,14,19,1a,m,r,s,t,u,v,w,1d,1h,1g,1f,1e,1b,1i,1j,13,1k,1l,1m,1o,1n
EXT 11,7 3 11,7
PAL 0

ROOM 3
0,0,0,0,0,0,0,0,0,0,0,0,0,0,0,0
0,0,0,0,0,0,0,0,0,0,0,0,0,0,0,0
0,0,0,0,0,0,0,0,0,0,0,0,0,0,0,0
0,0,0,0,0,0,0,0,0,0,0,0,0,0,0,0
0,0,0,0,0,0,0,0,0,0,0,0,0,0,0,0
0,0,0,0,0,0,0,0,0,0,0,0,0,0,0,0
0,0,0,0,0,0,0,0,0,0,0,c,0,0,0,0
0,0,0,0,0,0,0,0,0,0,0,0,0,0,0,0
0,0,0,0,0,0,0,0,0,0,0,0,0,0,0,0
0,0,0,0,0,0,0,0,0,0,0,0,0,0,0,0
0,0,0,0,0,0,0,0,0,0,0,0,0,0,0,0
0,0,0,0,0,0,0,0,0,0,0,0,0,0,0,0
0,0,0,0,0,0,0,0,0,0,0,0,0,0,0,0
0,0,0,0,0,0,0,0,0,0,0,0,0,0,0,0
0,0,0,0,0,0,0,0,0,0,0,0,0,0,0,0
0,0,0,0,0,0,0,0,0,0,0,0,0,0,0,0
WAL m,1j,1m,1o,1n
EXT 10,7 4 10,7
EXT 11,8 4 10,7
EXT 12,7 4 10,7
PAL 1

ROOM 4
14,14,14,14,14,14,14,14,14,14,14,14,14,14,14,14
14,14,14,14,14,14,14,14,14,14,14,14,14,14,14,14
14,14,14,14,14,14,14,14,14,14,14,14,14,14,14,14
14,14,14,14,14,14,14,14,14,14,14,14,14,14,14,14
14,14,14,14,14,14,14,u,v,u,v,w,14,14,14,14
14,14,14,14,14,14,19,b,d,b,b,d,1a,14,14,14
14,14,14,14,14,14,19,1i,13,0,1j,1j,j,16,14,14
14,14,14,14,t,s,r,1k,11,c,o,p,z,0,16,14
14,14,14,19,b,d,b,b,d,f,b,d,10,0,0,16
14,14,14,x,1b,13,1j,1j,13,c,1j,11,z,0,0,0
14,14,14,18,1l,0,11,0,0,1c,n,m,j,0,0,0
14,14,14,17,b,b,1d,b,b,b,1d,b,l,0,0,0
14,14,14,14,15,0,1e,0,0,0,1e,0,1h,0,0,0
14,14,14,14,14,15,1e,0,0,0,1e,0,0,0,0,0
14,14,14,14,14,14,1f,0,0,0,1e,0,0,0,0,0
14,14,14,14,14,14,1g,0,0,0,1e,0,0,0,0,0
WAL b,k,l,j,i,d,x,y,10,z,17,18,14,19,1a,m,r,s,t,u,v,w,1d,1h,1g,1f,1e,1b,1i,1j,13,1k,1l,1m,1o,1n
EXT 5,10 5 5,10
PAL 0

ROOM 5
14,14,14,14,14,14,14,14,14,14,14,14,14,14,14,14
14,14,14,14,14,14,14,14,14,14,14,14,14,14,14,14
14,14,14,14,14,14,14,14,14,14,14,14,14,14,14,14
14,14,14,14,14,14,14,14,14,14,14,14,14,14,14,14
14,14,14,14,14,14,14,u,v,u,v,w,14,14,14,14
14,14,14,14,14,14,19,b,d,b,b,d,1a,14,14,14
14,14,14,14,14,14,19,1i,13,0,1j,1j,j,16,14,14
14,14,14,14,t,s,r,1k,11,c,o,p,z,0,16,14
14,14,14,19,b,d,b,b,d,f,b,d,10,0,0,16
14,14,14,x,1b,13,1j,1j,13,c,1j,11,z,0,0,0
14,14,14,18,1l,0,11,0,0,1c,n,m,j,0,0,0
14,14,14,17,b,b,1d,b,b,b,1d,b,l,0,0,0
14,14,14,14,15,0,1e,0,0,0,1e,0,1h,0,0,0
14,14,14,14,14,15,1e,0,0,0,1e,0,0,0,0,0
14,14,14,14,14,14,1f,0,0,0,1e,0,0,0,0,0
14,14,14,14,14,14,1g,0,0,0,1e,0,0,0,0,0
WAL b,k,l,j,i,d,x,y,10,z,17,18,14,19,1a,m,r,s,t,u,v,w,1d,1h,1g,1f,1e,1b,1i,1j,13,1k,1l,1m,1o,1n
EXT 11,7 6 11,7
PAL 0

ROOM 6
0,0,0,0,0,0,0,0,0,0,0,0,0,0,0,0
0,0,0,0,0,0,0,0,0,0,0,0,0,0,0,0
0,0,0,0,0,0,0,0,0,0,0,0,0,0,0,0
0,0,0,0,0,0,0,0,0,0,0,0,0,0,0,0
0,0,0,0,0,0,0,0,0,0,0,0,0,0,0,0
0,0,0,0,0,0,0,0,0,0,0,0,0,0,0,0
0,0,0,0,0,0,0,0,0,0,0,c,0,0,0,0
0,0,0,0,0,0,0,0,0,0,0,0,0,0,0,0
0,0,0,0,0,0,0,0,0,0,0,0,0,0,0,0
0,0,0,0,0,0,0,0,0,0,0,0,0,0,0,0
0,0,0,0,0,0,0,0,0,0,0,0,0,0,0,0
0,0,0,0,0,0,0,0,0,0,0,0,0,0,0,0
0,0,0,0,0,0,0,0,0,0,0,0,0,0,0,0
0,0,0,0,0,0,0,0,0,0,0,0,0,0,0,0
0,0,0,0,0,0,0,0,0,0,0,0,0,0,0,0
0,0,0,0,0,0,0,0,0,0,0,0,0,0,0,0
WAL m,1j,1m,1o,1n
EXT 10,7 7 10,7
EXT 11,8 7 10,7
EXT 12,7 7 10,7
PAL 1

ROOM 7
14,14,14,14,14,14,14,14,14,14,14,14,14,14,14,14
14,14,14,14,14,14,14,14,14,14,14,14,14,14,14,14
14,14,14,14,14,14,14,14,14,14,14,14,14,14,14,14
14,14,14,14,14,14,14,14,14,14,14,14,14,14,14,14
14,14,14,14,14,14,14,u,v,u,v,w,14,14,14,14
14,14,14,14,14,14,19,b,d,b,b,d,1a,14,14,14
14,14,14,14,14,14,19,1i,13,0,1j,1j,j,16,14,14
14,14,14,14,t,s,r,1k,11,c,o,p,z,0,16,14
14,14,14,19,b,d,b,b,d,f,b,d,10,0,0,16
14,14,14,x,1b,13,1j,1j,13,c,1j,11,z,0,0,0
14,14,14,18,1l,0,11,0,0,1c,n,m,j,0,0,0
14,14,14,17,b,b,1d,b,b,b,1d,b,l,0,0,0
14,14,14,14,15,0,1e,0,0,0,1e,0,1h,0,0,0
14,14,14,14,14,15,1e,0,0,0,1e,0,0,0,0,0
14,14,14,14,14,14,1f,0,0,0,1e,0,0,0,0,0
14,14,14,14,14,14,1g,0,0,0,1e,0,0,0,0,0
WAL b,k,l,j,i,d,x,y,10,z,17,18,14,19,1a,m,t,u,v,w,1d,1h,1g,1f,1e,1b,1i,1j,13,1l,1m,1o,1n
EXT 5,10 8 5,10
PAL 0

ROOM 8
14,14,14,14,14,14,14,14,14,14,14,14,14,14,14,14
14,14,14,14,14,14,14,14,14,14,14,14,14,14,14,14
14,14,14,14,14,14,14,14,14,14,14,14,14,14,14,14
14,14,14,14,14,14,14,14,14,14,14,14,14,14,14,14
14,14,14,14,14,14,14,u,v,u,v,w,14,14,14,14
14,14,14,14,14,14,19,b,d,b,b,d,1a,14,14,14
14,14,14,14,14,14,19,1i,13,0,1j,1j,j,16,14,14
14,14,14,14,t,s,r,1k,11,c,o,p,z,0,16,14
14,14,14,19,b,d,b,b,d,f,b,d,10,0,0,16
14,14,14,x,1b,13,1j,1j,13,c,1j,11,z,0,0,0
14,14,14,18,1l,0,11,0,0,1c,n,m,j,0,0,0
14,14,14,17,b,b,1d,b,b,b,1d,b,l,0,0,0
14,14,14,14,15,0,1e,0,0,0,1e,0,1h,0,0,0
14,14,14,14,14,15,1e,0,0,0,1e,0,0,0,0,0
14,14,14,14,14,14,1f,0,0,0,1e,0,0,0,0,0
14,14,14,14,14,14,1g,0,0,0,1e,0,0,0,0,0
WAL b,k,l,j,i,d,x,y,10,z,17,18,14,19,1a,m,r,s,t,u,v,w,1d,1h,1g,1f,1e,1b,1i,1j,13,1k,1l,1m,1o,1n
EXT 11,7 9 11,7
PAL 0

ROOM 9
0,0,0,0,0,0,0,0,0,0,0,0,0,0,0,0
0,0,0,0,0,0,0,0,0,0,0,0,0,0,0,0
0,0,0,0,0,0,0,0,0,0,0,0,0,0,0,0
0,0,0,0,0,0,0,0,0,0,0,0,0,0,0,0
0,0,0,0,0,0,0,0,0,0,0,0,0,0,0,0
0,0,0,0,0,0,0,0,0,0,0,0,0,0,0,0
0,0,0,0,0,0,0,0,0,0,0,c,0,0,0,0
0,0,0,0,0,0,0,0,0,0,0,0,0,0,0,0
0,0,0,0,0,0,0,0,0,0,0,0,0,0,0,0
0,0,0,0,0,0,0,0,0,0,0,0,0,0,0,0
0,0,0,0,0,0,0,0,0,0,0,0,0,0,0,0
0,0,0,0,0,0,0,0,0,0,0,0,0,0,0,0
0,0,0,0,0,0,0,0,0,0,0,0,0,0,0,0
0,0,0,0,0,0,0,0,0,0,0,0,0,0,0,0
0,0,0,0,0,0,0,0,0,0,0,0,0,0,0,0
0,0,0,0,0,0,0,0,0,0,0,0,0,0,0,0
WAL m,1j,1m,1o,1n
EXT 10,7 a 10,7
EXT 11,8 a 10,7
EXT 12,7 a 10,7
PAL 1

ROOM a
14,14,14,14,14,14,14,14,14,14,14,14,14,14,14,14
14,14,14,14,14,14,14,14,14,14,14,14,14,14,14,14
14,14,14,14,14,14,14,14,14,14,14,14,14,14,14,14
14,14,14,14,14,14,14,14,14,14,14,14,14,14,14,14
14,14,14,14,14,14,14,u,v,u,v,w,14,14,14,14
14,14,14,14,14,14,19,b,d,b,b,d,1a,14,14,14
14,14,14,14,14,14,19,1i,13,0,1j,1j,j,16,14,14
14,14,14,14,t,s,r,1k,11,c,o,p,z,0,16,14
14,14,14,19,b,d,b,b,d,f,b,d,10,0,0,16
14,14,14,x,1b,13,1j,1j,13,c,1j,11,z,0,0,0
14,14,14,18,1l,0,11,0,0,1c,n,m,j,0,0,0
14,14,14,17,b,b,1d,b,b,b,1d,b,l,0,0,0
14,14,14,14,15,0,1e,0,0,0,1e,0,1h,0,0,0
14,14,14,14,14,15,1e,0,0,0,1e,0,0,0,0,0
14,14,14,14,14,14,1f,0,0,0,1e,0,0,0,0,0
14,14,14,14,14,14,1g,0,0,0,1e,0,0,0,0,0
WAL b,k,l,j,i,d,x,y,10,z,17,18,14,19,1a,m,r,s,t,u,v,w,1d,1h,1g,1f,1e,1b,1i,1j,13,1k,1l,1m,1o,1n
EXT 5,10 b 5,10
PAL 0

ROOM b
14,14,14,14,14,14,14,14,14,14,14,14,14,14,14,14
14,14,14,14,14,14,14,14,14,14,14,14,14,14,14,14
14,14,14,14,14,14,14,14,14,14,14,14,14,14,14,14
14,14,14,14,14,14,14,14,14,14,14,14,14,14,14,14
14,14,14,14,14,14,14,u,v,u,v,w,14,14,14,14
14,14,14,14,14,14,19,b,d,b,b,d,1a,14,14,14
14,14,14,14,14,14,19,1i,13,0,1j,1j,j,16,14,14
14,14,14,14,t,s,r,1k,11,c,o,p,z,0,16,14
14,14,14,19,b,d,b,b,d,f,b,d,10,0,0,16
14,14,14,x,1b,13,1j,1j,13,c,1j,11,z,0,0,0
14,14,14,18,1l,0,11,0,0,1c,n,m,j,0,0,0
14,14,14,17,b,b,1d,b,b,b,1d,b,l,0,0,0
14,14,14,14,15,0,1e,0,0,0,1e,0,1h,0,0,0
14,14,14,14,14,15,1e,0,0,0,1e,0,0,0,0,0
14,14,14,14,14,14,1f,0,0,0,1e,0,0,0,0,0
14,14,14,14,14,14,1g,0,0,0,1e,0,0,0,0,0
WAL b,k,l,j,i,d,x,y,10,z,17,18,14,19,1a,m,r,s,t,u,v,w,1d,1h,1g,1f,1e,1b,1i,1j,13,1k,1l,1m,1o,1n
EXT 11,7 c 11,7
PAL 0

ROOM c
0,0,0,0,0,0,0,0,0,0,0,0,0,0,0,0
0,0,0,0,0,0,0,0,0,0,0,0,0,0,0,0
0,0,0,0,0,0,0,0,0,0,0,0,0,0,0,0
0,0,0,0,0,0,0,0,0,0,0,0,0,0,0,0
0,0,0,0,0,0,0,0,0,0,0,0,0,0,0,0
0,0,0,0,0,0,0,0,0,0,0,0,0,0,0,0
0,0,0,0,0,0,0,0,0,0,0,c,0,0,0,0
0,0,0,0,0,0,0,0,0,0,0,0,0,0,0,0
0,0,0,0,0,0,0,0,0,0,0,0,0,0,0,0
0,0,0,0,0,0,0,0,0,0,0,0,0,0,0,0
0,0,0,0,0,0,0,0,0,0,0,0,0,0,0,0
0,0,0,0,0,0,0,0,0,0,0,0,0,0,0,0
0,0,0,0,0,0,0,0,0,0,0,0,0,0,0,0
0,0,0,0,0,0,0,0,0,0,0,0,0,0,0,0
0,0,0,0,0,0,0,0,0,0,0,0,0,0,0,0
0,0,0,0,0,0,0,0,0,0,0,0,0,0,0,0
WAL m,1j,1m,1o,1n
EXT 10,7 d 10,7
EXT 11,8 d 10,7
EXT 12,7 d 10,7
PAL 1

ROOM d
14,14,14,14,14,14,14,14,14,14,14,14,14,14,14,14
14,14,14,14,14,14,14,14,14,14,14,14,14,14,14,14
14,14,14,14,14,14,14,14,14,14,14,14,14,14,14,14
14,14,14,14,14,14,14,14,14,14,14,14,14,14,14,14
14,14,14,14,14,14,14,u,v,u,v,w,14,14,14,14
14,14,14,14,14,14,19,b,d,b,1m,d,1a,14,14,14
14,14,14,14,14,14,19,1i,13,0,1j,1j,j,16,14,14
14,14,14,14,t,s,r,1k,11,c,o,p,z,0,16,14
14,14,14,19,b,d,b,b,d,f,b,d,10,0,0,16
14,14,14,x,1b,13,1j,1j,13,c,1j,11,z,0,0,0
14,14,14,18,1l,0,11,0,0,1c,n,m,j,0,0,0
14,14,14,17,b,b,1d,b,b,b,1d,b,l,0,0,0
14,14,14,14,15,0,1e,0,0,0,1e,0,1h,0,0,0
14,14,14,14,14,15,1e,0,0,0,1e,0,0,0,0,0
14,14,14,14,14,14,1f,0,0,0,1e,0,0,0,0,0
14,14,14,14,14,14,1g,0,0,0,1e,0,0,0,0,0
WAL b,k,l,j,i,d,x,y,10,z,17,18,14,19,1a,m,r,s,t,u,v,w,1d,1h,1g,1f,1e,1b,1i,1j,13,1k,1l,1m,1o,1n
EXT 5,10 e 5,10
PAL 0

ROOM e
14,14,14,14,14,14,14,14,14,14,14,14,14,14,14,14
14,14,14,14,14,14,14,14,14,14,14,14,14,14,14,14
14,14,14,14,14,14,14,14,14,14,14,14,14,14,14,14
14,14,14,14,14,14,14,14,14,14,14,14,14,14,14,14
14,14,14,14,14,14,14,u,v,u,v,w,14,14,14,14
14,14,14,14,14,14,19,b,d,b,1m,d,1a,14,14,14
14,14,14,14,14,14,19,1i,13,0,1j,1j,j,16,14,14
14,14,14,14,t,s,r,1k,11,c,o,p,z,0,16,14
14,14,14,19,b,d,b,b,d,f,b,d,10,0,0,16
14,14,14,x,1b,13,1j,1j,13,c,1j,11,z,0,0,0
14,14,14,18,1l,0,11,0,0,1c,n,m,j,0,0,0
14,14,14,17,b,b,1d,b,b,b,1d,b,l,0,0,0
14,14,14,14,15,0,1e,0,0,0,1e,0,1h,0,0,0
14,14,14,14,14,15,1e,0,0,0,1e,0,0,0,0,0
14,14,14,14,14,14,1f,0,0,0,1e,0,0,0,0,0
14,14,14,14,14,14,1g,0,0,0,1e,0,0,0,0,0
WAL b,k,l,j,i,d,x,y,10,z,17,18,14,19,1a,m,r,s,t,u,v,w,1d,1h,1g,1f,1e,1b,1i,1j,13,1k,1l,1m,1o,1n
EXT 11,7 f 11,7
PAL 0

ROOM f
0,0,0,0,0,0,0,0,0,0,0,0,0,0,0,0
0,0,0,0,0,0,0,0,0,0,0,0,0,0,0,0
0,0,0,0,0,0,0,0,0,0,0,0,0,0,0,0
0,0,0,0,0,0,0,0,0,0,0,0,0,0,0,0
0,0,0,0,0,0,0,0,0,0,0,0,0,0,0,0
0,0,0,0,0,0,0,0,0,0,0,0,0,0,0,0
0,0,0,0,0,0,0,0,0,0,0,c,0,0,0,0
0,0,0,0,0,0,0,0,0,0,0,0,0,0,0,0
0,0,0,0,0,0,0,0,0,0,0,0,0,0,0,0
0,0,0,0,0,0,0,0,0,0,0,0,0,0,0,0
0,0,0,0,0,0,0,0,0,0,0,0,0,0,0,0
0,0,0,0,0,0,0,0,0,0,0,0,0,0,0,0
0,0,0,0,0,0,0,0,0,0,0,0,0,0,0,0
0,0,0,0,0,0,0,0,0,0,0,0,0,0,0,0
0,0,0,0,0,0,0,0,0,0,0,0,0,0,0,0
0,0,0,0,0,0,0,0,0,0,0,0,0,0,0,0
WAL m,1j,1m,1o,1n
EXT 10,7 g 10,7
EXT 11,8 g 10,7
EXT 12,7 g 10,7
PAL 1

ROOM g
14,14,14,14,14,14,14,14,14,14,14,14,14,14,14,14
14,14,14,14,14,14,14,14,14,14,14,14,14,14,14,14
14,14,14,14,14,14,14,14,14,14,14,14,14,14,14,14
14,14,14,14,14,14,14,14,14,14,14,14,14,14,14,14
14,14,14,14,14,14,14,u,v,u,v,w,14,14,14,14
14,14,14,14,14,14,19,b,d,b,1m,d,1a,14,14,14
14,14,14,14,14,14,19,1i,13,0,1j,1j,j,16,14,14
14,14,14,14,t,s,r,1k,11,c,o,p,z,0,16,14
14,14,14,19,b,d,1m,b,d,f,b,d,10,0,0,16
14,14,14,x,1b,13,1j,1j,13,c,1j,11,z,0,0,0
14,14,14,18,1l,0,11,0,0,1c,n,m,j,0,0,0
14,14,14,17,b,b,1d,b,b,b,1d,b,l,0,0,0
14,14,14,14,15,0,1e,0,0,0,1e,0,1h,0,0,0
14,14,14,14,14,15,1e,0,0,0,1e,0,0,0,0,0
14,14,14,14,14,14,1f,0,0,0,1e,0,0,0,0,0
14,14,14,14,14,14,1g,0,0,0,1e,0,0,0,0,0
WAL b,k,l,j,i,d,x,y,10,z,17,18,14,19,1a,m,r,s,t,u,v,w,1d,1h,1g,1f,1e,1b,1i,1j,13,1k,1l,1m,1o,1n
EXT 5,10 h 5,10
PAL 0

ROOM h
14,14,14,14,14,14,14,14,14,14,14,14,14,14,14,14
14,14,14,14,14,14,14,14,14,14,14,14,14,14,14,14
14,14,14,14,14,14,14,14,14,14,14,14,14,14,14,14
14,14,14,14,14,14,14,14,14,14,14,14,14,14,14,14
14,14,14,14,14,14,14,u,v,u,v,w,14,14,14,14
14,14,14,14,14,14,19,b,d,b,1m,d,1a,14,14,14
14,14,14,14,14,14,19,1i,13,0,1j,1j,j,16,14,14
14,14,14,14,t,s,r,1k,11,c,o,p,z,0,16,14
14,14,14,19,b,d,1m,b,d,f,b,d,10,0,0,16
14,14,14,x,1b,13,1j,1j,13,c,1j,11,z,0,0,0
14,14,14,18,1l,0,11,0,0,1c,n,m,j,0,0,0
14,14,14,17,b,b,1d,b,b,b,1d,b,l,0,0,0
14,14,14,14,15,0,1e,0,0,0,1e,0,1h,0,0,0
14,14,14,14,14,15,1e,0,0,0,1e,0,0,0,0,0
14,14,14,14,14,14,1f,0,0,0,1e,0,0,0,0,0
14,14,14,14,14,14,1g,0,0,0,1e,0,0,0,0,0
WAL b,k,l,j,i,d,x,y,10,z,17,18,14,19,1a,m,r,s,t,u,v,w,1d,1h,1g,1f,1e,1b,1i,1j,13,1k,1l,1m,1o,1n
EXT 11,7 i 11,7
PAL 0

ROOM i
0,0,0,0,0,0,0,0,0,0,0,0,0,0,0,0
0,0,0,0,0,0,0,0,0,0,0,0,0,0,0,0
0,0,0,0,0,0,0,0,0,0,0,0,0,0,0,0
0,0,0,0,0,0,0,0,0,0,0,0,0,0,0,0
0,0,0,0,0,0,0,0,0,0,0,0,0,0,0,0
0,0,0,0,0,0,0,0,0,0,0,0,0,0,0,0
0,0,0,0,0,0,0,0,0,0,0,c,0,0,0,0
0,0,0,0,0,0,0,0,0,0,0,0,0,0,0,0
0,0,0,0,0,0,0,0,0,0,0,0,0,0,0,0
0,0,0,0,0,0,0,0,0,0,0,0,0,0,0,0
0,0,0,0,0,0,0,0,0,0,0,0,0,0,0,0
0,0,0,0,0,0,0,0,0,0,0,0,0,0,0,0
0,0,0,0,0,0,0,0,0,0,0,0,0,0,0,0
0,0,0,0,0,0,0,0,0,0,0,0,0,0,0,0
0,0,0,0,0,0,0,0,0,0,0,0,0,0,0,0
0,0,0,0,0,0,0,0,0,0,0,0,0,0,0,0
WAL m,1j,1m,1o,1n
EXT 10,7 j 10,7
EXT 11,8 j 10,7
EXT 12,7 j 10,7
PAL 1

ROOM j
14,14,14,14,14,14,14,14,14,14,14,14,14,14,14,14
14,14,14,14,14,14,14,14,14,14,14,14,14,14,14,14
14,14,14,14,14,14,14,14,14,14,14,14,14,14,14,14
14,14,14,14,14,14,14,14,14,14,14,14,14,14,14,14
14,14,14,14,14,14,14,u,v,u,v,w,14,14,14,14
14,14,14,14,14,14,19,1m,d,b,1n,d,1a,14,14,14
14,14,14,14,14,14,19,1i,13,0,1o,1j,j,16,14,14
14,14,14,14,t,s,r,1k,11,c,o,p,z,0,16,14
14,14,14,19,b,d,1m,b,d,f,1m,d,10,0,0,16
14,14,14,x,1b,13,1j,1j,13,c,1j,11,z,0,0,0
14,14,14,18,1l,0,11,0,0,1c,n,m,j,0,0,0
14,14,14,17,b,b,1d,b,b,b,1d,b,l,0,0,0
14,14,14,14,15,0,1e,0,0,0,1e,0,1h,0,0,0
14,14,14,14,14,15,1e,0,0,0,1e,0,0,0,0,0
14,14,14,14,14,14,1p,0,0,0,1e,0,0,0,0,0
14,14,14,14,14,14,1r,0,0,0,1e,0,0,0,0,0
WAL b,k,l,j,i,d,x,y,10,z,17,18,14,19,1a,m,r,s,t,u,v,w,1d,1h,1g,1f,1e,1b,1i,1j,13,1k,1l,1m,1o,1n
EXT 5,10 k 5,10
PAL 0

ROOM k
14,14,14,14,14,14,14,14,14,14,14,14,14,14,14,14
14,14,14,14,14,14,14,14,14,14,14,14,14,14,14,14
14,14,14,14,14,14,14,14,14,14,14,14,14,14,14,14
14,14,14,14,14,14,14,14,14,14,14,14,14,14,14,14
14,14,14,14,14,14,14,u,v,u,v,w,14,14,14,14
14,14,14,14,14,14,19,1m,d,b,1n,d,1a,14,14,14
14,14,14,14,14,14,19,1i,13,0,1o,1j,j,16,14,14
14,14,14,14,t,s,r,1k,11,c,o,p,z,0,16,14
14,14,14,19,b,d,1m,b,d,f,1m,d,10,0,0,16
14,14,14,x,1b,13,1j,1j,13,c,1j,11,z,0,0,0
14,14,14,18,1l,0,11,0,0,1c,n,m,j,0,0,0
14,14,14,17,b,b,1d,b,b,b,1d,b,l,0,0,0
14,14,14,14,15,0,1e,0,0,0,1e,0,1h,0,0,0
14,14,14,14,14,15,1e,0,0,0,1e,0,0,0,0,0
14,14,14,14,14,14,1p,0,0,0,1e,0,0,0,0,0
14,14,14,14,14,14,1r,0,0,0,1e,0,0,0,0,0
WAL b,k,l,j,i,d,x,y,10,z,17,18,14,19,1a,m,r,s,t,u,v,w,1d,1h,1g,1f,1e,1b,1i,1j,13,1k,1l,1m,1o,1n
EXT 11,7 l 11,7
PAL 0

ROOM l
0,0,0,0,0,0,0,0,0,0,0,0,0,0,0,0
0,0,0,0,0,0,0,0,0,0,0,0,0,0,0,0
0,0,0,0,0,0,0,0,0,0,0,0,0,0,0,0
0,0,0,0,0,0,0,0,0,0,0,0,0,0,0,0
0,0,0,0,0,0,0,0,0,0,0,0,0,0,0,0
0,0,0,0,0,0,0,0,0,0,0,0,0,0,0,0
0,0,0,0,0,0,0,0,0,0,0,c,0,0,0,0
0,0,0,0,0,0,0,0,0,0,0,0,0,0,0,0
0,0,0,0,0,0,0,0,0,0,0,0,0,0,0,0
0,0,0,0,0,0,0,0,0,0,0,0,0,0,0,0
0,0,0,0,0,0,0,0,0,0,0,0,0,0,0,0
0,0,0,0,0,0,0,0,0,0,0,0,0,0,0,0
0,0,0,0,0,0,0,0,0,0,0,0,0,0,0,0
0,0,0,0,0,0,0,0,0,0,0,0,0,0,0,0
0,0,0,0,0,0,0,0,0,0,0,0,0,0,0,0
0,0,0,0,0,0,0,0,0,0,0,0,0,0,0,0
WAL m,1j,1m,1o,1n
EXT 10,7 m 10,7
EXT 11,8 m 10,7
EXT 12,7 m 10,7
PAL 1

ROOM m
14,14,14,14,14,14,14,14,14,14,14,14,14,14,14,14
14,14,14,14,14,14,14,14,14,14,14,14,14,14,14,14
14,14,14,14,14,14,14,14,14,14,14,14,14,14,14,14
14,14,14,14,14,14,14,14,14,14,14,14,14,14,14,14
14,14,14,14,14,14,14,u,v,u,v,w,14,14,14,14
14,14,14,14,14,14,19,1m,d,b,1n,d,1a,14,14,14
14,14,14,14,14,14,19,1i,13,0,1o,1j,j,16,14,14
14,14,14,14,t,s,r,1k,11,c,o,p,z,0,16,14
14,14,14,19,b,d,1n,b,d,f,1m,d,10,0,0,16
14,14,14,x,1b,13,1o,1j,13,c,1j,11,z,0,0,0
14,14,14,18,1l,0,11,0,0,1c,n,m,j,0,0,0
14,14,14,17,b,b,1d,1m,b,b,1d,b,l,0,0,0
14,14,14,14,15,0,1e,0,0,0,1e,0,1h,0,0,0
14,14,14,14,14,15,1e,0,0,0,1e,0,0,0,0,0
14,14,14,14,14,14,1p,0,0,0,1e,0,0,0,0,0
14,14,14,14,14,14,1q,15,0,0,1e,0,0,0,0,0
WAL b,k,l,j,i,d,x,y,10,z,17,18,14,19,1a,m,r,s,t,u,v,w,1d,1h,1g,1f,1e,1b,1i,1j,13,1k,1l,1m,1o,1n
EXT 5,10 n 5,10
PAL 0

ROOM n
14,14,14,14,14,14,14,14,14,14,14,14,14,14,14,14
14,14,14,14,14,14,14,14,14,14,14,14,14,14,14,14
14,14,14,14,14,14,14,14,14,14,14,14,14,14,14,14
14,14,14,14,14,14,14,14,14,14,14,14,14,14,14,14
14,14,14,14,14,14,14,u,v,u,v,w,14,14,14,14
14,14,14,14,14,14,19,1m,d,b,1n,d,1a,14,14,14
14,14,14,14,14,14,19,1i,13,0,1o,1j,j,16,14,14
14,14,14,14,t,s,r,1k,11,c,o,p,z,0,16,14
14,14,14,19,b,d,1n,b,d,f,1m,d,10,0,0,16
14,14,14,x,1b,13,1o,1j,13,c,1j,11,z,0,0,0
14,14,14,18,1l,0,11,0,0,1c,n,m,j,0,0,0
14,14,14,17,b,b,1d,1m,b,b,1d,b,l,0,0,0
14,14,14,14,15,0,1e,0,0,0,1e,0,1h,0,0,0
14,14,14,14,14,15,1e,0,0,0,1e,0,0,0,0,0
14,14,14,14,14,14,1p,0,0,0,1e,0,0,0,0,0
14,14,14,14,14,14,1q,15,0,0,1e,0,0,0,0,0
WAL b,k,l,j,i,d,x,y,10,z,17,18,14,19,1a,m,r,s,t,u,v,w,1d,1h,1g,1f,1e,1b,1i,1j,13,1k,1l,1m,1o,1n
EXT 11,7 o 11,7
PAL 0

ROOM o
0,0,0,0,0,0,0,0,0,0,0,0,0,0,0,0
0,0,0,0,0,0,0,0,0,0,0,0,0,0,0,0
0,0,0,0,0,0,0,0,0,0,0,0,0,0,0,0
0,0,0,0,0,0,0,0,0,0,0,0,0,0,0,0
0,0,0,0,0,0,0,0,0,0,0,0,0,0,0,0
0,0,0,0,0,0,0,0,0,0,0,0,0,0,0,0
0,0,0,0,0,0,0,0,0,0,0,0,0,0,0,0
0,0,0,0,0,0,0,0,0,0,0,0,0,0,0,0
0,0,0,0,0,0,0,0,0,0,0,0,0,0,0,0
0,0,0,0,0,0,0,0,0,0,0,0,0,0,0,0
0,0,0,0,0,0,0,0,0,0,0,0,0,0,0,0
0,0,0,0,0,0,0,0,0,0,0,0,0,0,0,0
0,0,0,0,0,0,0,0,0,0,0,0,0,0,0,0
0,0,0,0,0,0,0,0,0,0,0,0,0,0,0,0
0,0,0,0,0,0,0,0,0,0,0,0,0,0,0,0
0,0,0,0,0,0,0,0,0,0,0,0,0,0,0,0
WAL m,1j,1m,1o,1n
END undefined 10,7
END undefined 11,8
END undefined 12,7
PAL 1

TIL 10
11000000
11100000
11110000
11110000
11110000
11110000
11100000
11000000

TIL 11
00000000
00000000
00000000
00000000
00000000
00000000
01111110
01111110

TIL 13
00000000
00000000
00011100
00110110
00101010
00110110
00011100
00000000

TIL 14
10001000
01000100
00100010
00000000
00001000
01000100
00100010
00010000
>
10000000
00000100
00100010
00010001
10001000
01000000
00100010
00000001

TIL 15
00000000
00000000
00000000
00000000
00000000
01000000
00100000
00010000
>
00000000
00000000
00000000
00000000
10000000
01000000
00100000
00000000

TIL 16
00001000
00000100
00000010
00000000
00000000
00000000
00000000
00000000
>
00000000
00000100
00000010
00000001
00000000
00000000
00000000
00000000

TIL 17
00000011
00000011
00000010
00000000
00000010
01000000
00100010
00010010
>
00000011
00000011
00000010
00000010
10000000
01000010
00100000
00000000

TIL 18
10001011
01001111
00001111
00010011
00001011
01001111
01111111
00011111
>
10000011
00001111
00101111
00010011
10001011
01001111
01111111
00011111

TIL 19
10000011
00000111
00100011
00010011
10001011
01000011
00100011
00000011
>
10001011
01000011
00100011
00000011
00001011
01000111
00100011
00010011

TIL b
11111111
11111111
01000010
00000000
00000000
00000000
00000000
00000000

TIL c
00100100
00111100
00100100
00111100
00100100
00111100
00100100
00111100

TIL d
11111111
11111111
01000010
00111100
00000000
00000000
00000000
00000000

TIL f
11111111
11111111
00111100
00111100
00100100
00111100
00100100
00111100

TIL i
00000011
00000011
00000011
00000011
00000011
00000011
00000011
00000011

TIL j
11000000
11000000
11000000
11000000
11000000
11000000
11000000
11000000

TIL k
00000011
00000011
00000000
00000000
00000000
00000000
00000000
00000000

TIL l
11000000
11000000
01000000
00000000
00000000
01000000
01000000
00000000
>
11000000
11000000
01000000
01000000
00000000
00000000
00000000
01000000

TIL m
01111110
00000110
01111110
01111110
01011110
01011110
01111110
01111110

TIL n
00000000
00111111
00010101
00000000
11111111
01100111
01111111
01100111

TIL o
00000000
00000000
00000000
01000100
01111100
01000111
01111111
01111111

TIL p
00000000
00100010
00111110
00111110
00111110
11111110
11111110
11111110

TIL r
10001011
01000111
00100111
00001011
00001011
11000111
01101011
00010011
>
00000011
01000111
00100111
00011011
10001011
11000111
01101011
00010011

TIL s
10001000
01000100
00100010
00000000
00000110
00001001
11101000
00110000
>
00000000
01000100
00100010
00010001
00000110
00001001
11101000
00110000

TIL t
00000000
00010000
00111000
01111100
01111000
00110000
01111101
01111110

TIL u
10001000
01000100
00100010
00000000
00111111
01000001
01111101
01111101
>
00000000
01000100
00100010
00010001
10111111
01000001
01111101
01111101

TIL v
10000000
01100100
00110010
00111001
10011100
01011110
11101111
01111111
>
00001000
01100100
00110010
00111000
10011100
01011110
11101111
01111111

TIL w
10001000
01000100
00100010
00000100
00000100
01000100
00100100
00100100
>
00000000
01000100
00100010
00010101
10000100
01000100
00100100
00100100

TIL x
10001111
01111111
00111011
00110111
00111011
01101111
00111111
00001111
>
00001111
01111111
00111011
00110111
10111011
01101111
00111111
00001111

TIL z
11000000
11100000
11100000
11000000
11100000
11000000
11100000
11000000

TIL 1a
11001000
11000100
11000010
11000000
11000000
11000000
11000000
11000000
>
11000000
11000100
11000010
11000001
11000000
11000000
11000000
11000000

TIL 1b
00000000
10000000
11111110
11100111
11100111
10111101
10011001
11111111

TIL 1c
00100100
00111100
00100100
00100000
00000000
00000000
00000000
00000000

TIL 1d
11111111
11111111
00011000
00011000
00011000
00011000
00011000
00011000

TIL 1e
00011000
00011000
00011000
00011000
00011000
00011000
00011000
00011000

TIL 1f
00011000
00011000
00011000
00011000
10011000
01011000
00011000
00011000
>
00011000
00011000
00011000
00011000
10011000
01011000
00111000
00011000

TIL 1g
10011000
01011000
00111000
00011000
00011000
01011000
00111000
00011000
>
00011000
01011000
00111000
00011000
10011000
01011000
00111000
00011000

TIL 1h
00000000
01000000
00000000
00000000
00000000
00000000
00000000
00000000
>
00000000
00000000
00000000
00000000
00000000
01000000
00000000
00000000

TIL 1i
00000000
00000000
00000000
00000000
00000000
00000000
01000100
00101000

TIL 1j
00000000
00000000
00000000
00000000
00000000
00000000
00000000
00000000

TIL 1k
11111100
11010100
10101010
11010100
11111100
11111111
11111111
11111111

TIL 1l
11111111
11010101
11010101
11111111
10101010
10101010
11111111
11001001

TIL 1m
11111111
11111111
01001010
00000000
00000000
00001000
00000000
00000000
>
11111111
11111111
01001010
00001000
00000000
00000000
00001000
00000000

TIL 1n
11111111
11111111
01010110
00000100
00000000
00000000
00000100
00010000
>
11111111
11111111
01010110
00010000
00000000
00000000
00010000
00000100

TIL 1o
00000000
00000000
00000000
00000000
00000000
00000000
00000000
00000000
>
00000000
00000000
00000000
00000000
00000000
00000000
00000000
00000000

TIL 1p
00011000
00011000
00011000
00011000
10011000
01011000
00011000
00011100
>
00011000
00011000
00011000
00011000
10011000
01011000
00111000
00011000

TIL 1q
10011100
01011100
00111010
00011000
00011000
01011100
00111010
00011000
>
00011100
01011100
00111010
00011001
10011000
01011100
00111010
00011001

TIL 1r
10011100
01011000
00111000
00011000
00011000
01011000
00111000
00011000
>
00011100
01011100
00111000
00011000
10011000
01011000
00111000
00011000

SPR 10
11111111
11010101
11010101
11111111
10101010
10101010
11111111
11001001
POS k 4,10

SPR 11
10001000
01000100
00100010
00000000
00001000
01000100
00100010
00010000
>
10000000
00000100
00100010
00010001
10001000
01000000
00100010
00000001
POS l 11,6

SPR 12
11111100
11010100
10101010
11010100
11111100
11111111
11111111
11111111
POS m 7,7

SPR 13
11111111
11010101
11010101
11111111
10101010
10101010
11111111
11001001
POS n 4,10

SPR 14
00000000
01110000
00010000
00100110
01000010
01110100
00000001
00000000
>
00000000
00000000
01110110
00010010
00100100
01000000
01110000
00000001
POS o 11,6

SPR A
00000000
00111100
01111110
01010110
01010110
01111110
01111110
00111100
POS 1 11,7

SPR a
11111100
11010100
10101010
11010100
11111100
11111111
11111111
11111111
POS 0 7,7

SPR b
00000000
01110000
00010000
00100110
01000010
01110100
00000001
00000000
>
00000000
00000000
01110110
00010010
00100100
01000000
01110000
00000001
POS 1 11,6

SPR c
00000000
00100010
00111110
00111110
00111110
11111110
11111110
11111110
POS 0 11,7

SPR d
00000000
00000000
00011100
00110110
00101010
00110110
00011100
00000000
POS 0 8,6

SPR f
01111110
00000110
01111110
01111110
01011110
01011110
01111110
01111110
POS b 11,10

SPR g
11111111
11010101
11010101
11111111
10101010
10101010
11111111
11001001
POS 2 4,10

SPR h
00000000
01110000
00010000
00100110
01000010
01110100
00000001
00000000
>
00000000
00000000
01110110
00010010
00100100
01000000
01110000
00000001
POS 3 11,6

SPR i
11111100
11010100
10101010
11010100
11111100
11111111
11111111
11111111
POS 4 7,7

SPR j
11111100
11010100
10101010
11010100
11111100
11111111
11111111
11111111

SPR k
01111110
00000110
01111110
01111110
01011110
01011110
01111110
01111110
POS 0 11,10

SPR l
11111111
11010101
11010101
11111111
10101010
10101010
11111111
11001001
POS 5 4,10

SPR m
00000000
01110000
00010000
00100110
01000010
01110100
00000001
00000000
>
00000000
00000000
01110110
00010010
00100100
01000000
01110000
00000001
POS 6 11,6

SPR n
00000000
00010000
00111000
01111100
01111000
00110000
01111101
01111110
POS 7 4,7

SPR o
11111111
11010101
11010101
11111111
10101010
10101010
11111111
11001001
POS 8 4,10

SPR p
00000000
01110000
00010000
00100110
01000010
01110100
00000001
00000000
>
00000000
00000000
01110110
00010010
00100100
01000000
01110000
00000001
POS 9 11,6

SPR q
11111100
11010100
10101010
11010100
11111100
11111111
11111111
11111111
POS a 7,7

SPR r
11111111
11010101
11010101
11111111
10101010
10101010
11111111
11001001
POS b 4,10

SPR s
00000000
01110000
00010000
00100110
01000010
01110100
00000001
00000000
>
00000000
00000000
01110110
00010010
00100100
01000000
01110000
00000001
POS c 11,6

SPR t
11111100
11010100
10101010
11010100
11111100
11111111
11111111
11111111
POS d 7,7

SPR u
11111111
11010101
11010101
11111111
10101010
10101010
11111111
11001001
POS e 4,10

SPR v
00000000
01110000
00010000
00100110
01000010
01110100
00000001
00000000
>
00000000
00000000
01110110
00010010
00100100
01000000
01110000
00000001
POS f 11,6

SPR w
11111100
11010100
10101010
11010100
11111100
11111111
11111111
11111111
POS g 7,7

SPR x
11111111
11010101
11010101
11111111
10101010
10101010
11111111
11001001
POS h 4,10

SPR y
00000000
01110000
00010000
00100110
01000010
01110100
00000001
00000000
>
00000000
00000000
01110110
00010010
00100100
01000000
01110000
00000001
POS i 11,6

SPR z
11111100
11010100
10101010
11010100
11111100
11111111
11111111
11111111
POS j 7,7

DLG 10
~day 67~                                                          more rain

DLG 11
*rain*

DLG 12
rain

DLG 13
rain

DLG 14
*i'm going to die up here*

DLG a
"good morning!"                                              "..."                                                          "weird, no response. might as well log it and turn in."

DLG b
*snore*

DLG c
"can't go back to bed now, i just woke up!"

DLG d
"looks a bit damp out today"

DLG e
"looks a bit damp out today"

DLG f
"looks like i've got a few cans of mangoes, some margarine, and... mustard? ...maybe?"                                 "ew."

DLG g
~day 12~                                                          cloudy, medium precipitation. appear to be having some technical difficulties with comms.

DLG h
*snore*

DLG i
"good morning"                                                 "no response today either..."

DLG j
"hello?"                                                     "..."                                                          "no response today either. might as well log it and turn in."

DLG k
"i had a resupply a couple days ago, this thing's packed"

DLG l
~day 13~                                                          cloudy, heavy precipitation. technical difficulties persist; tomorrow i will check for faults with my receiver.

DLG m
*i hope i don't get in trouble for missing the daily check-ins*

DLG n
*tinker-tinker*                                                  "it looks fine. might need to keep an eye out for rust if this rain keeps up, but everything's in working order"

DLG o
~day 14~                                                          cloudy, medium precipitation. no signs of hardware failure on my end. mild burns.

DLG p
*no issues on my end means issues on their end*

DLG q
"..."                                                           "why bother?"

DLG r
~day 27~                                                          cloudy, heavy precipitation. food running low; will use smaller rations from now on. still no contact.

DLG s
*laying tired in bed is basically the same as sleeping*

DLG t
FSHHHHZKTKTKTKSHHHHHZKZKZKZKZFFF

DLG u
~day 34~                                                          cloudy, heavy precipitation. efforts to re-tune receiver continue without succcess.

DLG v
*i hate mangoes*

DLG w
..... . . ... .. . . . ... . . . . .   . ...  .  ... FSSSSSZKZKZ- "ugh this is pointless"

DLG x
~day 42~                                                          more rain. still alone.

DLG y
*i hate rain*

DLG z
. . .... .. .... .. . ... .. . . .. .  . .  .  . ... .   .. . . .

