

# BITSY VERSION 3.7

! ROOM_FORMAT 1

PAL 0
255,255,255
0,0,0
255,0,0

ROOM 0
0,0,0,0,0,0,0,0,0,0,0,0,0,0,0,0
0,0,0,0,0,0,0,0,0,0,0,0,0,0,0,0
0,0,0,0,0,0,0,0,0,0,0,0,0,0,0,0
0,0,0,0,0,0,0,0,0,0,0,0,0,0,0,0
0,0,0,0,0,0,0,0,0,0,0,0,0,0,0,0
f,f,e,e,e,e,e,e,e,e,e,e,e,e,e,e
f,d,0,0,0,0,0,0,0,0,0,0,0,0,0,0
f,g,g,g,g,g,g,g,g,g,g,g,g,g,g,g
f,a,a,a,a,a,a,a,a,a,a,a,a,a,a,b
f,c,g,g,g,g,g,g,0,g,g,g,g,g,g,g
f,f,e,e,e,e,e,e,e,e,e,e,e,e,e,e
0,0,0,0,0,0,0,0,0,0,0,0,0,0,0,0
0,0,0,0,0,0,0,0,0,0,0,0,0,0,0,0
0,0,0,0,0,0,0,0,0,0,0,0,0,0,0,0
0,0,0,0,0,0,0,0,0,0,0,0,0,0,0,0
0,0,0,0,0,0,0,0,0,0,0,0,0,0,0,0
WAL g,f,e,d,c,b
EXT 1,8 1 14,8
PAL 0

ROOM 1
0,0,0,0,0,0,0,0,0,0,0,0,0,0,0,0
0,0,0,0,0,0,0,0,0,0,0,0,0,0,0,0
0,0,0,0,0,0,0,0,0,0,0,0,0,0,0,0
0,0,0,0,0,0,0,0,0,0,0,0,0,0,0,0
0,0,0,0,0,0,0,0,0,0,0,0,0,0,0,0
0,0,0,0,0,0,0,0,0,0,0,0,0,0,0,0
g,g,g,g,g,g,g,g,g,g,0,0,0,0,0,0
a,a,a,a,a,a,a,a,a,g,g,g,g,g,g,0
g,g,g,g,g,g,g,a,a,a,a,a,a,a,a,a
0,0,0,0,0,0,g,g,g,g,g,g,g,g,g,g
0,0,0,0,0,0,0,0,0,0,0,0,0,0,0,0
0,0,0,0,0,0,0,0,0,0,0,0,0,0,0,0
0,0,0,0,0,0,0,0,0,0,0,0,0,0,0,0
0,0,0,0,0,0,0,0,0,0,0,0,0,0,0,0
0,0,0,0,0,0,0,0,0,0,0,0,0,0,0,0
0,0,0,0,0,0,0,0,0,0,0,0,0,0,0,0
WAL g
EXT 15,8 0 2,8
END undefined 0,7
PAL 0

TIL a
00100010
11111111
00100010
00100010
00100010
00100010
11111111
00100010

TIL b
00101110
11111010
00101010
00101010
00101010
00101110
11111110
00100000

TIL c
10000000
10000000
11000000
11000000
11100000
11110000
11111100
11111111

TIL d
11111111
11111100
11110000
11100000
11000000
11000000
10000000
10000000

TIL e
11111111
10101010
01010101
10101010
01010101
11111111
00000000
11111111

TIL f
11111111
11111111
11111111
11111111
11111111
11111111
11111111
11111111

TIL g
00000000
00000000
00000000
00000000
00000000
00000000
00000000
00000000

SPR A
00100010
11111111
00100010
00101010
10100011
00100010
11111111
00100010
>
00100010
11111111
00100011
10100010
00100010
00101010
11111111
00100010
POS 0 14,8

SPR a
00000000
00101000
01101100
01111110
00111110
00111100
00111000
00011000
>
00000000
00111000
01111100
01101110
00010110
00101100
00111000
00011000
DLG SPR_0
POS 0 8,9

SPR b
00000000
00000011
01110000
11111100
11111110
01111111
00011110
00000000
DLG SPR_1
POS 0 3,7

ITM 0
00000000
00000000
00000000
00111100
01100100
00100100
00011000
00000000
DLG ITM_0

DLG ITM_0
You got a cup of tea! Nice.

DLG SPR_0
drip... drip... drip...

DLG SPR_1
trickle... trickle... trickle...

END 0


END undefined
to my heart


