Super Mario Clouds

# BITSY VERSION 4.2

! ROOM_FORMAT 1

PAL 0
93,148,251
255,255,255
255,255,255

ROOM 0
0,0,0,0,0,0,0,0,0,0,0,0,0,0,b,0
0,0,0,0,0,0,0,0,0,0,0,0,0,b,0,b
0,a,0,0,0,0,0,0,0,0,0,0,0,0,b,0
0,0,0,0,0,0,0,0,0,0,0,0,0,0,0,0
0,0,0,0,0,0,0,0,0,0,0,0,0,0,0,0
0,0,0,0,0,0,0,0,0,0,0,a,a,a,0,0
0,0,0,0,0,0,0,0,0,0,0,0,0,0,0,0
0,0,0,a,0,0,0,0,0,0,0,0,0,0,0,0
0,0,0,0,0,0,0,0,0,0,0,0,0,0,0,0
0,0,0,0,0,0,0,0,0,0,0,0,0,0,0,0
0,0,0,0,0,0,0,0,0,0,a,0,0,0,0,0
0,0,0,0,0,0,0,0,0,0,0,0,0,0,0,0
0,0,0,a,a,a,0,0,0,0,0,0,0,0,0,0
0,0,0,0,0,0,0,0,0,0,0,0,0,0,0,0
0,0,0,0,0,0,0,0,0,0,0,0,0,0,0,0
0,0,0,0,0,0,0,0,0,0,0,0,0,0,0,0
WAL a,b
EXT 14,1 1 14,1
PAL 0

ROOM 1
0,0,0,0,0,0,0,0,0,0,0,0,0,0,b,0
0,0,0,0,0,0,0,0,0,0,0,0,0,b,0,b
a,0,0,0,0,0,0,0,0,0,0,0,0,0,b,0
0,0,0,0,0,0,0,0,0,0,0,0,0,0,0,0
0,0,0,0,0,0,0,0,0,0,0,0,0,0,0,0
0,0,0,0,0,0,0,0,0,0,a,a,a,0,0,0
0,0,0,0,0,0,0,0,0,0,0,0,0,0,0,0
0,0,a,0,0,0,0,0,0,0,0,0,0,0,0,0
0,0,0,0,0,0,0,0,0,0,0,0,0,0,0,0
0,0,0,0,0,0,0,0,0,0,0,0,0,0,0,0
0,0,0,0,0,0,0,0,0,a,0,0,0,0,0,0
0,0,0,0,0,0,0,0,0,0,0,0,0,0,0,0
0,0,a,a,a,0,0,0,0,0,0,0,0,0,0,0
0,0,0,0,0,0,0,0,0,0,0,0,0,0,0,0
0,0,0,0,0,0,0,0,0,0,0,0,0,0,0,0
0,0,0,0,0,0,0,0,0,0,0,0,0,0,0,0
WAL a,b
EXT 14,1 2 14,1
PAL 0

ROOM 2
0,0,0,0,0,0,0,0,0,0,0,0,0,0,b,0
0,0,0,0,0,0,0,0,0,0,0,0,0,b,0,b
0,0,0,0,0,0,0,0,0,0,0,0,0,0,b,a
0,0,0,0,0,0,0,0,0,0,0,0,0,0,0,0
0,0,0,0,0,0,0,0,0,0,0,0,0,0,0,0
0,0,0,0,0,0,0,0,0,a,a,a,0,0,0,0
0,0,0,0,0,0,0,0,0,0,0,0,0,0,0,0
0,a,0,0,0,0,0,0,0,0,0,0,0,0,0,0
0,0,0,0,0,0,0,0,0,0,0,0,0,0,0,0
0,0,0,0,0,0,0,0,0,0,0,0,0,0,0,0
0,0,0,0,0,0,0,0,a,0,0,0,0,0,0,0
0,0,0,0,0,0,0,0,0,0,0,0,0,0,0,0
0,a,a,a,0,0,0,0,0,0,0,0,0,0,0,0
0,0,0,0,0,0,0,0,0,0,0,0,0,0,0,0
0,0,0,0,0,0,0,0,0,0,0,0,0,0,0,0
0,0,0,0,0,0,0,0,0,0,0,0,0,0,0,0
WAL a,b
EXT 14,1 3 14,1
PAL 0

ROOM 3
0,0,0,0,0,0,0,0,0,0,0,0,0,0,b,0
0,0,0,0,0,0,0,0,0,0,0,0,0,b,0,b
0,0,0,0,0,0,0,0,0,0,0,0,b,0,a,0
0,0,0,0,0,0,0,0,0,0,0,0,0,0,0,0
0,0,0,0,0,0,0,0,0,0,0,0,0,0,0,0
0,0,0,0,0,0,0,0,a,a,a,0,0,0,0,0
0,0,0,0,0,0,0,0,0,0,0,0,0,0,0,0
a,0,0,0,0,0,0,0,0,0,0,0,0,0,0,0
0,0,0,0,0,0,0,0,0,0,0,0,0,0,0,0
0,0,0,0,0,0,0,0,0,0,0,0,0,0,0,0
0,0,0,0,0,0,0,a,0,0,0,0,0,0,0,0
0,0,0,0,0,0,0,0,0,0,0,0,0,0,0,0
a,a,a,0,0,0,0,0,0,0,0,0,0,0,0,0
0,0,0,0,0,0,0,0,0,0,0,0,0,0,0,0
0,0,0,0,0,0,0,0,0,0,0,0,0,0,0,0
0,0,0,0,0,0,0,0,0,0,0,0,0,0,0,0
WAL a,b
EXT 14,1 4 14,1
PAL 0

ROOM 4
0,0,0,0,0,0,0,0,0,0,0,0,0,0,b,0
0,0,0,0,0,0,0,0,0,0,0,0,0,b,0,b
0,0,0,0,0,0,0,0,0,0,0,0,0,a,b,0
0,0,0,0,0,0,0,0,0,0,0,0,0,0,0,0
0,0,0,0,0,0,0,0,0,0,0,0,0,0,0,0
0,0,0,0,0,0,0,a,a,a,0,0,0,0,0,0
0,0,0,0,0,0,0,0,0,0,0,0,0,0,0,0
0,0,0,0,0,0,0,0,0,0,0,0,0,0,0,a
0,0,0,0,0,0,0,0,0,0,0,0,0,0,0,0
0,0,0,0,0,0,0,0,0,0,0,0,0,0,0,0
0,0,0,0,0,0,a,0,0,0,0,0,0,0,0,0
0,0,0,0,0,0,0,0,0,0,0,0,0,0,0,0
a,a,0,0,0,0,0,0,0,0,0,0,0,0,0,a
0,0,0,0,0,0,0,0,0,0,0,0,0,0,0,0
0,0,0,0,0,0,0,0,0,0,0,0,0,0,0,0
0,0,0,0,0,0,0,0,0,0,0,0,0,0,0,0
WAL a,b
EXT 14,1 5 14,1
PAL 0

ROOM 5
0,0,0,0,0,0,0,0,0,0,0,0,0,0,b,0
0,0,0,0,0,0,0,0,0,0,0,0,0,b,0,b
0,0,0,0,0,0,0,0,0,0,0,0,a,0,b,0
0,0,0,0,0,0,0,0,0,0,0,0,0,0,0,0
0,0,0,0,0,0,0,0,0,0,0,0,0,0,0,0
0,0,0,0,0,0,a,a,a,0,0,0,0,0,0,0
0,0,0,0,0,0,0,0,0,0,0,0,0,0,0,0
0,0,0,0,0,0,0,0,0,0,0,0,0,0,a,0
0,0,0,0,0,0,0,0,0,0,0,0,0,0,0,0
0,0,0,0,0,0,0,0,0,0,0,0,0,0,0,0
0,0,0,0,0,a,0,0,0,0,0,0,0,0,0,0
0,0,0,0,0,0,0,0,0,0,0,0,0,0,0,0
a,0,0,0,0,0,0,0,0,0,0,0,0,0,a,a
0,0,0,0,0,0,0,0,0,0,0,0,0,0,0,0
0,0,0,0,0,0,0,0,0,0,0,0,0,0,0,0
0,0,0,0,0,0,0,0,0,0,0,0,0,0,0,0
WAL a,b
EXT 14,1 6 14,1
PAL 0

ROOM 6
0,0,0,0,0,0,0,0,0,0,0,0,0,0,b,0
0,0,0,0,0,0,0,0,0,0,0,0,0,b,0,b
0,0,0,0,0,0,0,0,0,0,0,a,0,0,b,0
0,0,0,0,0,0,0,0,0,0,0,0,0,0,0,0
0,0,0,0,0,0,0,0,0,0,0,0,0,0,0,0
0,0,0,0,0,a,a,a,0,0,0,0,0,0,0,0
0,0,0,0,0,0,0,0,0,0,0,0,0,0,0,0
0,0,0,0,0,0,0,0,0,0,0,0,0,a,0,0
0,0,0,0,0,0,0,0,0,0,0,0,0,0,0,0
0,0,0,0,0,0,0,0,0,0,0,0,0,0,0,0
0,0,0,0,a,0,0,0,0,0,0,0,0,0,0,0
0,0,0,0,0,0,0,0,0,0,0,0,0,0,0,0
0,0,0,0,0,0,0,0,0,0,0,0,0,a,a,a
0,0,0,0,0,0,0,0,0,0,0,0,0,0,0,0
0,0,0,0,0,0,0,0,0,0,0,0,0,0,0,0
0,0,0,0,0,0,0,0,0,0,0,0,0,0,0,0
WAL a,b
EXT 14,1 7 14,1
PAL 0

ROOM 7
0,0,0,0,0,0,0,0,0,0,0,0,0,0,b,0
0,0,0,0,0,0,0,0,0,0,0,0,0,b,0,b
0,0,0,0,0,0,0,0,0,0,a,0,0,0,b,0
0,0,0,0,0,0,0,0,0,0,0,0,0,0,0,0
0,0,0,0,0,0,0,0,0,0,0,0,0,0,0,0
0,0,0,0,a,a,a,0,0,0,0,0,0,0,0,0
0,0,0,0,0,0,0,0,0,0,0,0,0,0,0,0
0,0,0,0,0,0,0,0,0,0,0,0,a,0,0,0
0,0,0,0,0,0,0,0,0,0,0,0,0,0,0,0
0,0,0,0,0,0,0,0,0,0,0,0,0,0,0,0
0,0,0,a,0,0,0,0,0,0,0,0,0,0,0,0
0,0,0,0,0,0,0,0,0,0,0,0,0,0,0,0
0,0,0,0,0,0,0,0,0,0,0,0,a,a,a,0
0,0,0,0,0,0,0,0,0,0,0,0,0,0,0,0
0,0,0,0,0,0,0,0,0,0,0,0,0,0,0,0
0,0,0,0,0,0,0,0,0,0,0,0,0,0,0,0
WAL a,b
EXT 14,1 8 14,1
PAL 0

ROOM 8
0,0,0,0,0,0,0,0,0,0,0,0,0,0,b,0
0,0,0,0,0,0,0,0,0,0,0,0,0,b,0,b
0,0,0,0,0,0,0,0,0,a,0,0,0,0,b,0
0,0,0,0,0,0,0,0,0,0,0,0,0,0,0,0
0,0,0,0,0,0,0,0,0,0,0,0,0,0,0,0
0,0,0,a,a,a,0,0,0,0,0,0,0,0,0,0
0,0,0,0,0,0,0,0,0,0,0,0,0,0,0,0
0,0,0,0,0,0,0,0,0,0,0,a,0,0,0,0
0,0,0,0,0,0,0,0,0,0,0,0,0,0,0,0
0,0,0,0,0,0,0,0,0,0,0,0,0,0,0,0
0,0,a,0,0,0,0,0,0,0,0,0,0,0,0,0
0,0,0,0,0,0,0,0,0,0,0,0,0,0,0,0
0,0,0,0,0,0,0,0,0,0,0,a,a,a,0,0
0,0,0,0,0,0,0,0,0,0,0,0,0,0,0,0
0,0,0,0,0,0,0,0,0,0,0,0,0,0,0,0
0,0,0,0,0,0,0,0,0,0,0,0,0,0,0,0
WAL a,b
EXT 14,1 9 14,1
PAL 0

ROOM 9
0,0,0,0,0,0,0,0,0,0,0,0,0,0,b,0
0,0,0,0,0,0,0,0,0,0,0,0,0,b,0,b
0,0,0,0,0,0,0,0,a,0,0,0,0,0,b,0
0,0,0,0,0,0,0,0,0,0,0,0,0,0,0,0
0,0,0,0,0,0,0,0,0,0,0,0,0,0,0,0
0,0,a,a,a,0,0,0,0,0,0,0,0,0,0,0
0,0,0,0,0,0,0,0,0,0,0,0,0,0,0,0
0,0,0,0,0,0,0,0,0,0,a,0,0,0,0,0
0,0,0,0,0,0,0,0,0,0,0,0,0,0,0,0
0,0,0,0,0,0,0,0,0,0,0,0,0,0,0,0
0,a,0,0,0,0,0,0,0,0,0,0,0,0,0,0
0,0,0,0,0,0,0,0,0,0,0,0,0,0,0,0
0,0,0,0,0,0,0,0,0,0,a,a,a,0,0,0
0,0,0,0,0,0,0,0,0,0,0,0,0,0,0,0
0,0,0,0,0,0,0,0,0,0,0,0,0,0,0,0
0,0,0,0,0,0,0,0,0,0,0,0,0,0,0,0
WAL a,b
EXT 14,1 a 14,1
PAL 0

ROOM a
0,0,0,0,0,0,0,0,0,0,0,0,0,0,b,0
0,0,0,0,0,0,0,0,0,0,0,0,0,b,0,b
0,0,0,0,0,0,0,a,0,0,0,0,0,0,b,0
0,0,0,0,0,0,0,0,0,0,0,0,0,0,0,0
0,0,0,0,0,0,0,0,0,0,0,0,0,0,0,0
0,a,a,a,0,0,0,0,0,0,0,0,0,0,0,0
0,0,0,0,0,0,0,0,0,0,0,0,0,0,0,0
0,0,0,0,0,0,0,0,0,a,0,0,0,0,0,0
0,0,0,0,0,0,0,0,0,0,0,0,0,0,0,0
0,0,0,0,0,0,0,0,0,0,0,0,0,0,0,0
a,0,0,0,0,0,0,0,0,0,0,0,0,0,0,0
0,0,0,0,0,0,0,0,0,0,0,0,0,0,0,0
0,0,0,0,0,0,0,0,0,a,a,a,0,0,0,0
0,0,0,0,0,0,0,0,0,0,0,0,0,0,0,0
0,0,0,0,0,0,0,0,0,0,0,0,0,0,0,0
0,0,0,0,0,0,0,0,0,0,0,0,0,0,0,0
WAL a,b
EXT 14,1 b 14,1
PAL 0

ROOM b
0,0,0,0,0,0,0,0,0,0,0,0,0,0,b,0
0,0,0,0,0,0,0,0,0,0,0,0,0,b,0,b
0,0,0,0,0,0,a,0,0,0,0,0,0,0,b,0
0,0,0,0,0,0,0,0,0,0,0,0,0,0,0,0
0,0,0,0,0,0,0,0,0,0,0,0,0,0,0,0
a,a,a,0,0,0,0,0,0,0,0,0,0,0,0,0
0,0,0,0,0,0,0,0,0,0,0,0,0,0,0,0
0,0,0,0,0,0,0,0,a,0,0,0,0,0,0,0
0,0,0,0,0,0,0,0,0,0,0,0,0,0,0,0
0,0,0,0,0,0,0,0,0,0,0,0,0,0,0,0
0,0,0,0,0,0,0,0,0,0,0,0,0,0,0,a
0,0,0,0,0,0,0,0,0,0,0,0,0,0,0,0
0,0,0,0,0,0,0,0,a,a,a,0,0,0,0,0
0,0,0,0,0,0,0,0,0,0,0,0,0,0,0,0
0,0,0,0,0,0,0,0,0,0,0,0,0,0,0,0
0,0,0,0,0,0,0,0,0,0,0,0,0,0,0,0
WAL a,b
EXT 14,1 c 14,1
PAL 0

ROOM c
0,0,0,0,0,0,0,0,0,0,0,0,0,0,b,0
0,0,0,0,0,0,0,0,0,0,0,0,0,b,0,b
0,0,0,0,0,a,0,0,0,0,0,0,0,0,b,0
0,0,0,0,0,0,0,0,0,0,0,0,0,0,0,0
0,0,0,0,0,0,0,0,0,0,0,0,0,0,0,0
a,a,0,0,0,0,0,0,0,0,0,0,0,0,0,a
0,0,0,0,0,0,0,0,0,0,0,0,0,0,0,0
0,0,0,0,0,0,0,a,0,0,0,0,0,0,0,0
0,0,0,0,0,0,0,0,0,0,0,0,0,0,0,0
0,0,0,0,0,0,0,0,0,0,0,0,0,0,0,0
0,0,0,0,0,0,0,0,0,0,0,0,0,0,a,0
0,0,0,0,0,0,0,0,0,0,0,0,0,0,0,0
0,0,0,0,0,0,0,a,a,a,0,0,0,0,0,0
0,0,0,0,0,0,0,0,0,0,0,0,0,0,0,0
0,0,0,0,0,0,0,0,0,0,0,0,0,0,0,0
0,0,0,0,0,0,0,0,0,0,0,0,0,0,0,0
WAL a,b
EXT 14,1 d 14,1
PAL 0

ROOM d
0,0,0,0,0,0,0,0,0,0,0,0,0,0,b,0
0,0,0,0,0,0,0,0,0,0,0,0,0,b,0,b
0,0,0,0,a,0,0,0,0,0,0,0,0,0,b,0
0,0,0,0,0,0,0,0,0,0,0,0,0,0,0,0
0,0,0,0,0,0,0,0,0,0,0,0,0,0,0,0
a,0,0,0,0,0,0,0,0,0,0,0,0,0,a,a
0,0,0,0,0,0,0,0,0,0,0,0,0,0,0,0
0,0,0,0,0,0,a,0,0,0,0,0,0,0,0,0
0,0,0,0,0,0,0,0,0,0,0,0,0,0,0,0
0,0,0,0,0,0,0,0,0,0,0,0,0,0,0,0
0,0,0,0,0,0,0,0,0,0,0,0,0,a,0,0
0,0,0,0,0,0,0,0,0,0,0,0,0,0,0,0
0,0,0,0,0,0,a,a,a,0,0,0,0,0,0,0
0,0,0,0,0,0,0,0,0,0,0,0,0,0,0,0
0,0,0,0,0,0,0,0,0,0,0,0,0,0,0,0
0,0,0,0,0,0,0,0,0,0,0,0,0,0,0,0
WAL a,b
EXT 14,1 0 14,1
PAL 0

ROOM e
0,0,0,0,0,0,0,0,0,0,0,0,0,0,b,0
0,0,0,0,0,0,0,0,0,0,0,0,0,b,0,b
0,0,0,a,0,0,0,0,0,0,0,0,0,0,b,0
0,0,0,0,0,0,0,0,0,0,0,0,0,0,0,0
0,0,0,0,0,0,0,0,0,0,0,0,0,0,0,0
0,0,0,0,0,0,0,0,0,0,0,0,0,a,a,a
0,0,0,0,0,0,0,0,0,0,0,0,0,0,0,0
0,0,0,0,0,a,0,0,0,0,0,0,0,0,0,0
0,0,0,0,0,0,0,0,0,0,0,0,0,0,0,0
0,0,0,0,0,0,0,0,0,0,0,0,0,0,0,0
0,0,0,0,0,0,0,0,0,0,0,0,a,0,0,0
0,0,0,0,0,0,0,0,0,0,0,0,0,0,0,0
0,0,0,0,0,a,a,a,0,0,0,0,0,0,0,0
0,0,0,0,0,0,0,0,0,0,0,0,0,0,0,0
0,0,0,0,0,0,0,0,0,0,0,0,0,0,0,0
0,0,0,0,0,0,0,0,0,0,0,0,0,0,0,0
WAL a,b
EXT 14,1 f 14,1
PAL 0

ROOM f
0,0,0,0,0,0,0,0,0,0,0,0,0,0,b,0
0,0,0,0,0,0,0,0,0,0,0,0,0,b,0,b
0,0,a,0,0,0,0,0,0,0,0,0,0,0,b,0
0,0,0,0,0,0,0,0,0,0,0,0,0,0,0,0
0,0,0,0,0,0,0,0,0,0,0,0,0,0,0,0
0,0,0,0,0,0,0,0,0,0,0,0,a,a,a,0
0,0,0,0,0,0,0,0,0,0,0,0,0,0,0,0
0,0,0,0,a,0,0,0,0,0,0,0,0,0,0,0
0,0,0,0,0,0,0,0,0,0,0,0,0,0,0,0
0,0,0,0,0,0,0,0,0,0,0,0,0,0,0,0
0,0,0,0,0,0,0,0,0,0,0,a,0,0,0,0
0,0,0,0,0,0,0,0,0,0,0,0,0,0,0,0
0,0,0,0,a,a,a,0,0,0,0,0,0,0,0,0
0,0,0,0,0,0,0,0,0,0,0,0,0,0,0,0
0,0,0,0,0,0,0,0,0,0,0,0,0,0,0,0
0,0,0,0,0,0,0,0,0,0,0,0,0,0,0,0
WAL a,b
EXT 14,1 0 14,1
PAL 0

TIL a
00111000
00111100
01101100
11011010
11111011
11111110
01010011
01101110

TIL b
00000000
00000000
00000000
00000000
00000000
00000000
00000000
00000000

SPR A
00000000
00000000
00000000
00000000
00000000
00000000
00000000
00000000
POS c 14,1

SPR a
00000000
00000000
01010001
01110001
01110010
01111100
00111100
00100100
DLG SPR_0

ITM 0
00000000
00000000
00000000
00111100
01100100
00100100
00011000
00000000
NAME tea
DLG ITM_0

DLG SPR_0
I'm a cat

DLG ITM_0
You found a nice warm cup of tea

VAR a
42
