fire without smoke

# BITSY VERSION 4.5

! ROOM_FORMAT 1

PAL 0
0,0,0
255,255,255
255,255,255

ROOM 0
0,0,0,0,0,0,0,0,0,0,0,0,0,0,0,0
0,0,0,0,0,0,0,0,0,0,0,0,0,0,0,0
0,0,0,0,0,0,0,0,0,0,0,0,0,0,0,0
0,0,0,0,0,0,0,0,0,0,0,0,0,0,0,0
0,0,0,0,0,0,0,0,0,0,0,0,0,0,0,0
0,0,0,0,0,i,k,k,k,k,k,l,0,0,0,0
0,0,0,0,0,a,e,e,n,e,e,a,0,0,0,0
0,0,0,0,0,a,c,0,0,0,d,a,0,0,0,0
0,0,0,0,0,a,0,0,0,0,0,a,0,0,0,0
0,0,0,0,0,a,0,0,g,0,0,a,0,0,0,0
0,0,0,0,0,h,k,k,k,k,k,j,0,0,0,0
0,0,0,0,0,e,m,e,e,e,m,e,0,0,0,0
0,0,0,0,0,e,e,e,e,e,e,e,0,0,0,0
0,0,0,0,0,e,m,e,f,e,m,e,0,0,0,0
0,0,0,0,0,0,0,0,0,0,0,0,0,0,0,0
0,0,0,0,0,0,0,0,0,0,0,0,0,0,0,0
WAL a,e,d,h,i,j,k,l

TIL a
10000001
10000001
10000001
10000001
10000001
10000001
10000001
10000001

TIL c
00000000
00100000
00100000
00100000
00111100
00111100
00111100
00100100

TIL d
00000000
00011100
00011100
00111110
00001000
00001000
00001000
00011100

TIL e
11111111
11111111
11111111
11111111
11111111
11111111
11111111
11111111

TIL f
10000001
10111101
10100101
10100101
10111101
10100101
10111101
10000001

TIL g
00000000
00000000
11111110
11111010
11101010
10101010
10101010
10101010

TIL b
11111111
10000001
10000001
10011001
10011001
10011001
10011001
11111111

TIL h
10000000
10000000
10000000
10000000
10000000
10000000
10000000
11111111

TIL i
11111111
10000000
10000000
10000000
10000000
10000000
10000000
10000000

TIL j
00000001
00000001
00000001
00000001
00000001
00000001
00000001
11111111

TIL k
11111111
00000000
00000000
00000000
00000000
00000000
00000000
11111111

TIL l
11111111
00000001
00000001
00000001
00000001
00000001
00000001
00000001

TIL m
11111111
10000001
10000001
11111111
10000001
10000001
11111111
11111111

TIL n
11111111
11111111
00000000
11111111
01000010
01000010
01000010
11000011

SPR A
00000010
00000000
01010000
00111000
01111100
01100110
01000010
00111100
>
01000000
00010000
00010000
00101010
01000100
01000010
01000010
00111100
POS 0 7,8

SPR a
00000000
00000000
01010001
01110001
01110010
01111100
00111100
00100100
POS 1 8,11

ITM 0
00000000
00000000
00000000
00000000
00000000
00000000
00000000
00000000

DLG a
hello cat, have you seen my smoke? ....                           no but smoke rises and I hurt my leg, I cannot climb.

