The games we have shared

# BITSY VERSION 3.5

! ROOM_FORMAT 1

PAL 0
255,238,238
170,187,255
85,85,255

ROOM 0
0,0,0,0,0,0,0,0,0,0,0,0,0,0,0,0
0,0,0,0,0,0,0,0,0,0,0,0,0,0,0,0
0,0,0,0,0,0,0,0,0,0,0,0,0,0,0,0
0,0,0,0,0,0,0,0,0,0,0,0,0,0,0,0
0,0,0,0,0,0,0,0,0,0,0,0,0,0,0,0
0,0,0,0,0,0,0,0,0,0,0,0,0,0,0,0
0,0,0,0,0,0,0,0,0,0,0,0,0,0,0,0
0,0,0,0,0,0,0,0,0,0,0,0,0,0,0,0
0,0,0,0,0,0,0,0,0,0,0,0,0,0,0,0
0,0,0,0,0,0,0,0,0,0,0,0,0,0,0,0
0,0,0,0,0,0,0,0,0,0,0,0,0,0,0,0
0,0,0,0,0,0,0,0,0,0,0,0,0,0,0,0
0,0,0,0,0,0,0,0,0,0,0,0,0,0,0,0
0,0,e,e,e,e,e,e,e,e,e,e,e,e,0,0
0,0,e,0,a,0,0,0,0,0,0,0,0,e,0,0
0,0,e,c,b,b,b,b,b,b,b,b,d,e,0,0
WAL b,c,d,e
EXT 4,14 1 11,14
PAL 0

ROOM 1
0,0,0,0,0,0,0,0,0,0,0,0,0,0,0,0
0,0,0,0,0,0,0,0,0,0,0,0,0,0,0,0
0,0,0,0,0,0,0,0,0,0,0,0,0,0,0,0
0,0,0,0,0,0,0,0,0,0,0,0,0,0,0,0
0,0,0,0,0,0,0,0,0,0,0,0,0,0,0,0
0,0,0,0,0,0,0,0,0,0,0,0,0,0,0,0
0,0,0,0,0,0,0,0,0,0,0,0,0,0,0,0
0,0,0,0,0,0,0,0,0,0,0,0,0,0,0,0
0,0,0,0,0,0,0,0,0,0,0,0,0,0,0,0
0,0,0,0,0,0,0,0,0,0,0,0,0,0,0,0
0,0,0,0,0,0,0,0,0,0,0,0,0,0,0,0
0,0,e,e,e,e,e,e,e,e,e,e,e,e,0,0
0,0,e,0,0,0,0,0,0,0,0,0,0,e,0,0
0,0,e,0,0,0,0,0,0,0,0,0,0,e,0,0
0,0,e,0,0,0,f,0,0,0,0,0,0,e,0,0
0,0,e,c,b,b,b,b,b,b,b,b,d,e,0,0
WAL e
EXT 6,14 2 6,14
PAL 0

ROOM 2
0,0,0,0,0,0,0,0,0,0,0,0,0,0,0,0
0,0,0,0,0,0,0,0,0,0,0,0,0,0,0,0
0,0,0,0,0,0,0,0,0,0,0,0,0,0,0,0
0,0,0,0,0,0,0,0,0,0,0,0,0,0,0,0
0,0,0,0,0,0,0,0,0,0,0,0,0,0,0,0
0,0,0,0,0,0,0,0,0,0,0,0,0,0,0,0
0,0,0,0,0,0,0,0,0,0,0,0,0,0,0,0
0,0,0,0,0,0,0,0,0,0,0,0,0,0,0,0
0,0,0,0,0,0,0,0,0,0,0,0,0,0,0,0
0,0,0,0,0,0,0,0,0,0,0,0,0,0,0,0
0,0,0,0,0,0,0,0,0,0,0,0,0,0,0,0
e,e,e,e,e,e,e,e,e,e,e,e,e,e,0,0
e,0,0,0,0,0,0,0,0,0,0,0,0,e,0,0
e,0,0,0,0,0,0,h,0,i,0,0,0,e,0,0
e,0,a,0,0,0,0,0,0,0,0,0,0,e,0,0
e,c,b,b,b,b,b,b,b,b,b,b,d,e,0,0
WAL e
EXT 2,14 3 8,14
PAL 0

ROOM 3
0,0,0,0,0,0,0,0,0,0,0,0,0,0,0,0
0,0,0,0,0,0,0,0,0,0,0,0,0,0,0,0
0,0,0,0,0,0,0,0,0,0,0,0,0,0,0,0
0,0,0,0,0,0,0,0,0,0,0,0,0,0,0,0
0,0,0,0,0,0,0,0,0,0,0,0,0,0,0,0
0,0,0,0,0,0,0,0,0,0,0,0,0,0,0,0
0,0,0,0,0,0,0,0,0,0,0,0,0,0,0,0
0,0,0,0,0,0,0,0,0,0,0,0,0,0,0,0
0,0,0,0,0,0,0,0,0,0,0,0,0,0,0,0
0,0,0,0,0,0,0,0,0,0,0,0,0,0,0,0
0,0,0,0,0,0,0,0,0,0,0,0,0,0,0,0
0,0,0,0,0,0,0,0,0,0,0,0,0,0,0,0
0,0,0,0,0,0,0,0,0,0,0,0,0,0,0,0
0,0,e,e,e,e,e,e,e,e,e,e,e,e,0,0
0,0,e,0,0,a,0,n,0,j,0,k,0,e,0,0
0,0,e,c,b,b,b,b,b,b,b,b,d,e,0,0
WAL e
EXT 5,14 4 7,14
PAL 0

ROOM 4
0,0,0,0,0,0,0,0,0,0,0,0,0,0,0,0
0,0,0,0,0,0,0,0,0,0,0,0,0,0,0,0
0,0,0,0,0,0,0,0,0,0,0,0,0,0,0,0
0,0,0,0,0,0,0,0,0,0,0,0,0,0,0,0
0,0,0,0,0,0,0,0,0,0,0,0,0,0,0,0
0,0,0,0,0,0,0,0,0,0,0,0,0,0,0,0
0,0,0,0,0,0,0,0,0,0,0,0,0,0,0,0
0,0,0,0,0,0,0,0,0,0,0,0,0,0,0,0
0,0,0,0,0,0,0,0,0,0,0,0,0,0,0,0
0,0,0,0,0,0,0,0,0,0,0,0,0,0,0,0
0,0,0,0,0,0,0,0,0,0,0,0,0,0,0,0
0,0,0,0,0,0,0,0,0,0,0,0,0,0,0,0
0,0,e,e,e,e,e,e,e,e,e,e,e,e,0,0
0,0,e,0,0,0,0,0,0,0,0,0,0,e,0,0
0,0,e,0,0,a,0,m,0,l,0,0,0,e,0,0
0,0,e,c,b,b,b,b,b,b,b,b,d,e,0,0
WAL e
EXT 5,14 5 7,14
PAL 0

ROOM 5
0,0,0,0,0,0,0,0,0,0,0,0,0,0,0,0
0,0,0,0,0,0,0,0,0,0,0,0,0,0,0,0
0,0,0,0,0,0,0,0,0,0,0,0,0,0,0,0
0,0,0,0,0,0,0,0,0,0,0,0,0,0,0,0
0,0,0,0,0,0,0,0,0,0,0,0,0,0,0,0
0,0,0,0,0,0,0,0,0,0,0,0,0,0,0,0
0,0,0,0,0,0,0,0,0,0,0,0,0,0,0,0
0,0,0,0,0,0,0,0,0,0,0,0,0,0,0,0
0,0,0,0,0,0,0,0,0,0,0,0,0,0,0,0
0,0,0,0,0,0,0,0,0,0,0,0,0,0,0,0
0,0,0,0,0,0,0,0,0,0,0,0,0,0,0,0
0,0,0,0,0,0,0,0,0,0,0,0,0,0,0,0
0,0,e,e,e,e,e,e,e,e,e,e,e,e,0,0
0,0,e,0,0,0,0,0,0,0,0,0,0,e,0,0
0,0,e,0,0,a,0,n,0,0,0,0,0,e,0,0
0,0,e,c,b,b,b,b,b,b,b,b,d,e,0,0
WAL e
EXT 5,14 6 7,14
PAL 0

ROOM 6
0,0,0,0,0,0,0,0,0,0,0,0,0,0,0,0
0,0,0,0,0,0,0,0,0,0,0,0,0,0,0,0
0,0,0,0,0,0,0,0,0,0,0,0,0,0,0,0
0,0,0,0,0,0,0,0,0,0,0,0,0,0,0,0
0,0,0,0,0,0,0,0,0,0,0,0,0,0,0,0
0,0,0,0,0,0,0,0,0,0,0,0,0,0,0,0
0,0,0,0,0,0,0,0,0,0,0,0,0,0,0,0
0,0,0,0,0,0,0,0,0,0,0,0,0,0,0,0
0,0,0,0,0,0,0,0,0,0,0,0,0,0,0,0
0,0,0,0,0,0,0,0,0,0,0,0,0,0,0,0
0,0,0,0,0,0,0,0,0,0,0,0,0,0,0,0
0,0,0,0,0,0,0,0,0,0,0,0,0,0,0,0
0,0,e,e,e,e,e,e,e,e,e,e,e,e,0,0
0,0,e,0,0,0,0,0,0,0,0,0,0,e,0,0
0,0,e,0,0,a,0,n,0,0,0,0,0,e,0,0
0,0,e,c,b,b,b,b,b,b,b,b,d,e,0,0
WAL e
EXT 5,14 7 8,14
PAL 0

ROOM 7
0,0,0,0,0,0,0,0,0,0,0,0,0,0,0,0
0,0,0,0,0,0,0,0,0,0,0,0,0,0,0,0
0,0,0,0,0,0,0,0,0,0,0,0,0,0,0,0
0,0,0,0,0,0,0,0,0,0,0,0,0,0,0,0
0,0,0,0,0,0,0,0,0,0,0,0,0,0,0,0
0,0,0,0,0,0,0,0,0,0,0,0,0,0,0,0
0,0,0,0,0,0,0,0,0,0,0,0,0,0,0,0
0,0,0,0,0,0,0,0,0,0,0,0,0,0,0,0
0,0,0,0,0,0,0,0,0,0,0,0,0,0,0,0
0,0,0,0,0,0,0,0,0,0,0,0,0,0,0,0
0,0,0,0,0,0,0,0,0,0,0,0,0,0,0,0
0,0,0,0,0,0,0,0,0,0,0,0,0,0,0,0
0,0,0,0,0,0,0,0,0,0,0,0,0,0,0,0
0,0,e,e,e,e,e,e,e,e,e,e,e,e,0,0
0,0,e,0,a,0,0,0,0,0,0,0,0,e,0,0
0,0,e,c,b,b,b,b,b,b,b,b,d,e,0,0
WAL e
END 0 4,14
PAL 0

TIL a
11111111
10001001
10001001
10001001
10001001
10011001
10001001
10001001

TIL b
11111111
00000000
00000000
00000000
00000000
00000000
00000000
00000000

TIL c
00101011
00000000
00000000
00000000
00000000
00000000
00000000
00000000

TIL d
11010100
00000000
00000000
00000000
00000000
00000000
00000000
00000000

TIL e
00000000
00000000
00000000
00000000
00000000
00000000
00000000
00000000

TIL f
00000000
00011100
00011100
00011100
00011100
00011111
00010101
00010101

TIL g
00000000
00000000
00000000
00000000
00000000
00000000
00000000
00000000

TIL h
00001111
00001011
00001111
00001111
00001010
00001011
00001111
00001111

TIL i
11110000
11010000
11110000
01110000
11010000
01010000
11110000
11110000

TIL j
00000000
00000000
00000000
00000000
00000000
00000000
10000000
10111110

TIL k
00000000
00000000
00000000
00000000
00000000
11111111
01000010
01000010

TIL l
00000000
00000000
00000000
00000000
00000000
10000000
01100000
00011111

TIL m
00000000
10111111
11111111
10100001
11100001
10111111
11111111
10100001

TIL n
00111000
00111000
00111000
00010000
00010000
00010000
00010000
00111000

SPR A
00111000
00111100
00101000
01111100
01111100
01111100
00101000
00101000
>
00000000
00111000
00111100
00101000
01111100
01111100
01111100
00101000
POS 0 8,14

SPR b
00111000
00101000
00011000
01111100
01111100
01111100
00101000
00101000
>
00111000
00101000
00111000
01111100
01111100
01111100
00101000
00101000
POS 0 11,14

SPR c
00000000
00000000
11111110
10001110
10001110
11111110
10001110
11111110
>
00000000
00000000
11111110
10001110
10001110
11111110
11001110
11111110
POS 4 10,14

SPR d
00000000
00000000
00000000
01000110
11111111
01000010
01000010
01000010
POS 1 8,14

SPR f
00001111
00001011
00000111
00001111
01111111
01111111
01100101
00100101
>
00001111
00001011
00001111
00001111
01111111
01111111
10100101
00100101
POS 1 9,14

SPR g
11111111
11000001
11010101
11010001
11000001
11111111
11000001
11000001
POS 1 4,14

SPR h
11111111
10000001
10000001
11101011
11011101
10101011
11111111
11111111
POS 1 8,13

SPR i
00001111
00000101
00001111
00001111
01111111
01111111
01110101
00100101
>
00001111
00000101
00001111
00001111
01111111
01111111
01110101
00100101
POS 2 9,14

SPR j
00000000
00000000
00000000
00000000
11111111
01000010
01000010
01000010
POS 2 8,14

SPR k
11111111
11001110
11111110
00110101
11110111
10111100
11111111
11111111
POS 2 8,13

SPR l
11111111
11000001
11000101
11000001
11000001
11111111
11000001
11000001
POS 2 4,14

SPR m
00000000
00000000
00011100
00010100
00001100
00111110
00111110
11111110
>
00000000
00000000
00011100
00010100
00011100
00111110
00111110
11111110
POS 3 10,14

SPR n
00000000
00000000
00001110
00001010
00001100
00011111
00111100
00111111
>
00000000
00000000
00001110
00001010
00001110
00011111
00111100
00111111
POS 4 8,14

SPR o
00000000
00011100
10010101
10001111
11101111
11111111
00001111
00011001
>
00000000
00011100
10010101
10011111
11101111
11111111
00001111
00011001
POS 5 10,14

SPR p
00000000
00000000
00000000
00000000
00000100
00001111
00001000
00001000
POS 5 9,14

SPR q
11111111
11101001
10011101
10001101
11111111
00000000
01111110
01111110
POS 6 9,14

SPR r
00000000
00111000
00101001
00011001
00011101
01111101
00111111
01111111
>
00000000
00111000
00101001
00111001
00011101
01111101
00111111
01111111
POS 6 11,14

SPR s
00001110
00001010
00001110
00011111
00011111
00011111
00001010
00001010
>
00001110
00001010
00000110
00011111
00011111
00011111
00001010
00001010
POS 7 11,14

DLG a
I'm a cat

DLG b
Hey, did you want to play Dominion? I'll grab the box and set up on the kitchen table.

DLG h
The painting is closed showing the snowy hill you can barely remember visiting. The little horse is still there hiding.

DLG g
Wallace and Gromit wave from an American taxi, you never considered how strange this fridge magnet is or where it came from... You pour some juice.

DLG d
The game is set up on the table.  Chapel is safely stored away in the box as per your agreement.

DLG f
Grab a seat... I took out Chapel don't worry. Can you grab me a glass of juice? Thanks! Oh and you might need to just hop over the table, sorry.

DLG i
How is it going? Did you want to play something later maybe? No problem if you're not up for it. Could ask Dad to play Boggle or something?

DLG k
The Amazon Jungle lies before you, a thicket of greens and browns. You see one of the figures hidden in the leaves.

DLG j
The table is empty, you tend to eat in the living room.

DLG l
Scrabble letters cover the fridge's surface.

DLG m
That was a short game. Maybe next time I will try and win the Space Race and focus less on holding Germany. I am heading back up to Dundee tomorrow but it has been a great few weeks. Let me know when I can visit you at Uni.

DLG c
Clone trooper helms are dashed with pixelated rain as laser fire whips across the screen.

DLG n
Hey how was school? I started a new Galactic Conquest but keep losing Kamino to the Republic. Mum and Dad are going to be back late I think so I'll do pizzas.

DLG o
I was able to get the arcade machines to generate but the camera doesn't do much. Dad is getting here pretty soon but we can work more on it back in Dundee. Really excited to get the minigames working!

DLG p
The table has some leftover food food from last night and a few sketches of the game.

DLG q
The last few chapters were quite slow, lots of Michael and no Trevor or Franklin. But now you see him descending a hill toward a low Farmhouse surrounded by shotgun wielding drug dealers. Hopefully they don't notice the quad bike you left back in the bushes.

DLG r
Did you want to have a go? I tried running in but there are way more inside. I think I am missing something obvious, maybe there is a good vantage point somewhere between the trees...

DLG s
Hey I was thinking we should try and make a little murder mystery game? I keep thinking about it. Did you want to play more Absolver later? Hope your birthday went well, I realise we were pretty busy working and I didn't get a chance to say how proud I was to see you helping people and generally enjoying your work. It means a lot to me that you have found something you really love doing. Maybe we should volunteer together at something soon.

END 0
For Tom. So many games we have shared, I look forward to playing and creating many, many more together. Your loving brother, Jamie.

