His only love...                                  STARCRAFT.           Based on a true story.

PAL 0
0,38,96
128,159,255
255,0,128

SET 0
ww0w000w000w00w0
0w00w0000w00w00w
w0w000w000000000
0000000000w00r00
00w0w00w0w000rw0
w0000000000mqaqq
0w0000w00mno0a00
000w000mno000000
00000w0lkkkkkkkk
zwyyyyy00ef00000
x0000000ighj0uv0
ssssssstpppppppp
ssssssstpppppppp
ssssssstpppppppp
ssssssstpppppppp
ssssssstpppppppp
WAL z,x,w,y,s

TIL a
10111011
11111111
11011101
11111111
11101110
10111111
11111011
11111111

TIL b
00000000
00000000
00000000
00000000
00000000
00000000
00000000
00000000

TIL c
11111111
11111111
00000000
00000000
00000000
00000000
00000000
00000000

TIL d
00000000
00000000
00000000
00000000
00000000
00000000
00000000
00000000

TIL e
11111111
10000000
10100100
10000001
10011000
10001001
10000011
11111111

TIL f
11111111
00000001
00001001
10101101
00000001
10010001
11000001
11111111

TIL g
00000011
00000001
00000111
11111111
00000111
00000111
00000100
00000100

TIL h
11000000
10000000
11100000
11111111
11100000
11100000
00100000
00100000

TIL i
00000000
00000000
00000000
00000011
00000001
00000001
00000001
00000001

TIL j
00000000
00000000
00000000
11000000
10000000
10000000
10000000
10000000

TIL k
00000000
00000000
11111111
11111111
00000000
00000000
00000000
00000000

TIL l
00001111
00111100
11111111
11111111
00110000
00110000
00110000
00110000

TIL m
00000000
00000000
00000000
00000000
00000000
00000000
00000000
00000011

TIL n
00000000
00000000
00000000
00000011
00001111
00111100
11110000
11000000

TIL o
00001111
00111100
11110000
11000000
00000000
00000000
00000000
00000000

TIL p
11111111
11111111
11111111
11111111
11111111
11111111
11111111
11111111

TIL q
00000000
00000000
00000000
00000000
00000000
00000000
00000000
11111111

TIL r
00000000
00100001
10000000
00001000
00000000
00100100
00000000
00010000

TIL s
11101111
11111111
11111101
11011111
11111111
11111011
01111111
11111111

TIL t
01101111
11101111
11101111
11001111
11101111
01101111
11101111
11101111

TIL v
00000010
00000010
00000010
11111110
11111110
11111110
00000010
00000010

TIL x
11100000
11110000
11110000
11111000
11111000
11111100
11111100
11000000

TIL z
00000000
00000000
00000000
00000000
10000000
10000000
11000000
11000000

TIL {
00000000
00000000
00000000
00000000
00000000
00000000
00000000
00000000

TIL |
00000000
00000000
00000000
00000000
00000000
00000000
00000000
00000000

TIL }
00000000
00000000
00000000
00000000
00000000
00000000
00000000
00000000

TIL ~
00000000
00000000
00000000
00000000
00000000
00000000
00000000
00000000

TIL u
00000000
00000000
01000000
01111111
01111111
01111111
01000000
01000000

TIL 
00000000
00000000
00000000
00000000
00000000
00000000
00000000
00000000

TIL y
00000000
00000000
00000000
00000000
00000000
00000000
00000000
00000000

TIL w
00000000
00000000
00000000
00000000
00000000
00000000
00000010
00000000

SPR A
00011000
00111100
00111000
00011111
00111100
01111110
00100100
00110110
POS 0 3,10

SPR a
00000000
00000000
00000000
00000000
00000000
00000000
00000000
00000000
POS 0 0,0

SPR b
00000000
00000000
00000000
00000000
00000000
00000000
00000000
00000000

SPR c
00110000
00110000
11110000
11110000
00110000
00110000
00110000
00110000
POS 0 7,10

SPR d
00000000
00110000
00110000
00110000
00110000
00110000
00110000
00110000
POS 0 7,9

DLG a
I'm a cat

DLG c
DING DONG!

