


# BITSY VERSION 4.8

! ROOM_FORMAT 1

PAL 0
122,100,204
255,167,195
255,227,170
251,254,217
165,214,254
206,177,255
221,255,209
254,225,220
229,247,253

PAL 1
221,255,209
254,225,220
229,247,253

ROOM 0
0,0,0,0,0,0,0,0,0,0,0,0,0,0,0,0
0,a,a,a,a,a,a,a,a,a,a,a,a,a,a,0
0,a,0,0,0,0,0,0,0,0,0,0,0,0,a,0
0,a,0,0,0,0,0,0,0,0,0,0,0,0,a,0
0,a,0,0,0,0,0,0,0,0,0,0,0,0,a,0
0,a,0,0,0,0,0,0,0,0,0,0,0,0,a,0
0,a,0,0,0,0,0,0,0,0,0,0,0,0,a,0
0,a,0,0,0,0,0,0,0,0,0,0,0,0,a,0
0,a,0,0,0,0,0,0,0,0,0,0,0,0,a,0
0,a,0,0,0,0,0,0,0,0,0,0,0,0,a,0
0,a,0,0,0,0,0,0,0,0,0,0,0,0,a,0
0,a,0,0,0,0,0,0,0,0,0,0,0,0,a,0
0,a,0,0,0,0,0,0,0,0,0,0,0,0,a,0
0,a,0,0,0,0,0,0,0,0,0,0,0,0,a,0
0,a,a,a,a,a,a,a,a,a,a,a,a,a,a,0
0,0,0,0,0,0,0,0,0,0,0,0,0,0,0,0
PAL 0

ROOM 1
0,0,0,0,0,0,0,0,0,0,0,0,0,0,0,0
0,0,2i,0,0,0,0,2j,0,0,0,0,0,0,2i,0
0,0,0,0,0,0,0,0,0,0,0,0,0,0,0,0
0,0,2g,0,0,0,0,0,0,0,2h,0,0,0,0,0
0,0,0,0,2f,0,0,0,0,0,0,0,0,0,0,0
0,0,0,0,0,0,0,2i,0,0,0,0,0,0,0,0
0,0,0,0,0,0,0,0,0,0,0,0,0,2g,0,0
0,2k,0,0,0,2g,0,0,0,0,0,0,0,0,0,0
0,0,0,0,0,0,0,0,0,0,0,0,0,0,0,0
0,0,0,2h,0,0,0,0,0,0,2j,0,0,0,2h,0
0,0,0,0,0,0,0,2g,0,0,0,0,0,0,0,0
0,0,0,0,0,0,0,0,0,0,0,0,0,0,0,0
0,0,0,2i,0,0,0,0,0,0,0,2l,2m,2n,0,0
2j,0,0,0,0,0,0,0,0,0,0,2o,2p,2q,0,0
0,0,0,0,0,2h,0,0,0,2j,0,0,0,0,0,2g
0,0,0,0,0,0,0,0,0,0,0,0,0,0,0,0
EXT 0,12 2 0,12
EXT 1,12 2 1,12
EXT 2,12 2 2,12
EXT 3,12 2 3,12
EXT 4,12 2 4,12
EXT 5,12 2 5,12
EXT 6,12 2 6,12
EXT 7,12 2 7,12
EXT 8,12 2 8,12
EXT 9,12 2 9,12
EXT 10,12 2 10,12
EXT 11,12 2 11,12
EXT 12,12 2 12,12
EXT 13,12 2 13,12
EXT 14,12 2 14,12
EXT 15,12 2 15,12
PAL 0

ROOM 2
0,0,0,0,0,0,0,0,0,0,0,0,0,0,0,0
0,0,0,0,0,2h,0,0,0,0,2i,0,0,0,0,0
0,2g,0,0,0,0,0,0,0,0,0,0,2j,0,0,0
0,0,0,0,0,0,0,0,0,2g,0,0,0,0,0,0
0,0,0,2r,2s,0,0,0,0,0,0,2k,0,0,0,0
2j,0,0,0,0,0,0,0,0,0,0,0,0,0,2i,0
0,0,0,0,0,0,2i,0,0,0,0,0,0,0,0,0
0,0,0,2g,0,0,0,0,0,2h,0,0,0,0,0,0
2h,0,0,0,0,0,0,0,0,0,0,0,0,2g,0,0
0,0,0,0,0,2j,0,0,0,0,0,0,0,0,0,0
2l,2m,2n,0,0,0,0,0,0,0,0,2i,0,0,0,0
2o,2p,2q,0,0,0,0,0,0,0,0,0,0,0,0,0
0,0,0,0,0,0,0,2g,0,0,0,0,0,0,0,0
2g,0,0,0,0,0,0,0,0,0,2j,0,0,0,0,0
0,0,0,0,0,2h,0,0,0,0,0,0,0,2g,0,0
0,0,0,0,0,0,0,0,0,0,0,0,0,0,0,0
EXT 0,10 3 0,10
EXT 1,10 3 1,10
EXT 2,10 3 2,10
EXT 3,10 3 3,10
EXT 4,10 3 4,10
EXT 5,10 3 5,10
EXT 6,10 3 6,10
EXT 7,10 3 7,10
EXT 8,10 3 8,10
EXT 9,10 3 9,10
EXT 10,10 3 10,10
EXT 11,10 3 11,10
EXT 12,10 3 12,10
EXT 13,10 3 13,10
EXT 14,10 3 14,10
EXT 15,10 3 15,10
PAL 0

ROOM 3
0,0,0,0,0,0,0,0,0,0,0,0,0,0,0,0
0,0,0,0,2j,0,0,2g,0,0,2l,2m,2n,0,0,0
0,2g,0,0,0,0,0,0,0,0,2o,2p,2q,0,2i,0
0,0,0,0,0,0,0,0,0,0,0,0,0,0,0,0
0,0,0,2t,2u,2v,0,0,0,0,0,0,0,0,0,0
0,2h,0,0,0,0,0,0,0,2h,0,0,0,0,0,0
0,0,0,0,0,0,0,0,0,0,0,0,0,0,2g,0
0,0,2k,0,0,0,2i,0,0,0,0,0,0,0,0,0
0,0,0,0,0,0,0,0,0,0,0,2j,0,0,0,0
0,0,0,0,0,0,0,0,0,2g,0,0,0,0,0,0
0,0,0,0,0,0,0,0,2j,0,0,0,0,0,2k,0
0,0,0,2g,0,0,0,0,0,0,0,0,0,0,0,0
0,0,0,0,0,0,0,0,0,0,0,0,0,0,0,0
0,2h,0,0,0,0,0,0,0,0,0,0,0,2h,0,0
0,0,0,0,2i,0,0,0,2g,0,0,0,0,0,0,0
0,0,0,0,0,0,0,0,0,0,0,0,0,0,0,0
EXT 0,8 4 0,8
EXT 1,8 4 1,8
EXT 2,8 4 2,8
EXT 3,8 4 3,8
EXT 4,8 4 4,8
EXT 5,8 4 5,8
EXT 6,8 4 6,8
EXT 7,8 4 7,8
EXT 8,8 4 8,8
EXT 9,8 4 9,8
EXT 10,8 4 10,8
EXT 11,8 4 11,8
EXT 12,8 4 12,8
EXT 13,8 4 13,8
EXT 14,8 4 14,8
EXT 15,8 4 15,8
PAL 0

ROOM 4
0,0,0,0,0,0,0,0,0,0,2k,0,0,0,0,0
0,2j,0,0,0,0,0,0,2g,0,0,0,0,0,0,0
0,0,0,0,0,2i,0,0,0,0,0,0,0,0,2j,0
0,2w,2x,2y,0,0,0,0,0,0,2i,0,0,0,0,0
0,0,2z,30,31,32,33,34,0,0,0,0,0,0,0,0
0,0,0,35,36,37,37,38,0,0,0,0,0,0,2h,0
0,2h,0,0,0,0,0,0,0,0,0,0,0,0,0,0
0,0,0,0,2g,0,0,0,0,2h,0,0,0,0,0,0
0,0,0,0,0,0,0,0,0,0,0,0,2i,0,0,0
2k,0,0,0,0,0,0,0,0,0,0,0,0,0,0,0
0,0,0,2j,0,0,2i,0,0,0,0,0,0,0,0,0
0,0,0,0,0,0,0,0,0,2g,0,0,0,0,2g,0
2h,0,0,0,0,0,0,0,0,0,0,0,0,0,0,0
0,0,2i,0,0,0,2g,0,0,0,2j,0,0,2i,0,0
0,0,0,0,0,2l,2m,2n,0,0,0,0,0,0,0,0
0,0,0,0,0,2o,2p,2q,0,0,0,0,2h,0,0,0
EXT 0,6 5 0,13
EXT 1,6 5 1,13
EXT 2,6 5 2,13
EXT 3,6 5 3,13
EXT 4,6 5 4,13
EXT 6,6 5 6,13
EXT 7,6 5 7,13
EXT 8,6 5 8,13
EXT 9,6 5 9,13
EXT 10,6 5 10,13
EXT 11,6 5 11,13
EXT 12,6 5 12,13
EXT 13,6 5 13,13
EXT 14,6 5 14,13
EXT 15,6 5 15,13
EXT 5,6 5 5,13
PAL 0

ROOM 5
0,0,2j,0,0,0,0,0,0,0,0,0,0,0,0,0
39,3a,0,3b,0,0,2h,0,0,0,0,0,2g,0,0,0
3c,3d,3e,3f,0,0,0,0,2g,0,0,0,0,0,0,0
0,3g,3h,3i,0,0,0,0,0,0,2i,0,0,0,0,0
0,0,3j,3k,3l,3m,3n,3n,3n,3o,3p,3q,0,0,2h,0
0,0,3r,3s,7,7,7,7,7,7,7,3t,3u,0,0,0
2h,0,0,0,3v,3w,7,7,7,7,3x,7,3y,3z,0,0
0,0,0,2j,0,0,40,41,42,43,44,45,46,0,0,0
0,0,0,0,0,0,47,48,0,2j,0,0,0,0,0,0
0,0,2g,0,0,0,0,0,0,0,0,0,0,0,2j,0
0,0,0,0,0,0,2h,0,0,0,0,0,2i,0,0,0
2i,0,0,0,0,0,0,0,0,0,0,0,0,0,0,0
0,0,0,2h,0,0,0,0,0,2g,0,0,0,0,2g,0
0,0,0,0,0,0,0,0,0,0,0,0,0,0,0,0
0,0,0,2g,0,0,0,2i,0,0,0,2g,0,0,0,0
0,2j,0,0,0,0,0,0,0,2i,0,0,0,2j,0,0
EXT 0,10 6 0,13
EXT 1,10 6 1,13
EXT 2,10 6 2,13
EXT 3,10 6 3,13
EXT 4,10 6 4,13
EXT 5,10 6 5,13
EXT 6,10 6 6,13
EXT 7,10 6 7,13
EXT 8,10 6 8,13
EXT 9,10 6 9,13
EXT 10,10 6 10,13
EXT 11,10 6 11,13
EXT 12,10 6 12,13
EXT 13,10 6 13,13
EXT 14,10 6 14,13
EXT 15,10 6 15,13
PAL 0

ROOM 6
0,0,0,0,2h,0,0,0,0,0,0,0,2g,0,0,0
0,0,0,0,0,0,0,2j,0,2i,0,0,0,0,0,0
0,2i,0,0,0,2g,0,0,0,0,0,0,0,2j,0,0
49,49,49,4a,4b,4c,4d,4e,0,0,0,2g,0,0,0,0
7,7,7,7,7,7,7,7,4f,4g,4h,0,0,0,0,0
7,7,7,7,7,7,7,7,7,7,4i,4j,4k,0,2h,0
7,7,7,7,7,7,7,7,7,7,7,7,4l,4m,0,0
7,7,7,7,7,7,7,7,4n,4o,7,7,7,4p,4m,0
7,7,7,7,7,7,7,7,7,7,7,7,7,7,4q,0
4r,7,7,7,7,7,7,7,7,7,7,7,4s,4t,4u,0
4v,7,7,4w,4x,4y,4z,50,50,50,51,52,0,0,2g,0
7,53,54,55,0,2i,0,0,2g,0,0,0,0,0,0,0
56,57,2g,0,0,0,0,0,0,0,0,2h,0,0,0,0
0,0,0,0,0,0,0,0,0,0,0,0,0,0,0,2g
0,2i,0,0,0,2j,0,0,0,2i,0,0,0,2j,0,0
0,0,0,0,0,0,0,2h,0,0,0,0,0,0,0,0
EXT 0,10 7 0,10
EXT 1,10 7 1,10
EXT 2,10 7 2,10
EXT 3,10 7 3,10
EXT 4,10 7 4,10
EXT 5,10 7 5,10
EXT 6,10 7 6,10
EXT 7,10 7 7,10
EXT 8,10 7 8,10
EXT 9,10 7 9,10
EXT 10,10 7 10,10
EXT 11,10 7 11,10
EXT 12,10 7 12,10
EXT 14,10 7 14,10
EXT 15,10 7 15,10
EXT 13,10 7 13,10
PAL 0

ROOM 7
0,0,0,0,0,0,0,0,0,0,0,0,0,0,0,0
0,0,0,0,0,0,0,0,0,0,0,0,0,0,0,0
0,0,0,0,0,0,0,0,0,0,0,0,0,0,0,0
0,0,0,0,0,0,0,0,0,0,0,0,0,0,0,0
0,0,0,0,0,0,0,0,0,0,0,0,0,0,0,0
0,0,0,0,0,58,59,5a,0,0,0,0,0,0,0,0
0,0,0,0,0,5b,5c,5d,0,0,0,0,0,0,0,0
0,0,0,0,0,5e,5f,5g,0,0,0,0,0,0,0,0
0,0,0,0,0,0,0,0,0,0,0,0,0,0,0,0
0,0,0,0,0,0,0,0,0,0,0,0,0,0,0,0
0,0,0,0,0,0,0,0,0,0,0,0,0,0,0,0
0,0,0,0,0,0,0,0,0,0,0,0,0,0,0,0
0,0,0,0,0,0,0,0,0,0,0,0,0,0,0,0
0,0,0,0,0,0,0,0,0,0,0,0,0,0,0,0
0,0,0,0,0,0,0,0,0,0,0,0,0,0,0,0
0,0,0,0,0,0,0,0,0,0,0,0,0,0,0,0
ITM 1 5,6
ITM 1 6,6
ITM 1 7,6
ITM 1 7,7
ITM 1 6,7
ITM 1 5,7
ITM 1 5,5
ITM 1 6,5
ITM 1 7,5
END 0 0,14
END 0 1,14
END 0 2,14
END 0 3,14
END 0 4,14
END 0 5,14
END 0 6,14
END 0 7,14
END 0 8,14
END 0 9,14
END 0 10,14
END 0 11,14
END 0 12,14
END 0 13,14
END 0 14,14
END 0 15,14
PAL 0

TIL 1
01110000
01111000
11111000
11111000
11111000
11110000
11110000
01111100
NAME  1

TIL 2
00000111
00000011
00000011
00000011
00000011
00000011
00000011
00000011
NAME  2

TIL 3
11110000
11110000
11111100
11111000
11111000
11111100
11111000
11111000
NAME  3

TIL 4
00001111
00001111
00001111
00001111
00001111
00001111
00001111
00001111
NAME  4

TIL 5
11100000
11100000
11100000
11100000
11100000
11100000
11100000
11100000
NAME  5

TIL 6
11111111
11111111
11111111
11111111
11111111
11111111
11111111
01111111
NAME  6

TIL 7
11111111
11111111
11111111
11111111
11111111
11111111
11111111
11111111
NAME whale

TIL 8
00000001
00000011
10000110
11000100
11001000
10010000
10000000
00100000
NAME  8

TIL 9
00000111
00001111
00001111
00011111
00111111
01111111
01111111
11111111
NAME  9

TIL 10
01110001
01000100
00000000
00000000
00000000
00000000
00100000
00000000
NAME  35

TIL 11
00000001
00000011
00000011
00000111
00001111
00001111
00011111
00111111
NAME  36

TIL 12
10001111
10001111
11111111
11111111
11111111
11111111
11111111
11111111
NAME  37

TIL 13
10111111
11111111
11111111
11111111
11111111
11111111
11111111
11111111
NAME  38

TIL 14
01111110
01111111
01111111
01111110
01111110
01111110
01111110
01111110
NAME  39

TIL 15
00000001
00000001
00000001
00000001
00000001
00000001
00000001
00000001
NAME  40

TIL 16
11111110
11111110
11111110
11111110
11111110
11111110
11111110
11111110
NAME  41

TIL 17
11110000
11110000
11110000
11111000
11111000
11111000
11110000
11110000
NAME  42

TIL 18
00000000
00000000
00000100
00011000
00110000
01100000
01000000
00000000
NAME  43

TIL 19
00000000
00000000
00000000
00000000
00000000
00000111
00001111
00111111
NAME  44

TIL 20
11111111
11111111
11111111
11111111
11111110
11111100
11111111
11111111
NAME  71

TIL 21
00000000
00000000
00000000
00000000
00000000
00000000
11000000
11111000
NAME  72

TIL 22
00011111
00011111
00011111
00011111
00011111
00011111
00111111
00111111
NAME  73

TIL 23
10000000
10000001
00000011
10000111
10001111
10111111
00111111
01111111
NAME  74

TIL 24
11011111
10011111
10011111
00011111
00001111
00000001
10000000
10000000
NAME  75

TIL 25
11110000
10110000
11100000
11000000
01000001
10000001
00000011
00000011
NAME  76

TIL 26
00111111
00111111
01111111
01111111
01111111
01111111
00111111
01101111
NAME  77

TIL 27
11000000
11100000
11110000
11111000
11111000
11111100
11111110
11111110
NAME  78

TIL 28
00000001
00000001
00000001
00000000
00000001
00000001
00000001
00000001
NAME  79

TIL 29
00000000
00000000
00000000
00000000
00000001
00000001
00000011
00000111
NAME  80

TIL 30
11100000
11100000
11110000
11110000
11111000
11111100
01111111
00111111
NAME whale

TIL 31
00000000
00000000
00000011
00011111
01111111
11111111
11111111
11111111
NAME whale

TIL 32
00000000
00000000
11111111
11111111
11111111
11111111
11111111
11111111
NAME whale

TIL 33
00000000
00000000
11111000
11111111
11111111
11111111
11111000
11111111
NAME whale

TIL 34
00000000
00000000
00000000
10000000
11100000
11111000
11111000
11111100
NAME whale

TIL 35
00011111
00001111
00000011
00000000
00000000
00000000
00000000
00000000
NAME whale

TIL 36
11111111
11111111
11111111
11111111
00111111
00000000
00000000
00000000
NAME whale

TIL 37
11111111
11111111
11111111
11111111
11111111
00000000
00000000
00000000
NAME whale

TIL 38
11111100
11111100
11111100
11111000
10000000
00000000
00000000
00000000
NAME whale

TIL 39
00000000
00000000
00000000
00000000
00000000
00000010
00000011
00000011
NAME  116

TIL 40
00111111
00000011
00000011
00000111
00001111
00001111
00111111
01111111
NAME  143

TIL 41
11111111
11111111
11111111
11111111
11111111
11111111
11111111
11111000
NAME  144

TIL 42
11111111
11111111
11100000
11100000
11000000
10000000
00000000
00000000
NAME  145

TIL 43
11111111
11111111
00111111
00000011
00000000
00000000
00000000
00000000
NAME  146

TIL 44
11111111
11111111
11111111
11111110
00000000
00000000
00000000
00000000
NAME  147

TIL 45
11111111
11111111
11111110
00000000
00000000
00000000
00000000
00000000
NAME  148

TIL 46
11111000
11100000
00000000
00000000
00000000
00000000
00000000
00000000
NAME  149

TIL 47
11111111
01111100
00000000
00000000
00000000
00000000
00000000
00000000
NAME  150

TIL 48
11000000
00000000
00000000
00000000
00000000
00000000
00000000
00000000
NAME  151

TIL 49
00000000
00000000
00000000
00000000
11111111
11111111
11111111
11111111
NAME  152

TIL 50
11111111
11111111
11111111
11111111
00000000
00000000
00000000
00000000
NAME  179

TIL 51
11111111
11111111
11111111
00000000
00000000
00000000
00000000
00000000
NAME  180

TIL 52
11111110
11110000
00000000
00000000
00000000
00000000
00000000
00000000
NAME  181

TIL 53
11111111
11111111
11111111
11111111
11111111
11111111
11111111
11111100
NAME  182

TIL 54
11111111
11111111
11111110
11110000
11100000
10000000
00000000
00000000
NAME  183

TIL 55
11000000
10000000
00000000
00000000
00000000
00000000
00000000
00000000
NAME  184

TIL 56
11111111
11111110
00000000
00000000
00000000
00000000
00000000
00000000
NAME  185

TIL 57
11100000
00000000
00000000
00000000
00000000
00000000
00000000
00000000
NAME  186

TIL 58
00000000
00000000
00000000
00000000
00000000
00000011
00000111
00001111
NAME  187

TIL 59
00000000
00000000
00000000
00000000
11111111
11111111
11110111
11101011
>
00000000
00000000
00000000
00000000
11111111
11111111
11111111
11110111
NAME  188

TIL a
11111111
10000001
10000001
10011001
10011001
10000001
10000001
11111111

TIL b
00000000
11111101
11111111
11111111
11111111
11111111
11111111
11111111
NAME  10

TIL c
11111111
00011111
11100111
11111111
11111111
11111111
11111111
11111111
NAME  11

TIL d
11111111
11111111
11111111
11111111
11111111
11110000
11110000
11111111
NAME  12

TIL e
01111100
01111100
11111100
11111100
11111100
11111100
11111110
11111110
NAME  13

TIL f
00000011
00000011
00000011
00000011
00000011
00000011
00000011
00000011
NAME  14

TIL g
11111000
11111000
11111100
11111100
11111100
11111000
11111000
11111100
NAME  15

TIL h
00001111
00011111
00001111
00001111
00001111
00001111
00001111
00001111
NAME  16

TIL i
11110000
11110000
11110000
11110000
11110000
11110000
11110000
11110000
NAME  17

TIL j
11111110
11111110
11111100
11111101
11111001
11100010
10100000
11000100
NAME  18

TIL k
01000001
01000001
10000011
10000011
00000111
00000111
00001111
00001111
NAME  19

TIL l
11111110
11111110
11111110
11111100
11111000
11111001
11110000
11100000
NAME  20

TIL m
01111111
11111111
11111111
11111111
11111111
11111011
11111111
11111111
NAME  21

TIL n
11111110
01111110
01111110
11111110
11111110
01111100
01111110
11111110
NAME  22

TIL o
00000011
00000011
00000011
00000011
00000001
00000001
00000011
00000011
NAME  23

TIL p
11111100
11111100
11111100
11111100
11111100
11111100
11111100
11111100
NAME  24

TIL q
11111111
11111111
11111111
11111111
11111110
11111100
11111000
11110001
NAME  25

TIL r
11001100
10001000
10011000
00110000
01100000
01000000
11000000
10000000
NAME  26

TIL s
00011111
00011111
00111111
00111111
01111111
01111111
11111111
11111111
NAME  27

TIL t
11000000
11000000
11000000
01000000
11000000
11000001
11000011
11000011
NAME  28

TIL u
11110111
00100011
00000011
00000011
00000011
00000011
10000111
10001111
NAME  29

TIL v
01111110
01111110
11111100
01111100
01111110
01111110
01111110
01111110
NAME  30

TIL w
00000011
00000011
00000001
00000001
00000001
00000001
00000001
00000001
NAME  31

TIL x
11111100
11111100
11111100
11111110
11111110
11111100
11111110
11111110
NAME  32

TIL y
00001111
00001111
00001111
00000111
00001111
00001111
00001111
00001111
NAME  33

TIL z
11110000
11110000
11110000
11110000
11110000
11111000
11110000
11110000
NAME  34

TIL 1a
01111111
01111111
01111111
01111111
11110111
11100111
11101111
11111111
NAME  45

TIL 1b
00111110
00111111
01111111
01111111
01111111
01111111
01111111
01111111
NAME  46

TIL 1c
11111110
11111110
11111110
11111110
11111110
11111110
11111110
11111111
NAME  47

TIL 1d
00001111
00000111
00001111
00001011
00000111
00011111
00111111
01111111
NAME  48

TIL 1e
11111000
01111111
11111111
11111111
11111111
11111111
11111111
11111111
NAME  49

TIL 1f
00000000
00000000
11100000
11111111
11111111
11111111
11111111
11111111
NAME  50

TIL 1g
01111111
11111111
11111111
11111111
11111111
11111111
11111111
11111111
NAME  51

TIL 1h
00111111
00111111
00111111
00111111
00111111
00111111
00111111
00111111
NAME  52

TIL 1i
11111111
11111110
11111111
11111110
11111111
11111110
11111111
11111111
NAME  53

TIL 1j
00000001
00000111
00001111
00011111
00111111
01111111
11111111
11111111
NAME  54

TIL 1k
11111111
11111111
11111111
11111111
11000111
11111000
11111111
11111111
NAME  55

TIL 1l
11111111
11111111
11111111
11111111
11001111
00000011
00000001
11100000
NAME  56

TIL 1m
11111111
11111111
11111111
11111111
11111111
11111111
11111111
11011111
NAME  57

TIL 1n
00000001
00000001
00000000
00000001
00000001
00000000
00000000
00000001
NAME  58

TIL 1o
11111111
11111111
11111111
11111111
01111111
11111111
11111111
11111111
NAME  59

TIL 1p
11111111
11111111
11111111
11111111
11111111
11111101
11111111
11111111
NAME  60

TIL 1q
11111111
11111111
11001001
11000000
11000000
11000000
11001000
11001000
NAME  61

TIL 1r
11111111
11111111
11111111
01111111
00011111
00011111
00001111
00001111
NAME  62

TIL 1s
11111000
11111111
11111111
11111111
11111111
11111111
11111111
11111111
NAME  63

TIL 1t
01101111
00011111
11100000
11111000
11111110
11111110
11111111
11111111
NAME  64

TIL 1u
11111111
11111111
11111111
01111111
00111111
00000111
00000000
00000000
NAME  65

TIL 1v
00111111
00111111
00111111
00111111
00111111
00111111
00111111
00011111
NAME  66

TIL 1w
10000000
00000000
00000000
10000000
00000000
00000000
00000000
10000000
NAME  67

TIL 1x
00000011
00000111
00001111
00001111
00011111
00111111
01111111
11111111
NAME  68

TIL 1y
11000000
11100000
11110000
11111000
11111111
11111111
11111111
11111111
NAME  69

TIL 1z
00000111
00001111
00001111
00111111
11011111
11111111
11111111
11111111
NAME  70

TIL 2a
00011111
00111111
01111111
11111111
11111111
11111111
11111111
11111111
NAME  81

TIL 2b
00000001
10000001
10000001
10000001
10000011
10000011
10000011
00000111
NAME  82

TIL 2c
00001111
00011111
00111111
00111111
01111111
11111111
11111111
11111111
NAME  83

TIL 2d
00000111
00001111
10001110
10011100
10111110
10111110
11111110
11111110
NAME  84

TIL 2e
11111111
11111110
11111100
11111110
11111110
11111100
11111110
11111110
NAME  85

TIL 2f
00000000
00000000
00000000
00000000
00000000
00011000
00000000
00000000
NAME whale

TIL 2g
00000000
00000000
00001000
00010100
00001000
00000000
00000000
00000000
>
00000000
00000000
00000000
00001000
00000000
00000000
00000000
00000000
NAME star
COL 3

TIL 2h
00000000
00000000
00010000
00010000
01101100
00010000
00010000
00000000
>
00000000
00010000
00000000
00000000
10010010
00000000
00000000
00010000
NAME star
COL 8

TIL 2i
00000000
00000000
00010000
00111000
00010000
00000000
00000000
00000000
>
00000000
00010000
00010000
01101100
00010000
00010000
00000000
00000000
NAME star
COL 6

TIL 2j
00000000
00000000
00000100
00110100
00001000
00010110
00010000
00000000
>
00000000
00000000
00010000
00010110
00001000
00110100
00000100
00000000
NAME star
COL 7

TIL 2k
00111100
01001010
10010101
11011001
10100101
10001101
01010010
00111100
NAME star_planet1
WAL true
COL 4

TIL 2l
00000000
00000000
00000000
00000001
00000010
00000100
00000100
01111011
NAME star_planet2
WAL true
COL 5

TIL 2m
00000000
00000000
00000000
11111000
00000100
00000010
00000010
11111101
NAME star_planet2
WAL true
COL 5

TIL 2n
00000000
00000000
00000000
00000000
00000000
00000000
00000000
11100000
NAME star_planet2
WAL true
COL 5

TIL 2o
10000100
01111111
00000100
00000010
00000001
00000000
00000000
00000000
NAME star_planet2
WAL true
COL 5

TIL 2p
00000010
11111111
00000010
00000100
11111000
00000000
00000000
00000000
NAME star_planet2
WAL true
COL 5

TIL 2q
00010000
11100000
00000000
00000000
00000000
00000000
00000000
00000000
NAME star_planet2
WAL true
COL 5

TIL 2r
00000000
00000000
00000000
00000000
00000010
00000001
00000000
00000000
NAME whale

TIL 2s
00000000
00000000
00000000
00000000
01111100
11111100
00000000
00000000
NAME whale

TIL 2t
00000000
00000000
00000010
00001010
00000110
00000011
00000001
00000000
NAME whale

TIL 2u
00000000
00000000
00001111
00111111
01111111
11111111
11111111
00111111
NAME whale

TIL 2v
00000000
00000000
11110000
11111000
11111100
11111100
11111100
11111000
NAME whale

TIL 2w
00000000
00000000
00000010
00000011
00000001
00000000
00000000
00000000
NAME whale

TIL 2x
00000000
00000000
00000000
10000011
11111111
11111111
11111111
01111111
NAME whale

TIL 2y
00000000
00000000
00111100
11111000
11110000
11110000
11100000
11100000
NAME whale

TIL 2z
00111111
00001111
00000011
00000001
00000001
00000000
00000000
00000000
NAME whale

TIL 3a
00000000
00000000
00000000
00000000
00000000
00000000
10000000
11111000
NAME  117

TIL 3b
00000000
00000000
00000000
00000000
00000000
00000011
00011111
01111111
NAME  118

TIL 3c
00000011
00000001
00000001
00000001
00000000
00000000
00000000
00000000
NAME  119

TIL 3d
11111111
11111111
11111111
11111111
11111111
01111111
01111111
00111111
NAME  120

TIL 3e
00000000
10000001
11000111
11101111
11111111
11111111
11111111
11111111
NAME  121

TIL 3f
11111111
11111111
11111111
11111110
11111110
11111110
11111100
11111000
NAME  122

TIL 3g
00011111
00001111
00000111
00000001
00000000
00000000
00000000
00000000
NAME  123

TIL 3h
11111111
11111111
11111111
11111110
11111100
11111100
11111100
11111100
NAME  124

TIL 3i
11110000
11100000
10000000
00000000
00000000
00000000
00000000
00000000
NAME  125

TIL 3j
11111100
01111110
01111111
01111111
00111111
00111111
00111111
00011111
NAME  126

TIL 3k
00000000
00000000
00000000
00000000
10000000
11100000
11111111
11111111
NAME  127

TIL 3l
00000000
00000000
00000000
00000000
00000000
00000001
11111111
11111111
NAME  128

TIL 3m
00000000
00000000
00000000
00000001
00011111
11111111
11111111
11111111
NAME  129

TIL 3n
00000000
00000000
00000000
11111111
11111111
11111111
11111111
11111111
NAME  130

TIL 3o
00000000
00000000
00000000
00000000
11111100
11111111
11111111
11111111
NAME  131

TIL 3p
00000000
00000000
00000000
00000000
00000000
11100000
11111110
11111111
NAME  132

TIL 3q
00000000
00000000
00000000
00000000
00000000
00000000
00000000
10000000
NAME  133

TIL 3r
00001111
00000111
00000011
00000001
00000000
00000000
00000000
00000000
NAME  134

TIL 3s
11111111
11111111
11111111
11111111
01111111
00011111
00000011
00000000
NAME  135

TIL 3t
11100000
11111000
11111110
11111111
11111111
11111111
11111111
11111111
NAME  136

TIL 3u
00000000
00000000
00000000
10000000
11000000
11100000
11111000
11111100
NAME  137

TIL 3v
00111111
00001111
00000011
00000000
00000000
00000000
00000000
00000000
NAME  138

TIL 3w
11111111
11111111
11111111
11111111
01111111
00011111
00000111
00000001
NAME  139

TIL 3x
11110001
11110011
11111111
11111111
11111111
11111111
11111111
11111111
NAME  140

TIL 3y
11111110
11111111
11111111
11111111
11111111
11111111
11111111
11111110
NAME  141

TIL 3z
00000000
00000000
00000000
10000000
11000000
11000000
10000000
00000000
NAME  142

TIL 4a
00000000
00000000
00000000
00000000
10000000
11111111
11111111
11111111
NAME  153

TIL 4b
00000000
00000000
00000000
00000000
00000000
11111111
11111111
11111111
NAME  154

TIL 4c
00000000
00000000
00000000
00000000
00000000
11111000
11111111
11111111
NAME  155

TIL 4d
00000000
00000000
00000000
00000000
00000000
00000000
11111111
11111111
NAME  156

TIL 4e
00000000
00000000
00000000
00000000
00000000
00000000
10000000
11111100
NAME  157

TIL 4f
11000000
11111110
11111111
11111111
11111111
11111111
11111111
11111111
NAME  158

TIL 4g
00000000
00000000
11100000
11111000
11111111
11111111
11111111
11111111
NAME  159

TIL 4h
00000000
00000000
00000000
00000000
00000000
11000000
11100000
11111000
NAME  160

TIL 4i
11111110
11111111
11111111
11111111
11111111
11111111
11111111
11111111
NAME  161

TIL 4j
00000000
10000000
11100000
11111000
11111100
11111110
11111111
11111111
NAME  162

TIL 4k
00000000
00000000
00000000
00000000
00000000
00000000
10000000
11000000
NAME  163

TIL 4l
11110000
11111000
11111100
11111111
11111111
11111111
11111111
11111111
NAME  164

TIL 4m
00000000
00000000
00000000
00000000
10000000
11000000
11100000
11110000
NAME  165

TIL 4n
11111111
11111100
11111000
11111000
11111000
11111100
11111111
11111111
NAME  166

TIL 4o
11111111
00011111
00111111
00111111
00111111
01111111
11111111
11111111
NAME  167

TIL 4p
11111000
11111100
11111110
11111111
11111111
11111111
11111111
11111111
NAME  168

TIL 4q
11111000
11111000
11111100
11111100
11111100
11111100
11111000
11110000
NAME  169

TIL 4r
11111111
11111111
11111111
11111111
11111111
11111111
00111111
00011111
NAME  170

TIL 4s
11111111
11111111
11111111
11111111
11111111
11111111
11111100
11100000
NAME  171

TIL 4t
11111111
11111111
11111110
11110000
11000000
10000000
00000000
00000000
NAME  172

TIL 4u
11100000
10000000
00000000
00000000
00000000
00000000
00000000
00000000
NAME  173

TIL 4v
00111111
00111111
01111111
11111111
11111111
11111111
11111111
11111111
NAME  174

TIL 4w
11111111
11111111
11111110
11111110
11111100
11111000
11110000
11100000
NAME  175

TIL 4x
00011111
00000000
00000000
00000000
00000000
00000000
00000000
00000000
NAME  176

TIL 4y
11111111
01111111
00000001
00000000
00000000
00000000
00000000
00000000
NAME  177

TIL 4z
11111111
11111111
11111111
00000111
00000000
00000000
00000000
00000000
NAME  178

TIL 5a
00000000
00000000
00000000
00000000
00000000
11000000
11100000
11110000
NAME  189

TIL 5b
00011111
00111110
00110010
01111101
01111010
01111011
01111111
01111111
>
00011111
00111011
00111010
01111101
01110010
01111110
01111111
01111111
NAME  190

TIL 5c
11110111
11111111
11111111
11111100
01111111
11101111
11010111
11101111
>
11111111
11111111
01111111
11111011
11111111
11010111
11101111
11010111
NAME  191

TIL 5d
11111000
01111100
01111100
10011110
01111110
01111110
11111110
11111110
>
01111000
11111100
11111100
01101110
11111110
11111110
01111110
11111110
NAME  192

TIL 5e
01111111
00111110
00111100
00011110
00001111
00000111
00000011
00000000
>
01111110
00111111
00111010
00011111
00001110
00000111
00000011
00000000
NAME  193

TIL 5f
11111111
11111111
01111101
11111110
11111101
11111111
11111111
11111111
>
11111111
11111111
10111110
11111101
11111110
11111111
11111111
11111111
NAME  194

TIL 5g
11111110
11111100
01111100
11111000
01110000
11100000
11000000
00000000
>
11111110
11111100
11111100
01111000
11110000
11100000
11000000
00000000
NAME  195

SPR A
00000000
00101000
00111000
10111010
01111100
00111000
00101000
00000000
>
00000000
00101000
00111000
00111000
01111100
10111010
00101000
00000000
POS 1 7,15

SPR a
00000000
00000000
01010001
01110001
01110010
01111100
00111100
00100100
DLG SPR_0
POS 0 8,12

ITM 0
00000000
00000000
00000000
00111100
01100100
00100100
00011000
00000000
NAME tea
DLG ITM_0

ITM 1
00000000
00000000
00000000
00000000
00000000
00000000
00000000
00000000
DLG ITM_1

DLG SPR_0
I'm a cat

DLG ITM_0
You found a nice warm cup of tea

DLG ITM_1
"""
{sequence
  - {clr3}space whale.. 
    what should i do?{clr3}
    {wvy}{clr2}wwwwoooooouuuuuuuuuuuuuuuaaaaaaaaaaaaahhhhhhhhhhhhhhppppssssssssshhhhhhaaaaooooooowwww{clr2}{wvy}
    
    {clr3}thank you, space whale <3{clr3}
  - 
}
"""

END 0


VAR a
42


