
allsorts of people

# BITSY VERSION 4.6

! ROOM_FORMAT 1

PAL 0
NAME pink blue black
254,181,209
127,170,187
0,0,0

PAL 1
NAME pink black
254,181,209
0,0,0
0,0,0

ROOM 1
0,0,0,0,0,0,5x,2,0,0,0,0,0,0,0,0
0,0,0,0,0,0,72,4a,4b,0,0,0,0,0,0,0
0,0,0,0,0,8z,5y,4d,4e,0,0,0,0,0,0,0
0,0,0,0,0,5z,60,90,91,0,0,0,0,0,0,0
0,0,0,0,0,92,4k,93,64,0,0,0,0,0,0,0
0,0,0,1,j,65,94,95,67,96,33,0,0,0,0,0
0,0,0,34,68,4r,t,36,69,4t,39,0,0,0,0,0
0,0,0,0,4u,4v,4w,6a,12,3b,14,6b,0,0,0,0
0,0,0,0,4z,6c,51,7t,7u,1a,97,98,0,0,0,0
0,0,0,0,99,6e,6f,6g,6h,6i,9a,9b,0,0,0,0
0,0,0,3o,6k,5b,3r,87,1p,1q,5d,0,0,0,0,0
0,0,0,6l,5f,6m,6n,9c,6p,1y,5j,9d,21,0,0,0
0,0,0,5k,5l,6r,3z,0,0,6s,27,9e,6u,0,0,0
0,0,0,6v,6w,5q,8q,0,0,9f,9g,9h,5s,0,0,0
0,0,0,0,45,5t,0,0,0,5u,9i,9j,2n,0,0,0
0,0,0,0,0,0,0,0,0,0,0,0,0,0,0,0
NAME bertie
ITM 2 2,1
ITM 3 3,1
ITM 4 4,1
ITM 5 2,2
ITM 6 1,2
ITM 2 4,2
ITM 6 3,2
ITM 1 2,3
ITM 1 13,4
ITM 1 8,6
ITM 1 12,3
ITM 1 9,3
ITM 1 4,6
ITM 1 5,11
ITM 1 3,8
ITM 1 9,8
ITM 1 10,10
ITM 1 14,11
ITM 1 11,7
ITM 1 10,5
ITM 1 11,1
ITM 1 5,4
ITM 1 1,6
ITM 1 2,11
ITM 1 4,13
ITM 1 9,12
ITM 1 6,10
ITM 1 13,13
ITM 1 1,14
ITM 4 1,3
ITM 4 10,3
ITM 4 13,5
ITM 4 9,7
ITM 4 13,11
ITM 4 7,10
ITM 4 5,12
ITM 4 9,14
ITM 4 13,14
ITM 4 2,9
ITM 4 2,4
ITM 4 11,8
ITM 6 1,7
ITM 6 3,4
ITM 6 9,4
ITM 6 12,2
ITM 6 9,1
ITM 6 13,6
ITM 6 7,11
ITM 6 4,9
ITM 2 1,12
ITM 2 1,8
ITM 2 2,5
ITM 2 12,8
ITM 2 6,6
ITM 5 7,12
ITM 5 2,10
ITM 5 2,7
ITM 5 4,4
ITM 5 4,5
ITM 5 7,3
ITM 5 10,2
ITM 5 11,5
ITM 5 13,8
ITM 5 12,10
ITM 5 6,13
ITM 3 3,9
ITM 3 1,9
ITM 3 2,12
ITM 3 3,14
ITM 3 7,14
ITM 3 6,12
ITM 3 9,9
ITM 3 3,3
ITM 3 1,5
ITM 3 10,4
ITM 3 12,7
ITM 3 11,9
ITM 3 12,11
ITM b 1,10
ITM b 3,7
ITM b 6,9
ITM b 4,3
ITM b 7,2
ITM b 11,6
ITM b 11,3
ITM b 13,1
ITM b 13,9
ITM b 8,13
ITM b 4,11
ITM b 11,14
ITM b 2,13
ITM c 4,14
ITM c 8,14
ITM c 11,13
ITM c 3,12
ITM c 11,10
ITM c 2,8
ITM c 2,6
ITM c 11,4
ITM c 3,5
ITM c 9,2
ITM c 7,13
ITM c 8,5
ITM b 8,8
ITM b 7,7
ITM 6 12,13
ITM 6 1,11
ITM d 3,10
ITM d 5,14
ITM d 9,13
ITM d 12,14
ITM d 13,12
ITM d 10,11
ITM d 5,5
ITM d 8,4
ITM d 12,6
ITM d 14,7
ITM d 14,2
ITM d 11,2
ITM d 5,2
ITM d 8,1
ITM d 4,8
ITM d 8,9
ITM 6 7,9
ITM 6 9,10
ITM 6 11,11
ITM 6 6,14
ITM 6 2,14
ITM 5 1,13
ITM 5 3,13
ITM 5 1,4
ITM 5 8,3
ITM 5 6,2
ITM 5 10,1
ITM 5 12,1
ITM 5 14,3
ITM 5 12,5
ITM 5 14,10
ITM 4 14,9
ITM 4 14,1
ITM 4 13,2
ITM 3 3,11
ITM 3 14,13
ITM 3 14,6
ITM 1 13,7
ITM 1 12,9
ITM c 14,5
ITM c 13,3
ITM b 14,12
ITM b 8,11
ITM b 5,10
ITM b 5,7
ITM 5 10,7
ITM 5 5,8
ITM 6 8,7
ITM 6 10,14
ITM 6 4,7
ITM 5 3,6
ITM 5 9,6
ITM 5 10,8
ITM 1 11,12
ITM c 5,3
ITM c 7,1
ITM 2 6,11
ITM 2 10,6
ITM 3 5,13
ITM 3 10,13
ITM 3 13,10
ITM 3 14,8
ITM 4 6,8
ITM 2 6,4
ITM 2 12,4
ITM 6 14,4
ITM b 12,12
ITM 5 10,12
ITM 5 7,6
ITM 2 10,9
ITM 2 9,5
ITM b 6,1
ITM c 6,3
ITM d 7,5
ITM i 4,12
ITM j 8,10
ITM k 8,12
ITM l 9,11
ITM n 5,6
ITM e 5,1
ITM f 8,2
ITM g 7,4
ITM 3 6,7
ITM 2 7,8
ITM h 4,10
ITM 5 6,5
ITM 3 5,9
ITM 1 14,14
END 0 14,14
PAL 0

ROOM 2
0,0,9s,9s,9s,9s,9s,9s,9s,9s,9s,9s,9s,9s,9s,0
0,0,9s,9k,9l,9q,9r,9n,9o,9l,9m,9p,0,0,9s,0
0,0,9s,9s,9s,9s,9s,9s,9s,9s,9s,9s,9s,9s,9s,0
0,0,0,0,0,0,0,0,0,0,0,0,0,0,0,0
0,0,0,0,0,0,0,0,0,0,0,0,0,0,0,0
0,0,0,0,0,0,0,0,0,0,0,0,0,0,0,0
0,0,0,0,0,0,0,0,0,0,0,0,0,0,0,0
0,0,0,0,0,0,0,0,0,0,0,0,0,0,0,0
0,0,0,0,0,0,0,0,0,0,0,0,0,0,0,0
0,0,0,0,0,0,0,0,0,0,0,0,0,0,0,0
0,0,0,0,0,0,0,0,0,0,0,0,0,0,0,0
0,0,0,0,0,0,0,0,0,0,0,0,0,0,0,0
0,0,0,0,0,0,0,0,0,0,0,0,0,0,0,0
0,0,0,0,0,0,0,0,0,0,0,0,0,0,0,0
0,0,0,0,0,0,0,0,0,0,0,0,0,0,0,0
0,0,0,0,0,0,0,0,0,0,0,0,0,0,0,0
NAME liquorice
ITM a 6,1
ITM 8 5,1
ITM 7 4,1
ITM o 12,1
EXT 13,1 1 1,1
EXT 12,0 0 1,1
PAL 1

TIL 1
00000000
00000000
00000000
00000000
00000000
00000000
00000000
00000011

TIL 2
00000000
00000000
00000000
00000000
00000000
00000000
00000000
11110000

TIL 3
00010001
00010000
00100000
00110001
00110000
00110001
00010000
00110001

TIL 4
11111110
11110111
11111111
11111111
11111111
10111111
11111111
11111111

TIL 5
00000000
00000000
00000011
00001110
01011100
00111100
01010100
00111100

TIL 6
00110001
01111111
10100000
00000000
00000000
00000000
00000000
00000000

TIL 7
11111111
11111111
00110010
00000000
00000000
00000000
00000000
00000000

TIL 8
00000000
10000000
11011000
00010110
00000100
00000010
00000100
00000110

TIL 9
01010100
00111111
00010111
00111100
00001100
00000001
00001000
00000000

TIL 10
11111110
11111111
11111111
11111111
00111111
00000011
00000000
00000000

TIL 11
00000000
11110000
11111111
11111111
11111111
11111111
00011111
00000001

TIL 12
00010011
00010011
00010111
11111111
11111111
11111111
11111111
11111111

TIL 13
01111111
11111111
00111110
11111110
11111110
11000011
10000011
00000011

TIL 14
11111111
11111111
11111111
11111111
01111111
01111111
01111111
00111111

TIL 15
01000001
10001001
10000000
10000000
01000001
01011111
01000001
01000001

TIL 16
01001111
01001110
10001100
10111000
00100000
01000000
11000000
00000000

TIL 17
11000000
11111110
11111111
11111111
01111111
01111111
00000001
00100000

TIL 18
00000000
00000000
11100000
11111110
11111111
11111111
11111111
00001111

TIL 19
00011110
00000010
00000000
00000001
11100001
11111111
11111111
11111111

TIL 20
00000000
00000000
00000000
00000000
00000000
10101100
11011011
11100000

TIL 21
00000000
00000000
00000000
00000000
00000000
00000000
00000000
10000000

TIL 22
00000000
01000000
00000000
00100000
00000000
00010000
00000000
00011000

TIL 23
00001000
00000000
00000000
00000000
00000000
00000000
00000000
00000000

TIL 24
00000011
00000001
00010111
00001010
00011000
00000000
00000000
00000000

TIL 25
11000000
10000000
10000000
00000000
10000000
00000000
10000000
01000000

TIL 26
00011111
00001111
00000111
00000011
00000011
00000001
00000110
00001000

TIL 27
11111100
11111110
11111111
11111111
11111111
11111111
11111111
01111111

TIL 28
01110000
00111000
00011000
10001000
11010000
11110000
11100000
11000001

TIL 29
01000000
10100000
00100000
00010000
11010000
01001000
11001000
00000000

TIL 30
01000000
10000100
00000100
00000000
00001000
00001000
00010000
00000000

TIL 31
00000000
00000000
00000100
00000111
00001000
00000000
00010000
01000000

TIL 32
00000000
00000000
00000000
10000000
00010000
00100000
01001111
10001100

TIL 33
00000000
00000000
00000000
00000000
00000000
00000000
11110000
11111000

TIL 34
00000100
00001001
00000011
00010011
00010011
00010011
00010011
00001110

TIL 35
00111000
11111100
11111100
00101110
00101110
00111110
00011110
00010110

TIL 36
00100011
11110000
00000000
00000000
00110000
00000011
00000000
00000000

TIL 37
00000001
00000010
00000100
00001000
00010001
00000001
00100011
00100010

TIL 38
00110001
01100011
01000111
10001111
00011111
00011111
00111111
00111111

TIL 39
11111000
11111100
11111100
11111110
11111110
11111110
11111111
11111111

TIL 40
00001000
00000000
00000110
00000010
00000001
00000000
00000000
00000000

TIL 41
00000000
00000000
00000000
00000000
00000000
10000000
01100000
00100000

TIL 42
00000000
00000000
00000000
00010000
00001001
00001001
00011001
00001111

TIL 43
00011111
00000000
00000000
00000000
00000000
00000000
00000110
00011011

TIL 44
10001000
00001000
00011000
00000000
00110000
00000000
01100000
01000000

TIL 45
00001000
00000111
00000000
00000000
00000000
00000000
00000000
00000000

TIL 46
00011000
10101100
00000000
00000000
00000000
00000000
00000000
00000000

TIL 47
01001100
00110000
10000000
11000000
01000000
10111110
11101011
00000000

TIL 48
00000000
00000001
00000100
00000100
00110000
11100000
00000000
00000000

TIL 49
00011001
00110000
00110001
00110001
00110001
00110001
00110001
00110001

TIL 50
01001111
11001110
10101100
10111000
00100000
01000000
11000000
00000000

TIL 51
11100000
11111110
11111111
11111111
01111111
01111111
01000001
00100000

TIL 52
00000000
00000000
11100000
11111111
11111111
11111111
11111111
00011111

TIL 53
00111110
00000010
00000010
00000001
11110001
11111111
11111111
11111111

TIL 54
00111111
00000011
00000011
00001011
00001011
00001011
00001011
00001011

TIL 55
00000000
00000000
00000010
00000111
00001000
00001000
00010000
00010001

TIL 56
00000001
00000000
00000000
00110000
00000111
00000100
10000110
01000011

TIL 57
11111010
11110010
11100001
01000001
00100011
00100100
00101001
01110010

TIL 58
11000000
10000000
10000000
10000010
01000010
10011011
00000010
00000010

TIL 59
00100000
00100000
00100000
01000000
01000000
00000000
00000000
00000000

TIL 60
10000000
01010110
11111111
00000001
11100100
00010100
01111001
01111001

TIL 61
10000110
10000110
10101010
01011110
00000100
00000100
00000100
00000000

TIL 62
00000010
00000001
00010011
00010011
00010111
00000111
00000111
00000111

TIL 63
00100100
00100010
00000010
01000010
00001010
00000010
11110010
01000010

TIL 64
00000010
00000010
00000010
00000010
00000010
00000010
00000010
00000010

TIL 65
00001011
00001001
00001000
00000000
00000100
00001010
00010010
00100001

TIL 66
01000100
10000100
10000100
00000100
00001000
00001000
00010000
00100000

TIL 67
00000000
00000100
00000100
00000111
00001000
00000000
00010000
01100000

TIL 68
01111000
11111100
11111100
00101110
00111110
00111110
00011110
00011110

TIL 69
00000001
00000010
00000100
00001000
00010001
10100001
00100011
00100010

TIL 70
01011100
10110000
10000000
11000000
11000000
11111110
11111011
00000000

TIL 71
00000000
00000001
00000110
00011100
10110000
11100000
10000000
00000000

TIL 72
00011001
00110001
00110001
00110001
00110001
00110001
00110001
00110001

TIL 73
00000000
00000000
10000000
10000000
00000000
00000000
00000000
00000000

TIL 74
00000000
00000000
00000011
00101110
01011110
00111111
01011110
00111100

TIL 75
00110001
11111111
10111111
00000001
00010100
01010000
00010000
10000000

TIL 76
11111111
11111111
10110111
00001000
01000101
01110000
00000000
00000000

TIL 77
00000000
10000000
11111100
00010110
00110101
00000110
00010100
11000110

TIL 78
01010100
00111111
01011111
00111111
00001100
00001111
00001000
00001010

TIL 79
11000110
01011110
11111111
11111001
11101100
00010100
01111001
01111001

TIL 80
10100000
00010000
00000011
11111000
00000111
00000001
00000000
11100000

TIL 81
00000001
00000000
10000000
00111000
00000111
10000100
10000110
01000011

TIL 82
11111111
00011111
00000011
00000000
10000000
10110000
00000111
00000000

TIL 83
11111011
11110010
11100001
01000001
00100011
00100101
00101001
11110110

TIL 84
11111111
11111111
11111111
11111111
11011011
10011111
00000010
00000010

TIL 85
11100000
11100000
11100000
11000000
01000000
00000000
00000000
00000000

TIL 86
00111100
01111110
11111110
11111111
11111111
11111111
11111111
11111111

TIL 87
00100011
00010010
00010001
00001001
00001000
00000100
10000100
10000100

TIL 88
10111010
11100000
00000000
00000000
00000000
00000000
00000000
00000000

TIL 89
00000000
00000000
00000010
00000010
00001100
00001000
00010000
01110000

TIL 90
00011001
10101010
11111111
00001000
11001000
01000100
10100110
10100100

TIL 91
10000110
10000110
10101010
01011110
01000100
00000100
00000100
00000000

TIL 92
00000010
00000001
00010011
00010111
00010111
00000111
00000111
00000111

TIL 93
00100101
00100010
00000010
01000010
00001010
00000010
11110011
01000010

TIL 94
11111110
11111100
01000000
00110011
00001000
00000000
00000000
00000000

TIL 95
01000100
10000100
10000100
00000100
00001000
00001000
00010000
00110000

TIL 96
00000000
00000000
00000000
10000000
00110000
00100000
01001111
10001100

TIL 97
10111111
10111100
00000000
00010000
00000010
00001000
00000000
10010000

TIL 98
10000000
01000000
10100000
00100000
00000000
00000000
00000000
00100000

TIL 99
00111111
00001011
00001011
00001011
00001011
00001011
00001011
00001011

TIL a
11111111
10000001
10000001
10011001
10011001
10000001
10000001
11111111

TIL b
10000000
01000000
11111111
00000001
11100100
00000000
00111000
01101000

TIL c
00000001
10101010
01110111
00001000
10001000
01000100
10100100
10100100

TIL d
10000000
10000110
10100010
00011110
00000000
00000100
00000000
00000000

TIL e
00000000
00000000
00000011
00000011
00000111
00000111
00000111
00000111

TIL f
00001000
01111100
11000010
11000001
11111111
11111111
11111111
11111111

TIL g
00100000
00100000
00000010
01000010
00000010
00000010
11100000
01000000

TIL h
00000000
00000010
00000010
00000010
00000010
00000010
00000010
00000000

TIL i
00000000
00000000
00000000
00000000
00000000
00000000
00000000
00000001

TIL j
00000000
00000000
00000000
00000000
00000000
00000000
00000000
00110000

TIL k
00000011
00001001
00001000
00000000
00000100
00001000
00010010
00000001

TIL l
11110110
11111000
01000000
00110011
00000000
00000000
00000000
00000000

TIL m
00000000
10000100
00000100
00000000
00001000
00001000
00010000
00000000

TIL n
00000000
00000000
00000100
00000110
00001000
00000000
00010000
01000000

TIL o
00000000
00000000
00000000
10000000
00000000
00100000
01001111
10001100

TIL p
00000000
00000000
00000000
00000000
00000000
00000000
11100000
11111000

TIL q
00000100
00000001
00000011
00010011
00000011
00000011
00010011
00001000

TIL r
00111000
11111100
11111100
00101110
00101110
00011110
00000110
00000110

TIL s
01000000
01110000
01000000
01000000
00100000
00100000
00011100
00011111

TIL t
10000000
01000000
11111111
00000110
00000000
00000000
00000000
11100000

TIL u
00100011
11110000
00000000
00000000
00100000
00000011
00000000
00000000

TIL v
00000001
00000010
00000000
00001000
00010001
00000000
00100010
00100010

TIL w
00110001
01100011
01000111
00001111
00011111
00011111
00111111
00111111

TIL x
11111000
11111100
11111100
11111110
11111110
11111110
11111110
11111111

TIL y
00010111
00010111
00010111
01110110
10111110
10000001
10000001
10000001

TIL z
00111111
11101111
11000111
01001111
10111100
10011110
01001110
01001110

TIL 1a
00000111
00001111
00011111
00111111
01111110
11111100
11111100
11111101

TIL 1b
10111110
10111100
00000000
00000000
00000000
00000000
00000000
10000000

TIL 1c
10000000
01000000
00100000
00100000
00000000
00000000
00000000
00100000

TIL 1d
00011111
00000011
00000011
00000011
00000011
00001011
00001011
00001011

TIL 1e
00000000
00000000
00000010
00000110
00001000
00000000
00010000
00010001

TIL 1f
00100000
00010000
00000001
00111000
00000110
00000001
00000000
11100000

TIL 1g
00000000
00000000
00000000
00010000
00000101
00000100
10000000
01000010

TIL 1h
11111111
00011111
00000001
00000000
10000000
00110000
00000010
00000000

TIL 1i
11111000
11110010
11100001
00000000
00100011
00000100
00001001
01010010

TIL 1j
11000000
10000000
10000000
10000000
01000010
10011011
00000010
00000000

TIL 1k
00100000
00100000
00000000
00000000
01000000
00000000
00000000
00000000

TIL 1l
00001010
00000011
00001011
00001011
00001111
00000111
01100000
10011000

TIL 1m
00010010
00000110
00011100
00011001
00110011
01100111
01000111
11001111

TIL 1n
00111000
01111100
11111110
11111110
11111111
11111111
11111111
11111111

TIL 1o
00100010
00010000
00010001
00001001
00001000
00000000
10000100
10000100

TIL 1p
10000000
01110000
00000000
00000000
00000000
10000000
10000000
01000000

TIL 1q
00001000
11100000
00000000
00000000
00000000
00000000
00000000
00000000

TIL 1r
00000000
00000000
00000010
00000000
00000100
00001000
00010000
01110000

TIL 1s
00000111
00001011
00000111
00011011
00000010
00000000
01000000
01000000

TIL 1t
01101011
11000011
00000000
00000000
00000000
11000000
01100000
01010000

TIL 1u
10011111
00111111
11111111
01111111
01111111
00011111
00001111
00001111

TIL 1v
11111111
11111111
11111110
11111100
11111000
11111000
11111000
11100011

TIL 1w
00000000
00000000
00000000
00000100
00000100
00000000
00010000
11100000

TIL 1x
00100000
00001100
00000011
00000001
00000000
00000000
00000000
00000000

TIL 1y
00000001
00001111
11111111
11111111
11111101
01111111
01111111
00111111

TIL 1z
10111000
00011100
10001100
11000110
11100111
11110011
11110001
11111000

TIL 2a
00001000
00000000
00000110
00000000
00000001
00000000
00000000
00000000

TIL 2b
00000000
00000000
00000000
00000000
00000000
10000000
00100000
00100000

TIL 2c
00000000
00000000
00000000
00010000
00001001
00001001
00011000
00001111

TIL 2d
01000000
00000000
01000000
10000000
11000000
00000000
10000000
00000000

TIL 2e
00000000
00001000
00010000
00010000
00100000
00010000
00010000
00011000

TIL 2f
00011111
00000000
00000000
00000000
00000000
00000000
00000110
00011010

TIL 2g
00000001
00000011
00000000
00000000
00000000
00000000
00000000
00000000

TIL 2h
10001000
00001000
00011000
00000000
00110000
00000000
00100000
01000000

TIL 2i
00000000
00000111
00000000
00000000
00000000
00000000
00000000
00000000

TIL 2j
00011000
00101100
00000000
00000000
00000000
00000000
00000000
00000000

TIL 2k
00000101
00001011
00000110
00000101
00000011
00000010
00000001
00000000

TIL 2l
01001100
00100000
10000000
01000000
01000000
10111110
10101011
00000000

TIL 2m
00000000
00000000
00000100
00000100
00110000
11000000
00000000
00000000

TIL 2n
10000000
10000000
00000000
00000000
00000000
00000000
00000000
00000000

TIL 2o
00011001
00010000
00100001
00110001
00110001
00110001
00010001
00110001

TIL 2p
11111110
11111111
11111111
11111111
11111111
10111111
11111111
11111111

TIL 2q
00000000
00000000
00000011
00101110
01011100
00111100
01010100
00111100

TIL 2r
00110001
01111111
10110100
00000000
00000000
00000000
00000000
00000000

TIL 2s
00000000
10000000
11111000
00010110
00000101
00000110
00000100
00000110

TIL 2t
01010100
00111111
00010111
00111100
00001100
00001001
00001000
00000010

TIL 2u
10000000
01000000
11111111
00000001
11100100
00000100
00111000
01101000

TIL 2v
00000001
10101010
01111111
00001000
11001000
01000100
10100100
10100100

TIL 2w
10000000
10000110
10100010
01011110
00000100
00000100
00000100
00000000

TIL 2x
00000000
00000001
00000011
00010011
00000111
00000111
00000111
00000111

TIL 2y
00100000
00100000
00000010
01000010
00000010
00000010
11100010
01000000

TIL 2z
11111110
11111100
01000000
00110011
00000000
00000000
00000000
00000000

TIL 3a
11111110
11111111
11111111
11111111
01111111
00000011
00000000
00000000

TIL 3b
01111111
11111111
00111110
11111110
11111110
11100011
10000011
00000011

TIL 3c
01000011
10011101
10000000
10000000
01000001
01011111
01000001
01000011

TIL 3d
01001111
01001110
10101100
10111000
00100000
01000000
11000000
00000000

TIL 3e
11000000
11111110
11111111
11111111
01111111
01111111
01000001
00100000

TIL 3f
00000000
00000000
11100000
11111110
11111111
11111111
11111111
00011111

TIL 3g
00011110
00000010
00000000
00000001
11110001
11111111
11111111
11111111

TIL 3h
10111111
10111100
00000000
00000000
00000000
00000000
00000000
10000000

TIL 3i
00011111
00000011
00000011
00000011
00001011
00001011
00001011
00001011

TIL 3j
00000000
00000000
00000010
00000111
00001000
00000000
00010000
00010001

TIL 3k
00100000
00010000
00000011
00111000
00000110
00000001
00000000
11100000

TIL 3l
00000000
00000000
00000000
00010000
00000111
00000100
10000110
01000010

TIL 3m
11111111
00011111
00000011
00000000
10000000
00110000
00000110
00000000

TIL 3n
11111000
11110010
11100001
01000001
00100011
00100100
00001001
01110010

TIL 3o
00000000
00000000
00000000
00000000
00000000
00000000
00000001
00000011

TIL 3p
00001011
00001011
00001011
00001011
00001111
00000111
01100000
10011000

TIL 3q
00010010
00010110
00011100
00011001
00110011
01100111
01000111
11001111

TIL 3r
00111000
01111100
11111110
11111111
11111111
11111111
11111111
11111111

TIL 3s
00100010
00010000
00010001
00001001
00001000
00000100
10000100
10000100

TIL 3t
00000111
00011011
00001111
00011011
01000010
01000000
01000000
01000000

TIL 3u
11101011
11000011
00000000
00000000
10000000
11000000
01100000
01010000

TIL 3v
10000000
00000000
00000000
00000110
00000100
00000000
00010000
11100000

TIL 3w
10000000
01000000
00000000
01100000
00000000
00110000
00000000
00011000

TIL 3x
00001000
00001000
00000000
00000000
00000000
00000000
00000000
00000000

TIL 3y
00000011
00000001
00011111
00001010
00011000
00000000
00000000
00000000

TIL 3z
11000000
10000000
10000000
10000000
10000000
00000000
11000000
01000000

TIL 4a
11111110
11111111
11111111
11111111
11111111
11111111
11111111
11111111

TIL 4b
00000000
00000000
10000000
00000000
00000000
00000000
00000000
00000000

TIL 4c
00110001
01111111
10110101
00000000
00000000
00000000
00000000
00000000

TIL 4d
11111111
11111111
10110110
00000000
00000000
00000000
00000000
00000000

TIL 4e
00000000
10000000
11111100
00010110
00000101
00000110
00000100
00000110

TIL 4f
01010100
00111111
00010111
00111100
00001100
00001001
00001000
00001010

TIL 4g
10000000
01000010
11111111
00000001
11100100
00010100
01111001
01101001

TIL 4h
00000001
10101010
11111111
00001000
11001000
01000100
10100100
10100100

TIL 4i
10000010
10000110
10101010
01011110
00000100
00000100
00000100
00000000

TIL 4j
00000000
00000001
00010011
00010011
00010111
00000111
00000111
00000111

TIL 4k
00001000
11111100
11000010
11000001
11111111
11111111
11111111
11111111

TIL 4l
00100000
00100010
00000010
01000010
00000010
00000010
11100010
01000010

TIL 4m
00000010
00000010
00000010
00000010
00000010
00000010
00000010
00000000

TIL 4n
00001011
00001001
00001000
00000000
00000100
00001000
00010010
00100001

TIL 4o
01000000
10000100
10000100
00000100
00001000
00001000
00010000
00100000

TIL 4p
00000000
00000100
00000100
00000111
00001000
00000000
00010000
01000000

TIL 4q
00111000
11111100
11111100
00101110
00111110
00111110
00011110
00010110

TIL 4r
01000000
11110000
01000000
01000000
00100000
00100000
00011100
00011111

TIL 4s
00000001
00000010
00000100
00001000
00010001
00100001
00100011
00100010

TIL 4t
00110001
01100011
01000111
10001111
10011111
00011111
00111111
00111111

TIL 4u
00010111
00010111
00010111
01110111
10111110
10000001
10000001
10000001

TIL 4v
00111111
11101111
11001111
01001111
10111100
10011110
01001110
01001110

TIL 4w
11111111
11111111
11111111
11111111
01111111
00000011
00000000
00000000

TIL 4x
00000000
11110000
11111111
11111111
11111111
11111111
00111111
00000001

TIL 4y
00000000
00000000
00000000
00000000
00000000
00000000
10000000
10000000

TIL 4z
01000011
10011101
10000000
10000000
01000001
01011111
01000001
01100011

TIL 5a
00001011
00001011
00001011
00001011
00001111
00000111
01100000
10111100

TIL 5b
00010011
00010110
00011100
00011001
00110011
01100111
01001111
11001111

TIL 5c
00100010
00010010
00010001
00001001
00001000
00000100
10000100
10000100

TIL 5d
00000000
00000000
00000010
00000010
00000100
00001000
00010000
01110000

TIL 5e
00000111
00011011
00001111
00111011
01000010
01000000
01000000
01000000

TIL 5f
11101011
11000011
00000000
00000000
10000000
11000000
01110000
01010000

TIL 5g
11111111
11111111
11111110
11111100
11111000
11111000
11111000
11100111

TIL 5h
10000000
00000000
00000000
00000110
00000100
00001000
00010000
11100000

TIL 5i
00100000
01001100
00000011
00000001
00000000
00000000
00000000
00000000

TIL 5j
10111000
10011100
10001100
11000110
11100111
11110011
11111001
11111000

TIL 5k
10000000
01000000
01000000
01100000
00000000
00110000
00000000
00011000

TIL 5l
00101000
00001000
00000000
00000000
00000000
00000000
00000000
00000000

TIL 5m
00000011
00000001
00011111
00101011
00011000
00000000
00000000
00000000

TIL 5n
00011111
00001111
00000111
00000011
00000011
00000001
00000110
00001100

TIL 5o
01110000
00111000
00011000
10001000
11110000
11110000
11100000
11000001

TIL 5p
01000000
10100000
01100000
00110000
11110000
01001000
11001000
00000000

TIL 5q
00000000
00000000
00000000
00010000
00001001
00011001
00011011
00001111

TIL 5r
00000000
00001000
00010000
00010000
00100000
00010000
00010000
00011010

TIL 5s
10011000
00001000
00011000
00000000
00110000
00100000
01100000
01000000

TIL 5t
00011000
11101100
00000000
00000000
00000000
00000000
00000000
00000000

TIL 5u
00000101
00001111
00000110
00000101
00000111
00000010
00000001
00000000

TIL 5v
01001100
10110000
10000000
11000000
11000000
11111110
11111011
00000000

TIL 5w
00000000
00000001
00000100
00011100
00110000
11100000
10000000
00000000

TIL 5x
00000000
00000000
00000000
00000000
00000000
00000000
00000000
00000111

TIL 5y
00110001
11111111
10110101
00000000
00000000
00000000
00000000
00000000

TIL 5z
01010100
00111111
00011111
00111100
00001100
00001001
00001000
00001010

TIL 6a
00000000
11110000
11111111
11111111
11111111
11111111
00111111
00000011

TIL 6b
00000000
00000000
00000000
00000000
00000000
10000000
10000000
10000000

TIL 6c
01001111
11001111
10111100
10111000
00100000
01000000
11000000
00000000

TIL 6d
00111111
00000011
00001011
00001011
00001011
00001011
00001011
00001011

TIL 6e
00000000
00000001
00000010
00000111
00001000
00001000
00010000
00010001

TIL 6f
10100000
00010000
00000011
10111000
00000110
00000001
00000000
11100000

TIL 6g
00000001
00000000
10000000
00111000
00000111
00000100
10000110
01000011

TIL 6h
11111111
00011111
00000011
00000000
10000000
00110000
00000111
00000000

TIL 6i
11111010
11110010
11100001
01000001
00100011
00100100
00101001
11110010

TIL 6j
11000000
10000001
10000010
11000010
01000010
10011011
00000010
00000010

TIL 6k
00001011
00001011
00001011
00001011
00001111
00000111
01100000
11111100

TIL 6l
00001111
00011011
00011111
00111011
01100010
01000000
01000000
01000000

TIL 6m
10011111
00111111
11111111
01111111
01111111
00111111
00001111
00001111

TIL 6n
11111111
11111111
11111110
11111110
11111100
11111000
11111000
11100111

TIL 6o
10000100
00000000
00000101
00000110
00000100
00001000
00010000
11100000

TIL 6p
00100000
01001110
10000011
00000001
00000000
00000000
00000000
00000000

TIL 6q
00000000
00000000
00000000
00000000
00000000
10101110
11011011
11100000

TIL 6r
00000111
00000001
00011111
00101011
00011000
00000000
00000000
00000000

TIL 6s
00011111
00001111
00000111
00000011
00000011
00000011
00000110
00001100

TIL 6t
01110100
00111000
00011000
10001000
11110000
11110000
11100000
11000001

TIL 6u
01000000
11100000
01100000
01110000
11110000
01001000
11001000
00000000

TIL 6v
00001100
00000000
00000110
00000010
00000001
00000000
00000000
00000000

TIL 6w
00000000
00000000
00000000
00000000
00000000
10000000
01100000
00101000

TIL 6x
01000000
00100000
01000000
10000000
11000000
00000000
10000000
00000000

TIL 6y
00000000
00001000
00010000
00010000
00100000
00010000
00010000
00011110

TIL 6z
00111111
00001100
00000000
00000000
00000000
00000000
00000110
00011011

TIL 7a
01011001
10111010
11111111
01101111
11111010
01010111
10111111
10101101

TIL 7b
10000110
11001110
10101010
11111110
11110100
11110100
11100100
01100000

TIL 7c
00001110
00000001
00010011
00010111
00010111
00000111
00000111
00000111

TIL 7d
00101111
00111011
00100111
01001011
00011111
00111011
11111011
11110010

TIL 7e
11110110
11000110
10101010
01110010
10110110
10101010
01111010
00101010

TIL 7f
00001011
00001011
00001001
00000000
00000101
00001010
00010010
00100001

TIL 7g
11111111
11111100
01010000
01110011
01001100
01000000
00000000
10000000

TIL 7h
01111101
10111100
11011111
00000111
00001010
10001010
00110110
00111000

TIL 7i
11110000
01110100
01111100
10000111
00101000
00000000
00010000
01100000

TIL 7j
00000000
00000000
00000000
10000000
00110000
00100000
01001111
10011100

TIL 7k
00000000
00000000
00000000
00000000
00000000
10000000
11110000
11111000

TIL 7l
01000000
11111000
01000001
01000000
00100000
00100000
00011100
00011111

TIL 7m
11001000
01100100
11111111
00000111
00000000
00000000
00000000
11100000

TIL 7n
01100111
11110000
00000000
00000000
00110000
00000011
00000000
00000000

TIL 7o
00110001
01100011
11000111
10001111
10011111
00011111
00111111
00111111

TIL 7p
00010111
00010111
00010111
01110111
10111110
10001001
10010001
10001001

TIL 7q
01111111
11111111
00111110
11111110
11111110
11100011
10000011
10000011

TIL 7r
01100011
10011101
10010000
10000000
01000001
01111111
01001101
01100011

TIL 7s
11001111
11001111
10111100
10111000
10110000
01000000
11000000
00000000

TIL 7t
00000000
00000000
11110000
11111111
11111111
11111111
11111111
00011111

TIL 7u
00111111
00000010
00000010
00000001
11110001
11111111
11111111
11111111

TIL 7v
00000111
00001111
00011111
00111111
01111111
11111111
11111111
11111111

TIL 7w
10111111
10111101
00001011
11111111
11111111
11111111
11111111
11111111

TIL 7x
10000000
11000000
10100000
11100000
11100000
11110000
10000000
11100000

TIL 7y
00111111
00001111
00001011
00001011
00001011
00001011
00001011
00001011

TIL 7z
00000000
00000001
00000010
00000111
00001100
00001000
00010000
00010001

TIL 8a
00001111
00011011
00011111
00111011
01100010
01000000
01010000
01001010

TIL 8b
11101011
11010011
00100001
00010100
10000010
11000010
01110100
01011000

TIL 8c
11111111
11111111
11111111
11111110
11111100
11111000
11111000
11100111

TIL 8d
10000100
00000100
00000101
00000110
00000100
00001100
00010000
11100000

TIL 8e
00101000
11001110
10000011
00000001
00000000
00000000
00000000
00000000

TIL 8f
00001001
00011111
11111111
11111111
11111101
01111111
01111111
00111111

TIL 8g
00000000
00000000
00000000
00000000
00000000
10111110
11011111
11111101

TIL 8h
10000000
01000000
01000000
01100000
00000000
00110001
00000000
00011000

TIL 8i
10101010
00011000
00000000
00000000
00000000
00000000
00000000
00000000

TIL 8j
00100111
00000001
00011111
00101011
00011000
00000000
00000000
00000000

TIL 8k
00011111
00001111
00000111
00000111
00000011
00000011
00000110
00001100

TIL 8l
01111110
00111100
00011010
10001111
11110111
11110111
11111111
11111011

TIL 8m
01000000
11100000
01100000
01110000
11110000
11001000
11001000
00100000

TIL 8n
00001100
00000100
00000110
00000011
00000001
00000000
00000000
00000000

TIL 8o
00010000
00000000
00000000
10000000
00000000
10000000
01100000
00101000

TIL 8p
00000000
00000000
00000000
00011000
01001101
00011011
00011011
01001111

TIL 8q
11000000
00100000
01000000
10100000
11000000
00000000
10000000
00000000

TIL 8r
00000010
00011001
00010001
00011111
00100001
00010110
00011110
00011111

TIL 8s
11111111
11111101
11101011
11110111
11110111
11111110
10011111
10011111

TIL 8t
11111111
11111011
01110100
11110100
01011111
11100000
01011110
11111010

TIL 8u
11011000
11101000
00011000
10010000
00110000
00100000
01100000
01000000

TIL 8v
00001000
00001111
00000000
00000000
00000000
00000000
00000000
00000000

TIL 8w
00011000
11101100
00010000
00000000
00000000
00000000
00000000
00000000

TIL 8x
01111101
11110101
11101111
11111101
11111100
11111111
11111011
00000000

TIL 8y
01111000
11111111
11100110
10111100
10110000
11100000
10000000
00000000

TIL 8z
00000000
00000000
00000011
00101110
01011100
00111110
01010100
00111100

TIL 9a
11000000
11000101
10000010
11000010
01000010
10011011
00000010
00000010

TIL 9b
00100000
00100000
01100000
01000000
01000000
00000000
00000000
00000000

TIL 9c
10000100
00000100
00000101
00000110
00000100
00001000
00010000
11100000

TIL 9d
00000000
00000000
00000000
00000000
00000000
10101110
11011111
11100000

TIL 9e
01110100
00111000
00011000
10001000
11110000
11110000
11100100
11000001

TIL 9f
00000000
00011000
00010000
00011000
00100000
00010000
00010000
00011110

TIL 9g
00111111
00001101
00100000
00000010
00000000
00000100
00000110
00011011

TIL 9h
00000011
00000011
00000000
00000000
00000000
00000000
00000000
00000000

TIL 9i
01011100
10110000
10000000
11000100
11001000
11111110
11111011
00000000

TIL 9j
00000000
00000011
10000110
00011100
10110000
11100000
10000000
00000000

TIL 9k
00000000
00100000
00100000
01100000
01000000
01000000
01111110
00000000

TIL 9l
00000000
00001000
00011000
00010000
00010000
00010000
00010000
00000000

TIL 9m
00000000
00011100
00110000
00100000
00100000
00100000
00111100
00000000

TIL 9n
00000000
00011000
00100100
01000100
01000100
01000100
00111000
00000000

TIL 9o
00000000
00111100
00100010
01100010
01011100
01001000
01000110
00000000
NAME R

TIL 9p
00000000
00011100
00100000
01111000
01000000
01000000
01111000
00000000
NAME E

TIL 9q
00000000
00111100
01100110
01000010
01001010
01000100
01111010
00000000
NAME Q

TIL 9r
00000000
00100000
01000010
01000010
01000010
01000100
00111000
00000000
NAME U

TIL 9s
00000000
00000000
00000000
00000000
00000000
00000000
00000000
00000000
NAME wall
WAL true

SPR A
00101000
00011000
00110000
00101000
00011000
00110000
00101000
00011000
POS 2 3,1

SPR a
00000000
00000000
01010001
01110001
01110010
01111100
00111100
00100100
DLG SPR_0

ITM 1
00001100
00110010
11000001
10000011
11001101
10110011
01001100
00110000

ITM 2
00111100
01000010
10011001
11000011
10111101
10000001
01000010
00111100

ITM 3
00000100
00001010
00010111
00101110
01011100
11111000
01110000
00100000

ITM 4
01111110
11010101
10101111
11010101
10101111
11010101
10101111
01111110

ITM 5
00001101
00011000
00110001
01100011
11010110
11001100
00111000
10110000

ITM 6
00111000
01111000
01111100
00111100
00111110
00010010
00010010
00001100

ITM 7
00000000
00100000
00100000
01100000
01000000
01000000
01111110
00000000

ITM 8
00000000
00001000
00011000
00010000
00010000
00010000
00010000
00000000

ITM a
00000000
00011100
00110000
00100000
00100000
00100000
00111100
00000000

ITM b
00111111
01000001
10000011
11111101
10000011
11111101
10000010
11111100

ITM c
00111111
01111110
11111101
00000011
11111110
11111101
00000010
11111100

ITM d
00111100
01010010
10001001
10101001
10101001
10001001
01010010
00111100

ITM e
00001100
00110010
11000001
10000011
11001101
10110011
01001100
00110000
DLG ITM_0

ITM f
00111100
01000010
10011001
11000011
10111101
10000001
01000010
00111100
DLG ITM_1

ITM g
00000100
00001010
00010111
00101110
01011100
11111000
01110000
00100000
DLG ITM_2

ITM h
00001101
00011000
00110001
01100011
11010110
11001100
00111000
10110000
DLG ITM_4

ITM i
00111000
01111000
01111100
00111100
00111110
00010010
00010010
00001100
DLG ITM_5

ITM j
00111111
01000001
10000011
11111101
10000011
11111101
10000010
11111100
DLG ITM_6

ITM k
00111111
01111110
11111101
00000011
11111110
11111101
00000010
11111100
DLG ITM_7

ITM l
00111100
01010010
10001001
10101001
10101001
10001001
01010010
00111100
DLG ITM_8

ITM m
00001100
00110010
11000001
10000011
11001101
10110011
01001100
00110000
DLG ITM_9

ITM n
01111110
11010101
10101111
11010101
10101111
11010101
10101111
01111110
DLG ITM_3

ITM o
00000000
00000000
00000000
00000000
00000000
00000000
00000000
00000000
NAME spelling
DLG ITM_a

DLG SPR_0
I'm a cat

DLG ITM_0
in the uk there's a popular brand of liquorice allsorts

DLG ITM_1
the mascot is named Bertie Bassett and he's a man made of liquorice

DLG ITM_2
if you think about it, he's essentially a liquorice golem

DLG ITM_4
what would happen if you took a bite out of him? would he feel pain?

DLG ITM_5
does he want to be eaten?

DLG ITM_6
why does he gleefully advertise, essentially, his own body parts?

DLG ITM_7
it's kind of like those BBQ places that have a logo of a pig carving itself

DLG ITM_8
"""
he's like the planter's peanut man with the top hat
who sells his own kind for human consumption
"""

DLG ITM_9
anyway bertie bassett is a horrifying spectacle but liquorice allsorts are good. A+ would eat again

DLG ITM_3
kind of like the michelin man but edible

DLG ITM_a
how do you spell it anyway?

END 0
anyway bertie bassett is a horrifying spectacle but liquorice allsorts are good. A+ would eat again

VAR a
42


