A videogame life in ruins

# BITSY VERSION 3.7

! ROOM_FORMAT 1

PAL 0
0,128,0
255,255,128
255,255,255

ROOM 0
0,0,0,0,0,0,0,0,0,0,0,0,0,0,0,0
0,b,a,a,a,a,a,a,a,a,a,a,a,a,b,0
0,a,0,0,0,0,0,0,0,0,0,0,0,0,a,0
0,a,0,0,0,0,d,d,d,d,0,0,0,0,a,0
0,a,0,0,0,d,d,d,d,d,d,0,0,0,a,0
0,a,0,0,d,d,d,d,d,d,d,d,0,0,a,0
0,a,0,d,d,d,d,d,d,d,d,d,d,0,a,0
0,0,0,d,d,d,d,d,d,d,d,d,d,0,a,0
0,0,0,d,d,d,d,d,d,d,d,d,d,0,a,0
0,a,0,d,d,d,d,d,d,d,d,d,d,0,a,0
0,a,0,0,d,d,d,d,d,d,d,d,0,0,a,0
0,a,0,0,0,d,d,d,d,d,d,0,0,0,a,0
0,a,0,0,0,0,d,d,d,d,0,0,0,0,a,0
0,a,0,0,0,0,0,0,0,0,0,0,0,c,a,0
0,b,a,a,a,a,a,a,a,a,a,a,a,a,b,0
0,0,0,0,0,0,0,0,0,0,0,0,0,0,0,0
WAL a
EXT 13,13 1 13,13
PAL 0

ROOM 1
0,0,0,0,0,0,0,0,0,0,0,0,0,0,0,0
0,a,a,a,a,a,a,a,a,a,a,a,a,a,a,0
0,a,0,0,0,0,0,0,0,0,0,0,0,c,a,0
0,a,0,0,0,0,0,0,0,0,0,0,0,0,a,0
0,a,0,0,0,0,0,0,0,0,0,0,0,0,a,0
0,a,0,0,0,0,0,0,0,0,0,0,0,0,a,0
0,a,0,0,0,0,0,0,0,0,0,0,0,0,a,0
0,a,0,0,0,0,0,0,0,0,0,0,0,0,a,0
0,a,0,0,0,0,0,0,0,0,0,0,0,0,a,0
0,a,0,0,0,0,0,0,0,0,0,0,0,0,a,0
0,a,0,0,0,0,0,0,0,0,0,0,0,0,a,0
0,a,0,0,0,0,0,0,0,0,0,0,0,0,a,0
0,a,0,0,0,0,0,0,0,0,0,0,0,0,a,0
0,a,0,0,0,0,0,0,0,0,0,0,0,0,a,0
0,a,a,a,a,a,a,a,a,a,a,a,a,a,a,0
0,0,0,0,0,0,0,0,0,0,0,0,0,0,0,0
WAL a
EXT 13,2 2 13,2
PAL 0

ROOM 2
0,0,0,0,0,0,0,0,0,0,0,0,0,0,0,0
0,a,a,a,a,a,a,a,a,a,a,a,a,a,a,0
0,a,0,0,0,0,0,0,0,0,0,0,0,0,a,0
0,a,0,0,0,0,0,0,0,0,0,0,0,0,a,0
0,a,0,0,0,0,0,0,0,0,0,0,0,0,a,0
0,a,0,0,0,0,0,0,0,0,0,0,0,0,a,0
0,a,0,0,0,0,0,0,0,0,0,0,0,0,a,0
0,a,0,0,0,0,0,0,0,0,0,0,0,0,a,0
0,a,0,0,0,0,0,0,0,0,0,0,0,0,a,0
0,a,0,0,0,0,0,0,0,0,0,0,0,0,a,0
0,a,0,0,0,0,0,0,0,0,0,0,0,0,a,0
0,a,0,0,0,0,0,0,0,0,0,0,0,0,a,0
0,a,0,0,0,0,0,0,0,0,0,0,0,0,a,0
0,a,0,0,0,0,0,0,0,0,0,0,0,c,a,0
0,a,a,a,a,a,a,a,a,a,a,a,a,a,a,0
0,0,0,0,0,0,0,0,0,0,0,0,0,0,0,0
WAL a
EXT 13,13 3 13,13
PAL 0

ROOM 3
0,0,0,0,0,0,0,0,0,0,0,0,0,0,0,0
0,a,a,a,a,a,a,a,a,a,a,a,a,a,a,0
0,a,0,0,0,0,0,0,0,0,0,0,0,c,a,0
0,a,0,0,0,0,0,0,0,0,0,0,0,0,a,0
0,a,0,0,0,0,0,0,0,0,0,0,0,0,a,0
0,a,0,0,0,0,0,0,0,0,0,0,0,0,a,0
0,a,0,0,0,0,0,0,0,0,0,0,0,0,a,0
0,a,0,0,0,0,0,0,0,0,0,0,0,0,a,0
0,a,0,0,0,0,0,0,0,0,0,0,0,0,a,0
0,a,0,0,0,0,0,0,0,0,0,0,0,0,a,0
0,a,0,0,0,0,0,0,0,0,0,0,0,0,a,0
0,a,0,0,0,0,0,0,0,0,0,0,0,0,a,0
0,a,0,0,0,0,0,0,0,0,0,0,0,0,a,0
0,a,0,0,0,0,0,0,0,0,0,0,0,0,a,0
0,a,a,a,a,a,a,a,a,a,a,a,a,a,a,0
0,0,0,0,0,0,0,0,0,0,0,0,0,0,0,0
WAL a
EXT 13,2 4 13,2
PAL 0

ROOM 4
0,0,0,0,0,0,0,0,0,0,0,0,0,0,0,0
0,a,a,a,a,a,a,a,a,a,a,a,a,a,a,0
0,a,0,0,0,0,0,0,0,0,0,0,0,0,a,0
0,a,0,0,0,0,0,0,0,0,0,0,0,0,a,0
0,a,0,0,0,0,0,0,0,0,0,0,0,0,a,0
0,a,0,0,0,0,0,0,0,0,0,0,0,0,a,0
0,a,0,0,0,0,0,0,0,0,0,0,0,0,a,0
0,a,0,0,0,0,0,0,0,0,0,0,0,0,a,0
0,a,0,0,0,0,0,0,0,0,0,0,0,0,a,0
0,a,0,0,0,0,0,0,0,0,0,0,0,0,a,0
0,a,0,0,0,0,0,0,0,0,0,0,0,0,a,0
0,a,0,0,0,0,0,0,0,0,0,0,0,0,a,0
0,a,0,0,0,0,0,0,0,0,0,0,0,0,a,0
0,a,0,0,0,0,0,0,0,0,0,0,0,c,a,0
0,a,a,a,a,a,a,a,a,a,a,a,a,a,a,0
0,0,0,0,0,0,0,0,0,0,0,0,0,0,0,0
WAL a
EXT 13,13 5 13,13
PAL 0

ROOM 5
0,0,0,0,0,0,0,0,0,0,0,0,0,0,0,0
0,a,a,a,a,a,a,a,a,a,a,a,a,a,a,0
0,a,0,0,0,0,0,0,0,0,0,0,0,c,a,0
0,a,0,0,0,0,0,0,0,0,0,0,0,0,a,0
0,a,0,0,0,0,0,0,0,0,0,0,0,0,a,0
0,a,0,0,0,0,0,0,0,0,0,0,0,0,a,0
0,a,0,0,0,0,0,0,0,0,0,0,0,0,a,0
0,a,0,0,0,0,0,0,0,0,0,0,0,0,a,0
0,a,0,0,0,0,0,0,0,0,0,0,0,0,a,0
0,a,0,0,0,0,0,0,0,0,0,0,0,0,a,0
0,a,0,0,0,0,0,0,0,0,0,0,0,0,a,0
0,a,0,0,0,0,0,0,0,0,0,0,0,0,a,0
0,a,0,0,0,0,0,0,0,0,0,0,0,0,a,0
0,a,0,0,0,0,0,0,0,0,0,0,0,0,a,0
0,a,a,a,a,a,a,a,a,a,a,a,a,a,a,0
0,0,0,0,0,0,0,0,0,0,0,0,0,0,0,0
WAL a
EXT 13,2 6 13,2
PAL 0

ROOM 6
0,0,0,0,0,0,0,0,0,0,0,0,0,0,0,0
0,a,a,a,a,a,a,a,a,a,a,a,a,a,a,0
0,a,0,0,0,0,0,0,0,0,0,0,0,0,a,0
0,a,0,0,0,0,0,0,0,0,0,0,0,0,a,0
0,a,0,0,0,0,0,0,0,0,0,0,0,0,a,0
0,a,0,0,0,0,0,0,0,0,0,0,0,0,a,0
0,a,0,0,0,0,0,0,0,0,0,0,0,0,a,0
0,a,0,0,0,0,0,0,0,0,0,0,0,0,a,0
0,a,0,0,0,0,0,0,0,0,0,0,0,0,a,0
0,a,0,0,0,0,0,0,0,0,0,0,0,0,a,0
0,a,0,0,0,0,0,0,0,0,0,0,0,0,a,0
0,a,0,0,0,0,0,0,0,0,0,0,0,0,a,0
0,a,0,0,0,0,0,0,0,0,0,0,0,0,a,0
0,a,0,0,0,0,0,0,0,0,0,0,0,c,a,0
0,a,a,a,a,a,a,a,a,a,a,a,a,a,a,0
0,0,0,0,0,0,0,0,0,0,0,0,0,0,0,0
WAL a
EXT 13,13 7 13,13
PAL 0

ROOM 7
0,0,0,0,0,0,0,0,0,0,0,0,0,0,0,0
0,a,a,a,a,a,a,a,a,a,a,a,a,a,a,0
0,a,0,0,0,0,0,0,0,0,0,0,0,c,a,0
0,a,0,0,0,0,0,0,0,0,0,0,0,0,a,0
0,a,0,0,0,0,0,0,0,0,0,0,0,0,a,0
0,a,0,0,0,0,0,0,0,0,0,0,0,0,a,0
0,a,0,0,0,0,0,0,0,0,0,0,0,0,a,0
0,a,0,0,0,0,0,0,0,0,0,0,0,0,a,0
0,a,0,0,0,0,0,0,0,0,0,0,0,0,a,0
0,a,0,0,0,0,0,0,0,0,0,0,0,0,a,0
0,a,0,0,0,0,0,0,0,0,0,0,0,0,a,0
0,a,0,0,0,0,0,0,0,0,0,0,0,0,a,0
0,a,0,0,0,0,0,0,0,0,0,0,0,0,a,0
0,a,0,0,0,0,0,0,0,0,0,0,0,0,a,0
0,a,a,a,a,a,a,a,a,a,a,a,a,a,a,0
0,0,0,0,0,0,0,0,0,0,0,0,0,0,0,0
WAL a
EXT 13,2 8 13,2
PAL 0

ROOM 8
0,0,0,0,0,0,0,0,0,0,0,0,0,0,0,0
0,a,a,a,a,a,a,a,a,a,a,a,a,a,a,0
0,a,0,0,0,0,0,0,0,0,0,0,0,0,a,0
0,a,0,0,0,0,0,0,0,0,0,0,0,0,a,0
0,a,0,0,0,0,0,0,0,0,0,0,0,0,a,0
0,a,0,0,0,0,0,0,0,0,0,0,0,0,a,0
0,a,0,0,0,0,0,0,0,0,0,0,0,0,a,0
0,a,0,0,0,0,0,0,0,0,0,0,0,0,a,0
0,a,0,0,0,0,0,0,0,0,0,0,0,0,a,0
0,a,0,0,0,0,0,0,0,0,0,0,0,0,a,0
0,a,0,0,0,0,0,0,0,0,0,0,0,0,a,0
0,a,0,0,0,0,0,0,0,0,0,0,0,0,a,0
0,a,0,0,0,0,0,0,0,0,0,0,0,0,a,0
0,a,0,0,0,0,0,0,0,0,0,0,0,c,a,0
0,a,a,a,a,a,a,a,a,a,a,a,a,a,a,0
0,0,0,0,0,0,0,0,0,0,0,0,0,0,0,0
WAL a
EXT 13,13 9 13,13
PAL 0

ROOM 9
0,0,0,0,0,0,0,0,0,0,0,0,0,0,0,0
0,a,a,a,a,a,a,a,a,a,a,a,a,a,a,0
0,a,0,0,0,0,0,0,0,0,0,0,0,c,a,0
0,a,0,0,0,0,0,0,0,0,0,0,0,0,a,0
0,a,0,0,0,0,0,0,0,0,0,0,0,0,a,0
0,a,0,0,0,0,0,0,0,0,0,0,0,0,a,0
0,a,0,0,0,0,0,0,0,0,0,0,0,0,a,0
0,a,0,0,0,0,0,0,0,0,0,0,0,0,a,0
0,a,0,0,0,0,0,0,0,0,0,0,0,0,a,0
0,a,0,0,0,0,0,0,0,0,0,0,0,0,a,0
0,a,0,0,0,0,0,0,0,0,0,0,0,0,a,0
0,a,0,0,0,0,0,0,0,0,0,0,0,0,a,0
0,a,0,0,0,0,0,0,0,0,0,0,0,0,a,0
0,a,0,0,0,0,0,0,0,0,0,0,0,0,a,0
0,a,a,a,a,a,a,a,a,a,a,a,a,a,a,0
0,0,0,0,0,0,0,0,0,0,0,0,0,0,0,0
WAL a
EXT 13,2 a 13,2
PAL 0

ROOM a
0,0,0,0,0,0,0,0,0,0,0,0,0,0,0,0
0,a,a,a,a,a,a,a,a,a,a,a,a,a,a,0
0,a,0,0,0,0,0,0,0,0,0,0,0,0,a,0
0,a,0,0,0,0,0,0,0,0,0,0,0,0,a,0
0,a,0,0,0,0,0,0,0,0,0,0,0,0,a,0
0,a,0,0,0,0,0,0,0,0,0,0,0,0,a,0
0,a,0,0,0,0,0,0,0,0,0,0,0,0,a,0
0,a,0,0,0,0,0,0,0,0,0,0,0,0,a,0
0,a,0,0,0,0,0,0,0,0,0,0,0,0,a,0
0,a,0,0,0,0,0,0,0,0,0,0,0,0,a,0
0,a,0,0,0,0,0,0,0,0,0,0,0,0,a,0
0,a,0,0,0,0,0,0,0,0,0,0,0,0,a,0
0,a,0,0,0,0,0,0,0,0,0,0,0,0,a,0
0,a,0,0,0,0,0,0,0,0,0,0,0,c,a,0
0,a,a,a,a,a,a,a,a,a,a,a,a,a,a,0
0,0,0,0,0,0,0,0,0,0,0,0,0,0,0,0
WAL a
EXT 13,13 b 13,13
PAL 0

ROOM b
0,0,0,0,0,0,0,0,0,0,0,0,0,0,0,0
0,a,a,a,a,a,a,a,a,a,a,a,a,a,a,0
0,a,0,0,0,0,0,0,0,0,0,0,0,0,a,0
0,a,0,a,a,a,a,a,a,a,a,a,a,0,a,0
0,a,0,a,0,0,0,0,0,0,0,0,a,0,a,0
0,a,0,a,0,a,a,a,a,a,a,0,a,0,a,0
0,a,0,a,0,a,a,a,a,a,a,0,a,0,a,0
0,a,0,a,0,a,0,0,0,0,0,0,a,0,a,0
0,a,0,a,0,a,0,a,a,a,a,a,a,0,a,0
0,a,0,a,0,a,e,a,0,0,0,0,0,0,a,0
0,a,0,a,0,a,a,a,a,a,a,a,a,a,a,0
0,a,0,a,0,0,0,0,0,0,0,0,0,0,a,0
0,a,0,a,a,a,a,a,a,a,a,a,a,0,a,0
0,a,0,0,0,0,0,0,0,0,0,0,a,0,a,0
0,a,a,a,a,a,a,a,a,a,a,a,a,a,a,0
0,0,0,0,0,0,0,0,0,0,0,0,0,0,0,0
WAL a
EXT 6,9 c 6,9
PAL 0

ROOM c
0,0,0,0,0,0,0,0,0,0,0,0,0,0,0,0
0,0,0,0,0,0,0,0,0,0,0,0,0,0,0,0
0,0,0,0,0,0,0,0,0,0,0,0,0,0,0,0
0,0,0,0,0,0,0,0,0,0,0,0,0,0,0,0
0,0,0,0,0,0,0,0,0,0,0,0,0,0,0,0
0,0,0,0,0,0,0,0,0,0,0,0,0,0,0,0
0,0,0,0,0,0,0,0,0,0,0,0,0,0,0,0
0,0,0,0,0,0,0,0,0,0,0,0,0,0,0,0
0,0,0,0,0,a,a,a,0,0,0,0,0,0,0,0
0,0,0,0,0,a,0,a,0,0,0,0,0,0,0,0
0,0,0,0,0,a,0,a,0,0,0,0,0,0,0,0
0,0,0,0,0,a,0,a,0,0,0,0,0,0,0,0
0,0,0,0,0,a,0,a,0,0,0,0,0,0,0,0
0,0,0,0,0,a,0,a,a,a,a,a,a,a,a,a
0,0,0,0,0,a,0,0,0,0,0,0,0,0,0,0
0,0,0,0,0,a,a,a,a,a,a,a,a,a,a,a
WAL a
EXT 15,14 d 0,14
PAL 0

ROOM d
0,0,0,0,0,0,0,0,0,0,0,0,0,0,0,0
0,0,0,0,0,0,0,0,0,0,0,0,0,0,0,0
0,0,0,0,0,0,0,0,0,0,0,0,0,0,0,0
0,0,0,0,0,0,0,0,0,0,0,0,0,0,0,0
0,0,0,0,0,0,0,0,0,0,0,0,0,0,0,0
0,0,0,0,0,0,0,0,0,0,0,0,0,0,0,0
0,0,0,0,0,0,0,0,0,0,0,0,0,0,0,0
0,0,0,0,0,0,0,0,0,0,0,0,0,0,0,0
0,0,0,0,0,0,0,0,0,0,0,0,0,0,0,0
0,0,0,0,0,0,0,0,0,0,0,0,0,0,0,0
0,0,0,0,0,0,0,0,0,0,0,0,0,0,0,0
0,0,0,0,0,0,0,0,0,0,0,0,0,0,0,0
0,0,0,0,0,0,0,0,0,0,0,0,0,0,0,0
a,a,a,a,a,a,a,a,a,a,a,a,a,a,a,a
0,0,0,0,0,0,0,0,0,0,0,0,0,0,0,0
a,a,a,a,a,a,a,a,a,a,a,a,a,a,a,a
WAL a
EXT 15,14 e 0,14
PAL 0

ROOM e
0,0,0,0,0,0,0,0,0,0,0,0,0,0,0,0
0,0,0,0,0,0,0,0,0,0,0,0,0,0,0,0
0,0,0,0,0,0,0,0,0,0,0,0,0,0,0,0
0,0,0,0,0,0,0,0,0,0,0,0,0,0,0,0
0,0,0,0,0,0,0,0,0,0,0,0,0,0,0,0
0,0,0,0,0,0,0,0,0,0,0,0,0,0,0,0
0,0,0,0,0,0,0,0,0,0,0,0,0,0,0,0
0,0,0,0,0,0,0,0,0,0,0,0,0,0,0,0
0,0,0,0,0,0,0,0,0,0,0,0,0,0,0,0
0,0,0,0,0,0,0,0,0,0,0,0,0,0,0,0
0,0,0,0,0,0,0,0,0,0,0,0,0,0,0,0
0,0,0,0,0,0,0,0,0,0,0,0,0,0,0,0
0,0,0,0,0,0,0,0,0,0,0,0,0,0,0,0
a,a,a,a,a,a,a,a,a,a,a,a,a,a,a,a
0,0,0,0,0,0,0,0,0,0,0,0,0,0,0,0
a,a,a,a,a,a,a,a,a,a,a,a,a,a,a,a
WAL a
EXT 15,14 f 0,14
PAL 0

ROOM f
0,0,0,0,0,0,0,0,0,0,0,0,0,0,0,0
0,0,0,0,0,0,0,0,0,0,0,0,0,0,0,0
0,0,0,0,0,0,0,0,0,0,0,0,0,0,0,0
0,0,0,0,0,0,0,0,0,0,0,0,0,0,0,0
0,0,0,0,0,0,0,0,0,0,0,0,0,0,0,0
0,0,0,0,0,0,0,0,0,0,0,0,0,0,0,0
0,0,0,0,0,0,0,0,0,0,0,0,0,0,0,0
0,0,0,0,0,0,0,0,0,0,0,0,0,0,0,0
0,0,0,0,0,0,0,0,0,0,0,0,0,0,0,0
0,0,0,0,0,0,0,0,0,0,0,0,0,0,0,0
0,0,0,0,0,0,0,0,0,0,0,0,0,0,0,0
0,0,0,0,0,0,0,0,0,0,0,0,0,0,0,0
0,0,0,0,0,0,0,0,0,0,0,0,0,0,0,0
a,a,a,a,a,a,a,a,a,a,a,a,a,a,a,a
0,0,0,0,0,0,0,0,0,0,0,0,0,0,0,0
a,a,a,a,a,a,a,a,a,a,a,a,a,a,a,a
WAL a
EXT 15,14 g 0,14
PAL 0

ROOM g
0,0,0,0,0,0,0,0,0,0,0,0,0,0,0,0
0,0,0,0,0,0,0,0,0,0,0,0,0,0,0,0
0,0,0,0,0,0,0,0,0,0,0,0,0,0,0,0
0,0,0,0,0,0,0,0,0,0,0,0,0,0,0,0
0,0,0,0,0,0,0,0,0,0,0,0,0,0,0,0
0,0,0,0,0,0,0,0,0,0,0,0,0,0,0,0
0,0,0,0,0,0,0,0,0,0,0,0,0,0,0,0
0,0,0,0,0,0,0,0,0,0,0,0,0,0,0,0
0,0,0,0,0,0,0,0,0,0,0,0,0,0,0,0
0,0,0,0,0,0,0,0,0,0,0,0,0,0,0,0
0,0,0,0,0,0,0,0,0,0,0,0,0,0,0,0
0,0,0,0,0,0,0,0,0,0,0,0,0,0,0,0
0,0,0,0,0,0,0,0,0,0,0,0,0,0,0,0
a,a,a,a,a,a,a,a,a,a,a,a,a,a,a,a
0,0,0,0,0,0,0,0,0,0,0,0,0,0,0,0
a,a,a,a,a,a,a,a,a,a,a,a,a,a,a,a
WAL a
EXT 15,14 h 0,14
PAL 0

ROOM h
0,0,0,0,0,0,0,0,0,0,0,0,0,0,0,0
0,0,0,0,0,0,0,0,0,0,0,0,0,0,0,0
0,0,0,0,0,0,0,0,0,0,0,0,0,0,0,0
0,0,0,0,0,0,0,0,0,0,0,0,0,0,0,0
0,0,0,0,0,0,0,0,0,0,0,0,0,0,0,0
0,0,0,0,0,0,0,0,0,0,0,0,0,0,0,0
0,0,0,0,0,0,0,0,0,0,0,0,0,0,0,0
0,0,0,0,0,0,0,0,0,0,0,0,0,0,0,0
0,0,0,0,0,0,0,0,0,0,0,0,0,0,0,0
0,0,0,0,0,0,0,0,0,0,0,0,0,0,0,0
0,0,0,0,0,0,0,0,0,0,0,0,0,0,0,0
0,0,0,0,0,0,0,0,0,0,0,0,0,0,0,0
0,0,0,0,0,0,0,0,0,0,0,0,0,0,0,0
a,a,a,a,a,a,a,a,a,a,a,a,a,a,a,0
0,0,0,0,0,0,0,0,0,0,0,0,0,0,a,a
a,a,a,a,a,a,a,a,a,a,a,a,a,0,0,e
WAL a
EXT 15,15 i 0,15
PAL 0

ROOM i
0,0,0,0,0,0,0,0,g,g,g,g,g,0,0,0
0,0,0,0,0,g,g,g,g,g,g,g,g,g,0,0
0,0,0,0,0,0,0,f,g,f,f,g,g,g,0,0
0,0,0,0,0,f,f,f,g,f,f,f,g,f,g,0
0,0,0,0,f,f,f,g,f,f,f,g,g,f,g,0
0,0,0,0,0,g,g,g,g,f,f,f,f,g,g,0
0,0,0,0,0,0,f,f,f,f,f,f,f,0,0,0
0,0,0,0,0,0,0,0,f,f,f,f,f,f,0,0
0,0,0,0,0,f,f,f,f,f,f,f,f,f,f,0
0,0,0,0,f,f,f,f,f,f,f,f,f,f,f,f
0,0,0,0,g,g,f,f,f,f,f,f,f,f,g,g
0,0,0,0,g,g,g,f,g,f,f,g,f,g,g,g
0,0,0,0,g,g,f,f,f,f,f,f,f,f,g,g
0,0,0,0,0,0,f,f,f,0,0,f,f,f,0,0
h,h,h,h,h,f,f,f,0,0,0,0,f,f,f,0
0,0,0,0,f,f,f,f,0,0,0,0,f,f,f,f
WAL h
PAL 0

TIL a
11111111
10000001
10000001
10011001
10011001
10000001
10000001
11111111

TIL b
00000000
01111110
01000010
01111100
01000010
01111110
00000000
00000000

TIL c
11000000
11000000
11110000
11110000
11111100
11111100
11111111
11111111

TIL d
11111111
10000001
10000001
10011001
10011001
10000001
10000001
11111111

TIL e
00000000
01111110
01111110
01000010
01111110
01111110
01111010
01111110

TIL f
11111111
11111111
11111111
11111111
11111111
11111111
11111111
11111111

TIL g
11111111
10000001
10000001
10000001
10000001
10000001
10000001
11111111

TIL h
00000000
00000000
00000000
00000000
00000000
00000000
00000000
00000000

SPR A
00011000
00011000
00011000
00111100
01111110
10111101
00100100
00100100
POS 0 0,7

SPR a
00000000
00000000
00000000
00000000
00000000
00000000
00000000
00000000
DLG SPR_0
POS 2 15,15

SPR b
00000000
00000000
00000000
00000000
00000000
00000000
00000000
00000000
DLG SPR_1
POS i 3,15

ITM 0
00000000
00000000
00000000
00111100
01100100
00100100
00011000
00000000
DLG ITM_0

DLG SPR_0
Down

DLG ITM_0
You got a cup of tea! Nice.

DLG SPR_1
It all comes down to this - some tame princess to kiss?

