August XX, 201X

# BITSY VERSION 3.5

! ROOM_FORMAT 1

PAL 0
118,76,13
192,139,42
37,19,2

ROOM 0
0,0,0,0,0,0,0,0,0,0,0,0,0,0,0,0
0,0,0,0,0,0,0,0,0,0,0,0,0,0,0,0
0,0,0,0,0,0,0,0,0,0,0,0,0,0,0,0
0,0,0,0,0,0,0,0,0,0,0,0,0,0,0,0
0,0,0,0,0,0,0,0,0,0,0,0,0,0,0,0
0,0,0,0,0,0,0,0,0,0,0,0,0,0,0,0
0,0,0,0,0,0,0,0,0,0,0,0,0,0,0,0
0,0,0,0,0,0,0,0,0,0,0,0,0,0,0,0
0,0,0,0,0,0,0,0,0,0,0,0,0,0,0,0
0,0,0,0,0,0,0,0,0,0,0,0,0,0,0,0
0,0,0,0,0,0,0,0,0,0,0,0,0,0,0,0
0,0,0,0,p,q,q,q,q,q,r,0,0,0,0,0
0,0,0,0,o,0,0,0,0,0,s,0,0,0,0,0
0,0,0,0,1r,24,0,0,0,0,1q,0,0,0,0,0
0,0,0,0,o,k,l,0,0,j,s,0,0,0,0,0
0,0,0,0,n,m,m,m,u,m,t,0,0,0,0,0
WAL m,n,o,p,q,r,s,t,j,k,l,1z,v,w,x,y,z,11,12,13,14,15,16,17,1a,1b,1c,1d,1e,1f,1g,1i,1j,1l,1n,1o,1p,1q,1r,1w,20,21,1k
EXT 8,15 1 12,6
PAL 0

ROOM 1
0,0,0,0,0,0,0,0,0,0,0,0,0,0,0,0
0,0,0,0,0,0,0,0,0,0,0,0,0,0,0,0
0,0,0,0,0,0,0,0,0,0,0,0,0,0,0,0
0,0,0,0,0,0,0,0,0,0,0,0,0,0,0,0
z,12,11,0,z,12,11,0,z,12,11,z,12,11,0,0
y,0,w,0,y,0,w,0,y,0,w,y,20,w,0,0
x,1z,v,13,x,1z,v,14,x,1z,v,x,u,v,13,13
1x,1x,1x,1x,1x,1x,1x,1x,1x,1x,1x,1x,1x,1x,1x,1x
18,18,18,18,18,18,18,18,18,18,18,18,18,18,18,18
19,19,19,19,19,19,19,19,19,19,19,19,19,19,19,19
1y,1y,1y,1y,1y,1y,1y,1y,1y,1y,1y,1y,1y,1y,1y,1y
0,0,0,0,0,0,0,0,0,0,0,0,0,0,0,0
16,16,16,17,16,16,16,17,17,16,17,16,16,16,16,16
0,0,0,0,0,0,0,0,0,0,16,0,0,0,0,0
0,0,16,0,0,0,0,0,0,0,0,0,0,16,0,0
0,0,0,0,0,0,16,0,0,0,0,0,0,0,0,0
WAL j,k,l,m,n,o,p,q,r,s,t,1z,v,w,x,y,z,11,12,13,14,15,16,17,1a,1b,1c,1d,1e,1f,1g,1i,1j,1l,1n,1o,1p,1q,1r,1w,20,21,1k
EXT 12,6 0 8,15
EXT 3,8 2 15,9
PAL 0

ROOM 2
0,0,0,0,0,0,0,0,0,0,0,0,0,0,0,0
0,0,0,0,0,0,0,0,0,0,0,0,0,0,0,0
0,0,z,11,0,0,0,0,0,0,0,0,0,0,0,0
0,0,y,w,0,0,0,z,12,11,0,0,0,0,0,0
0,0,y,w,0,0,0,y,1f,w,0,0,0,0,0,0
0,z,1d,1e,1b,1b,11,1c,0,w,0,0,0,z,12,11
0,y,0,20,0,0,0,0,20,w,0,0,0,y,20,w
1i,x,1a,u,1a,1a,1a,1a,u,v,1i,1i,1i,x,u,v
1x,1x,1x,1x,1x,1x,1x,1x,1x,1x,1x,1x,1x,1x,1x,0
18,18,18,18,18,18,18,18,18,18,18,18,18,18,18,18
19,19,19,19,19,19,19,19,19,19,19,19,19,19,19,19
1y,1y,1y,1y,1y,1y,1y,1y,1y,1y,1y,1y,1y,1y,1y,1y
17,17,16,16,16,17,17,17,16,17,17,17,17,16,17,17
0,0,17,0,0,0,0,0,0,16,0,0,0,0,0,0
0,0,0,0,0,0,0,0,0,0,0,0,17,0,0,0
0,0,0,0,0,0,16,0,0,0,0,0,0,0,0,0
WAL 1z,j,k,l,m,n,o,p,q,r,s,t,v,w,x,y,z,11,12,13,14,15,16,17,1a,1b,1c,1d,1e,1f,1g,1i,1j,1l,1n,1o,1p,1q,1r,1w,20,21,1k
EXT 14,7 4 8,15
EXT 8,7 3 12,15
EXT 3,7 3 5,15
PAL 0

ROOM 3
0,0,0,0,0,0,0,0,0,0,0,0,0,0,0,0
0,0,0,0,0,0,0,0,0,0,0,0,0,0,0,0
0,0,0,0,0,0,0,0,0,0,0,0,0,0,0,0
0,0,0,0,0,0,0,0,0,0,0,0,0,0,0,0
0,0,0,0,0,0,0,0,0,0,0,0,0,0,0,0
0,0,0,0,0,0,0,0,0,0,0,0,0,0,0,0
0,0,0,0,0,0,0,0,0,0,0,0,0,0,0,0
0,0,0,0,0,0,0,0,0,0,0,0,0,0,0,0
0,0,0,0,0,0,0,0,0,0,0,0,0,0,0,0
0,0,p,q,q,q,r,0,0,0,0,0,0,0,0,0
0,0,o,1m,0,0,s,0,0,0,0,0,0,0,0,0
0,0,o,0,0,j,1n,q,q,q,1o,q,q,q,r,0
0,0,o,0,0,0,0,0,0,0,o,0,0,1m,s,0
0,0,o,0,0,0,0,0,0,0,o,0,0,0,s,0
0,0,o,0,0,0,0,0,k,l,o,0,0,0,s,0
0,0,n,m,m,u,m,m,m,m,1p,m,u,m,t,0
WAL 1z,j,k,l,m,n,o,p,q,r,s,t,v,w,x,y,z,11,12,13,14,15,16,17,1a,1b,1c,1d,1e,1f,1g,1i,1j,1l,1n,1o,1p,1q,1r,1w,20,21,1k
EXT 13,12 6 13,10
EXT 3,10 5 3,8
EXT 12,15 7 8,7
EXT 5,15 7 3,7
PAL 0

ROOM 4
0,0,0,0,0,0,0,0,0,0,0,0,0,0,0,0
0,0,0,0,0,0,0,0,0,0,0,0,0,0,0,0
0,0,0,0,0,0,0,0,0,0,0,0,0,0,0,0
0,0,0,0,0,0,0,0,0,0,0,0,0,0,0,0
0,0,0,0,0,0,0,0,0,0,0,0,0,0,0,0
0,0,0,0,0,0,0,0,0,0,0,0,0,0,0,0
0,0,0,0,0,0,0,0,0,0,0,0,0,0,0,0
0,0,0,0,0,0,0,0,0,0,0,0,0,0,0,0
0,0,0,0,0,0,0,0,0,0,0,0,0,0,0,0
0,0,0,0,0,0,0,0,0,0,0,0,0,0,0,0
0,0,0,0,0,0,0,0,0,0,0,0,0,0,0,0
0,0,0,0,p,q,q,q,q,q,r,0,0,0,0,0
0,0,0,0,1r,0,0,0,0,0,s,0,0,0,0,0
0,0,0,0,o,0,0,0,0,0,s,0,0,0,0,0
0,0,0,0,o,1k,k,l,0,0,s,0,0,0,0,0
0,0,0,0,n,m,m,m,u,m,t,0,0,0,0,0
WAL m,n,o,p,q,r,s,t,j,k,l,1z,v,w,x,y,z,11,12,13,14,15,16,17,1a,1b,1c,1d,1e,1f,1g,1i,1j,1l,1n,1o,1p,1q,1r,1w,20,21,1k
EXT 8,15 7 14,7
PAL 0

ROOM 5
0,0,0,0,0,0,0,0,0,0,0,0,0,0,0,0
0,0,0,0,0,0,0,0,0,0,0,0,0,0,0,0
0,0,0,0,0,0,0,0,0,0,0,0,0,0,0,0
0,0,0,0,0,0,0,0,0,0,0,0,0,0,0,0
0,0,0,0,0,0,0,0,0,0,0,0,0,0,0,0
0,0,p,q,q,q,r,0,0,0,0,0,0,0,0,0
0,0,o,0,1u,1w,s,0,0,0,0,0,0,0,0,0
0,0,1r,1v,1t,0,1q,0,0,0,0,0,0,0,0,0
0,0,o,1s,k,l,s,0,0,0,0,0,0,0,0,0
0,0,n,m,m,m,t,0,0,0,0,0,0,0,0,0
0,0,0,0,0,0,0,0,0,0,0,0,0,0,0,0
0,0,0,0,0,0,0,0,0,0,0,0,0,0,0,0
0,0,0,0,0,0,0,0,0,0,0,0,0,0,0,0
0,0,0,0,0,0,0,0,0,0,0,0,0,0,0,0
0,0,0,0,0,0,0,0,0,0,0,0,0,0,0,0
0,0,0,0,0,0,0,0,0,0,0,0,0,0,0,0
WAL 1w,1z,j,k,l,m,n,o,p,q,r,s,t,v,w,x,y,z,11,12,13,14,15,16,17,1a,1b,1c,1d,1e,1f,1g,1i,1j,1l,1n,1o,1p,1q,1r,20,21,1k
EXT 3,8 3 3,10
PAL 0

ROOM 6
0,0,0,0,0,0,0,0,0,0,0,0,0,0,0,0
0,0,0,0,0,0,0,0,0,0,0,0,0,0,0,0
0,0,0,0,0,0,0,0,0,0,0,0,0,0,0,0
0,0,0,0,0,0,0,0,0,0,0,0,0,0,0,0
0,0,0,0,0,0,0,0,0,0,0,0,0,0,0,0
0,0,0,0,0,0,0,0,0,0,0,0,0,0,0,0
0,0,0,0,0,0,0,0,0,0,0,0,0,0,0,0
0,0,0,0,0,0,0,0,0,0,p,q,q,q,r,0
0,0,0,0,0,0,0,0,0,0,o,0,0,0,s,0
0,0,0,0,0,0,0,0,0,0,o,0,0,0,1q,0
0,0,0,0,0,0,0,0,0,0,o,0,0,1s,s,0
0,0,0,0,0,0,0,0,0,0,n,m,21,m,t,0
0,0,0,0,0,0,0,0,0,0,0,0,0,0,0,0
0,0,0,0,0,0,0,0,0,0,0,0,0,0,0,0
0,0,0,0,0,0,0,0,0,0,0,0,0,0,0,0
0,0,0,0,0,0,0,0,0,0,0,0,0,0,0,0
WAL 1z,j,k,l,m,n,o,p,q,r,s,t,v,w,x,y,z,11,12,13,14,15,16,17,1a,1b,1c,1d,1e,1f,1g,1i,1j,1l,1n,1o,1p,1q,1r,1w,20,21,1k
EXT 13,10 3 13,12
PAL 0

ROOM 7
0,0,0,0,0,0,0,0,0,0,0,0,0,0,0,0
0,0,0,0,0,0,0,0,0,0,0,0,0,0,0,0
0,0,z,11,0,0,0,0,0,0,0,0,0,0,0,0
0,0,y,w,0,0,0,z,12,11,0,0,0,0,0,0
0,0,y,w,0,0,0,y,1f,w,0,0,0,0,0,0
0,z,1d,1e,1b,1b,11,1c,0,w,0,0,0,z,12,11
0,y,0,20,0,0,0,0,20,w,0,0,0,y,20,w
1i,x,1a,u,1a,1a,1a,1a,u,v,1i,1i,1i,x,u,v
1x,1x,1x,1x,1x,1x,1x,1x,1x,1x,1x,1x,1x,1x,1x,0
18,18,18,18,18,18,18,18,18,18,18,18,18,18,18,18
19,19,19,19,19,19,19,19,19,19,19,19,19,19,19,19
1y,1y,1y,1y,1y,1y,1y,1y,1y,1y,1y,1y,1y,1y,1y,1y
17,17,16,16,16,17,17,17,16,17,17,17,17,16,17,17
0,0,17,0,0,0,0,0,0,16,0,0,0,0,0,0
0,0,0,0,0,0,0,0,0,0,0,0,17,0,0,0
0,0,0,0,0,0,16,0,0,0,0,0,0,0,0,0
WAL 1z,j,k,l,m,n,o,p,q,r,s,t,v,w,x,y,z,11,12,13,14,15,16,17,1a,1b,1c,1d,1e,1f,1g,1i,1j,1l,1n,1o,1p,1q,1r,1w,20,21,1k
EXT 15,9 8 15,8
EXT 3,7 3 5,15
EXT 8,7 3 12,15
EXT 14,7 4 8,15
PAL 0

ROOM 8
0,0,0,0,0,0,0,0,0,0,0,0,0,0,0,0
0,0,0,0,0,0,0,0,0,0,0,0,0,0,0,0
0,0,0,0,0,0,0,0,0,0,0,0,0,0,0,0
0,0,0,0,0,0,0,0,0,0,0,0,0,0,0,0
z,12,11,0,z,12,11,0,z,12,11,z,12,11,0,0
y,0,w,0,y,0,w,0,y,0,w,y,20,w,0,0
x,1z,v,13,x,1z,v,14,x,1z,v,x,u,v,13,13
1x,1x,1x,1x,1x,1x,1x,1x,1x,1x,1x,1x,1x,1x,1x,1x
18,18,18,18,18,18,18,18,18,18,18,18,18,18,18,18
19,19,19,19,19,19,19,19,19,19,19,19,19,19,19,19
1y,1y,1y,1y,1y,1y,1y,1y,1y,1y,1y,1y,1y,1y,1y,1y
0,0,0,0,0,0,0,0,0,0,0,0,0,0,0,0
16,16,16,17,16,16,16,17,17,16,17,16,16,16,16,16
0,0,0,0,0,0,0,0,0,0,16,0,0,0,0,0
0,0,16,0,0,0,0,0,0,0,0,0,0,16,0,0
0,0,0,0,0,0,16,0,0,0,0,0,0,0,0,0
WAL j,k,l,m,n,o,p,q,r,s,t,1z,v,w,x,y,z,11,12,13,14,15,16,17,1a,1b,1c,1d,1e,1f,1g,1i,1j,1l,1n,1o,1p,1q,1r,1w,20,21
EXT 12,6 9 8,15
PAL 0

ROOM 9
0,0,0,0,0,0,0,0,0,0,0,0,0,0,0,0
0,0,0,0,0,0,0,0,0,0,0,0,0,0,0,0
0,0,0,0,0,0,0,0,0,0,0,0,0,0,0,0
0,0,0,0,0,0,0,0,0,0,0,0,0,0,0,0
0,0,0,0,0,0,0,0,0,0,0,0,0,0,0,0
0,0,0,0,0,0,0,0,0,0,0,0,0,0,0,0
0,0,0,0,0,0,0,0,0,0,0,0,0,0,0,0
0,0,0,0,0,0,0,0,0,0,0,0,0,0,0,0
0,0,0,0,0,0,0,0,0,0,0,0,0,0,0,0
0,0,0,0,0,0,0,0,0,0,0,0,0,0,0,0
0,0,0,0,0,0,0,0,0,0,0,0,0,0,0,0
0,0,0,0,p,q,q,q,q,q,r,0,0,0,0,0
0,0,0,0,o,0,0,0,0,0,s,0,0,0,0,0
0,0,0,0,1r,24,0,0,0,0,1q,0,0,0,0,0
0,0,0,0,o,k,l,0,0,j,s,0,0,0,0,0
0,0,0,0,n,m,m,m,u,m,t,0,0,0,0,0
WAL m,n,o,p,q,r,s,t,j,k,l,1z,v,w,x,y,z,11,12,13,14,15,16,17,1a,1b,1c,1d,1e,1f,1g,1i,1j,1l,1n,1o,1p,1q,1r,1w,20,21,1k
EXT 8,15 8 12,6
END 0 5,13
PAL 0

TIL 11
00000000
00000000
00000000
11000000
11110000
11111100
11111111
11111111

TIL 12
00000000
00111100
11111111
11111111
11111111
11111111
11111111
11111111

TIL 13
00011000
00011000
00111100
00111100
01111110
01111110
00011000
00011000

TIL 14
00000000
00000000
00011000
01111110
00111100
00111100
00111100
00111100

TIL 15
11111111
10000001
10000001
10000001
10000001
10000001
10000001
11111111

TIL 16
00000000
00000000
00010000
00101000
11000111
00000000
00000000
00000000

TIL 17
00000000
00000000
00001000
00010100
11100011
00000000
00000000
00000000

TIL 18
00000000
00000000
00000000
00000000
00000000
00000000
00000000
11000011

TIL 19
11000011
00000000
00000000
00000000
00000000
00000000
00000000
00000000

TIL 20
00000000
00000000
00000000
00000000
00000000
00000000
00000000
00000000

TIL 21
00000000
10000001
11111111
00000000
00000000
00000000
00000000
00000000

TIL 22
00000000
00000000
00000000
00111100
01111110
00000000
00000000
00000000

TIL 23
00000000
00000000
00000000
00000000
00000000
00000000
00000000
00000000

TIL 24
00000000
01000000
01000000
01000000
01000000
01111100
01000100
01000100

TIL j
11111111
11111111
01011010
01011010
01011010
01011010
01011010
11111111

TIL k
00000000
00000000
11111111
00100000
00100000
00100000
00100000
00100000

TIL l
00000000
00000000
11111111
00000100
00000100
00000100
00000100
00000100

TIL m
00000000
11111111
11111111
00000000
00000000
00000000
00000000
00000000

TIL n
00000110
00000111
00000111
00000000
00000000
00000000
00000000
00000000

TIL o
00000110
00000110
00000110
00000110
00000110
00000110
00000110
00000110

TIL p
00000000
00000000
00000000
00000000
00000000
00000111
00000111
00000110

TIL q
00000000
00000000
00000000
00000000
00000000
11111111
11111111
00000000

TIL r
00000000
00000000
00000000
00000000
00000000
11100000
11100000
01100000

TIL s
01100000
01100000
01100000
01100000
01100000
01100000
01100000
01100000

TIL t
01100000
11100000
11100000
00000000
00000000
00000000
00000000
00000000

TIL u
00111100
01000010
10000001
10000001
10000101
10000001
10000001
11111111

TIL v
00001100
00001100
00001100
00001100
00001100
00001100
11111100
11111100

TIL w
00001100
00001100
00001100
00001100
00001100
00001100
00001100
00001100

TIL x
00110000
00110000
00110000
00110000
00110000
00110000
00111111
00111111

TIL y
00110000
00110000
00110000
00110000
00110000
00110000
00110000
00110000

TIL z
00000000
00000000
00000000
00000011
00001111
00111111
11111111
11111111

TIL 1a
00000000
00000000
00000000
00000000
00000000
00000000
11111111
11111111

TIL 1b
00000000
00000000
11111111
11111111
11111111
11111111
11111111
11111111

TIL 1c
00110000
00110000
00110000
00110000
00110000
00110000
11110000
11110000

TIL 1d
00110000
00110000
11111111
11111111
11111111
11111111
11111111
11111111

TIL 1e
00001100
00001100
11111111
11111111
11111111
11111111
11111111
11111111

TIL 1f
00000000
00111100
01000010
01000010
01000010
01000010
00111100
00000000

TIL 1g
01111110
01000010
01000010
01111110
00000000
00000000
11111111
11111111

TIL 1i
00000000
00000000
01100110
01100110
11111111
01100110
01100110
01100110

TIL 1j
00000000
00000000
00000000
00000000
00000000
00000000
00000000
00000000

TIL 1k
00000000
01000000
01000000
01000000
01000000
01111100
01000100
01000100

TIL 1l
00111100
01111110
01111110
00011000
00111100
01111110
01111110
00111100

TIL 1m
00000000
00000110
00000110
00011110
00011110
01111110
01111110
00000000

TIL 1n
01100000
01100000
01100000
01100000
01100000
01111111
01111111
00000000

TIL 1o
00000000
00000000
00000000
00000000
00000000
11111111
11111111
00000110

TIL 1p
00000110
11111111
11111111
00000000
00000000
00000000
00000000
00000000

TIL 1q
01100000
00100000
00100000
00100000
00100000
00100000
00100000
01100000

TIL 1r
00000110
00000100
00000100
00000100
00000100
00000100
00000100
00000110

TIL 1s
00000000
01100000
01100000
01111000
01111000
01111110
01111110
00000000

TIL 1t
00000000
00000010
01000000
00000000
00001000
00000000
01000100
00000000

TIL 1u
00100000
00000010
00000000
00000000
00010000
00000010
01000000
00000000

TIL 1v
00000000
00001000
10000000
00000000
00000000
00000010
00100000
00000000

TIL 1w
10000001
00000000
01110000
01110100
01110000
00111000
00111000
00000010

TIL 1x
00000000
11111111
11111111
00000000
00000000
00000000
00000000
00000000

TIL 1y
00000000
00000000
00000000
00000000
00000000
11111111
11111111
00000000

TIL 1z
00111100
01000010
10000001
10000001
10000101
10000001
10000001
11111111

SPR A
00011000
00111100
00011000
01111110
10111101
10111101
00100100
00100100
POS 0 5,13

SPR a
00000000
11111111
11000011
00011000
00111100
01100110
01100110
01111110
>
11111111
11000011
00000000
00011000
00111100
01100110
01100110
01111110
POS 0 9,13

SPR b
00000000
00000000
00000000
00010000
00110001
11111111
11111111
01100110
POS 1 3,7

SPR c
00000000
00000000
01111110
01010110
01101010
01111110
11111111
11111111
POS 2 2,7

SPR d
00000000
00000000
00000000
00010000
00110001
11111111
11111111
01100110
POS 2 15,8

SPR e
00000000
00000000
01111110
01010110
11101011
01111110
01100110
01100110
POS 2 12,7

SPR f
00000000
11111100
11111111
00011001
00011000
00011000
00100100
00100100
POS 4 5,12

SPR g
11111111
11111111
11111111
11111111
11111111
11111111
11111111
11111111
POS 3 8,13

SPR h
11111111
11111111
11111111
11111111
11111111
11111111
11111111
11111111
POS 6 13,9

SPR i
11111111
11111111
11111111
11111111
11111111
11111111
11111111
11111111
POS 3 3,14

SPR j
00000000
00011100
00001111
00000010
01000000
01110000
00111000
00000000
POS 3 4,14

SPR k
00000000
00000000
00000000
00000000
00000011
11111111
11111111
10000001
POS 4 9,12

SPR l
00000000
00000000
00000000
00000000
00000011
11111111
11111111
10000001
POS 6 11,8

SPR m
00000001
01000000
00011100
00011100
00111000
00111001
10000000
00001000
POS 5 3,6

SPR n
00000110
00000100
00000000
00000000
00000000
00000000
00000100
00000110
POS 5 2,7

SPR o
11111111
11111111
11111111
11111111
11111111
11111111
11111111
11111111
POS 5 5,7

SPR p
01110000
11110000
11100000
11100000
11101110
11101110
11101110
11101110
POS 3 11,14

SPR q
00100100
00011000
01111110
01000010
01000010
01000010
01111110
00100100
POS 3 9,13

SPR r
00001100
00110010
01000010
11100100
00001000
00111100
00111100
00011000
POS 3 5,10

SPR s
00000000
00000000
00000000
00001000
01001100
11111111
11111111
01100110
POS 7 15,8

SPR t
00000000
00000000
01111110
01010110
11101011
01111110
01100110
01100110
POS 7 12,7

SPR u
00000000
00000000
01111110
01010110
01101010
01111110
11111111
11111111
POS 7 2,7

SPR v
00000000
00000000
01111110
01010110
01101010
01111110
00100100
00100100
POS 1 14,6

SPR w
00000000
00000000
01111110
01010110
01101010
01111110
00100100
00100100
POS 8 14,6

SPR x
00000000
00000000
00000000
00001000
01001100
11111111
11111111
01100110
POS 8 15,7

SPR y
00000000
11111111
11000011
00011000
00111100
01100110
01100110
01111110
POS 9 9,13

DLG a
I've got word of murder at the [REDACTED] Manor.  I'd like you to go check it out.

DLG b
It's my car.  I'll get in the through the front door.

DLG c
"Welcome to [REDACTED] Manor"

DLG e
"Servant's House"

DLG f
The telescope is looking to the room at the top of the tower.

DLG g
[CENSORED FOR EXCESSIVE VIOLENCE]

DLG h
[CENSORED FOR EXCESSIVE VIOLENCE]

DLG i
[CENSORED FOR EXCESSIVE VIOLENCE]

DLG j
It's a mess of blood splatters.

DLG k
The bed is freshly made.

DLG l
The bed has been slept in recently.

DLG m
This study is a mess.

DLG n
The window is shattered.

DLG o
[CENSORED TO PROTECT ANONYMITY]

DLG p
There's a towering stack of unread mail.

DLG q
The television is tuned into the news.

DLG r
This flower hasn't been watered in a while.

DLG d
I just arrived.  I shouldn't leave yet.

DLG s
If I'm ready to leave, I can enter the car through the front.

DLG t
"Servant's House"

DLG v
"Detective's Office"

DLG w
"Detective's Office"

DLG x
I don't need to drive this anymore today.

DLG u
"Welcome to [REDACTED] Manor"

DLG y
Couldn't figure anything out?  Darn.

END 0
Perhaps some mysteries aren't meant to be solved.

END 1
Couldn't figure anything out?

END 2


