this is a game , that you will play. please note that it knows your presence. the entity might as well find you.

# BITSY VERSION 3.7

! ROOM_FORMAT 1

PAL 0
0,0,0
255,255,255
255,255,255

PAL 1
0,0,0
255,0,0
255,255,255

PAL 2
39,39,39
255,255,255
255,255,255

PAL 3
88,88,88
255,255,255
255,255,255

PAL 4
140,140,140
255,255,255
255,255,255

PAL 5
255,255,255
255,255,255
255,255,255

PAL 6
200,200,200
255,255,255
255,255,255

PAL 7
232,232,232
255,255,255
255,255,255

PAL 8
255,255,255
255,255,255
255,255,255

ROOM 0
0,0,0,0,0,0,0,0,0,0,0,0,0,0,0,0
0,0,0,0,0,0,0,h,i,0,0,0,0,0,0,0
0,h,0,0,0,0,k,h,i,0,0,0,0,0,i,0
0,h,0,0,0,0,j,h,i,0,0,0,0,0,i,0
0,h,0,k,0,0,0,h,i,0,0,0,0,0,i,0
0,h,0,j,0,0,e,f,g,d,0,m,0,0,i,0
0,h,0,0,e,f,0,0,0,0,g,l,0,0,i,0
0,h,e,f,0,0,0,0,0,0,0,0,g,d,i,0
0,0,g,d,0,0,0,0,0,0,0,0,e,f,0,0
0,0,0,0,g,d,0,0,0,0,e,f,0,0,0,0
0,0,0,0,0,0,g,d,e,f,0,0,0,0,0,0
0,0,0,0,0,0,0,0,0,0,0,0,0,0,0,0
0,0,0,0,0,0,0,0,0,0,0,0,0,0,0,0
0,0,0,0,0,0,0,0,0,0,0,0,0,0,0,0
0,0,0,0,0,0,0,0,0,0,0,0,0,0,0,0
0,0,0,0,0,0,0,0,0,0,0,0,0,0,0,0
WAL f,e,d,g
EXT 11,6 1 5,9
PAL 0

ROOM 1
0,0,0,0,0,0,0,0,0,0,0,0,0,0,0,0
0,0,0,0,0,0,0,h,i,0,0,0,0,0,0,0
0,h,0,0,0,0,0,h,i,0,0,0,0,0,i,0
0,h,0,0,0,0,0,h,i,0,0,0,0,0,i,0
0,h,0,0,0,0,0,h,i,0,0,0,0,0,i,0
0,h,0,0,0,0,e,f,g,d,0,m,0,0,i,0
0,h,0,0,e,f,0,0,0,0,g,0,0,0,i,0
0,h,e,f,0,0,0,0,0,0,0,0,g,d,i,0
0,0,g,d,0,m,0,0,0,0,0,0,e,f,0,0
0,0,0,0,g,l,0,0,0,0,e,f,0,0,0,0
0,0,0,0,0,0,g,d,e,f,0,0,0,0,0,0
0,0,0,0,0,0,0,0,0,0,0,0,0,0,0,0
0,0,0,0,0,0,0,0,0,0,0,0,0,0,0,0
0,0,0,0,0,0,0,0,0,0,0,0,0,0,0,0
0,0,0,0,0,0,0,0,0,0,0,0,0,0,0,0
0,0,0,0,0,0,0,0,0,0,0,0,0,0,0,0
WAL f,e,d,g
EXT 5,9 2 10,7
PAL 0

ROOM 2
0,0,0,0,0,0,0,0,0,0,0,0,0,0,0,0
0,0,0,0,0,0,0,h,i,0,0,0,0,0,0,0
0,h,0,0,0,0,k,h,i,0,0,0,0,0,i,0
0,h,0,0,0,0,j,h,i,0,0,0,0,0,i,0
0,h,0,k,0,0,0,h,i,0,0,0,0,0,i,0
0,h,0,j,0,0,e,f,g,d,0,m,0,0,i,0
0,h,0,0,e,f,0,0,0,0,g,l,0,0,i,0
0,h,e,f,0,0,r,q,p,o,0,0,g,d,i,0
0,0,g,d,0,0,0,0,0,n,0,0,e,f,0,0
0,0,0,0,g,d,0,0,0,0,e,f,0,0,0,0
0,0,0,0,0,0,g,d,e,f,0,0,0,0,0,0
0,0,0,0,0,0,0,0,0,0,0,0,0,0,0,0
0,0,0,0,0,0,0,0,0,0,0,0,0,0,0,0
0,0,0,0,0,0,0,0,0,0,0,0,0,0,0,0
0,0,0,0,0,0,0,0,0,0,0,0,0,0,0,0
0,0,0,0,0,0,0,0,0,0,0,0,0,0,0,0
WAL f,e,d,g
EXT 11,6 3 5,8
PAL 1

ROOM 3
0,0,0,0,0,0,0,0,0,0,0,0,0,0,0,0
0,0,0,0,0,0,0,h,i,0,0,0,0,0,0,0
0,h,0,0,0,0,0,h,i,0,0,0,0,0,i,0
0,h,0,0,0,0,0,h,i,0,0,0,0,0,i,0
0,h,0,0,0,12,0,h,i,m,0,0,0,0,i,0
0,h,0,0,0,11,e,f,g,l,0,m,0,0,i,0
0,h,0,0,e,10,t,0,0,0,g,l,0,m,i,0
0,h,e,f,0,x,0,u,0,0,0,0,g,l,i,0
0,0,g,d,0,0,y,0,v,0,0,0,e,f,0,0
0,0,0,0,g,d,0,z,0,w,e,f,0,0,0,0
0,0,0,0,0,0,g,d,e,f,0,0,0,0,0,0
0,0,0,0,0,0,0,0,0,0,0,0,0,0,0,0
0,0,0,0,0,0,0,0,0,0,0,0,0,0,0,0
0,0,0,0,0,0,0,0,0,0,0,0,0,0,0,0
0,0,0,0,0,0,0,0,0,0,0,0,0,0,0,0
0,0,0,0,0,0,0,0,0,0,0,0,0,0,0,0
WAL f,e,d,g,10
EXT 9,5 4 2,14
EXT 13,7 4 2,14
EXT 11,6 5 5,9
PAL 1

ROOM 4
0,0,0,0,0,0,0,0,0,0,0,0,0,0,0,0
0,0,0,0,0,0,0,0,0,0,0,0,0,0,0,0
0,0,0,0,0,0,0,0,0,0,0,0,0,0,0,0
0,0,0,0,0,0,0,0,17,0,0,0,0,0,0,0
0,0,0,0,0,0,17,0,13,0,17,0,0,0,0,0
0,0,0,0,17,0,13,0,14,0,13,0,17,0,0,0
0,0,0,0,13,0,14,0,1a,0,14,0,13,0,0,0
0,0,0,0,14,0,1i,1h,19,1e,1d,0,14,0,0,0
0,0,0,0,0,0,0,1g,1b,1f,0,0,0,0,0,0
0,0,0,0,0,0,16,0,16,0,16,0,0,0,0,0
0,0,0,0,16,0,15,0,15,0,15,0,16,0,0,0
0,0,0,0,15,0,18,0,18,0,18,0,15,0,0,0
0,0,0,0,18,0,0,0,0,0,0,0,18,0,0,0
0,0,0,0,0,0,0,0,0,0,0,0,0,0,0,0
0,0,0,0,0,0,0,0,0,0,0,0,0,0,0,0
0,0,0,0,0,0,0,0,0,0,0,0,0,0,0,0
END 0 2,13
END 0 3,14
END 0 2,15
END 0 1,14
PAL 1

ROOM 5
0,0,0,0,0,0,0,0,0,0,0,0,0,0,0,0
0,0,0,0,0,0,0,h,i,0,0,0,0,0,0,0
0,h,0,0,0,0,k,h,i,0,0,0,0,0,i,0
0,h,0,0,0,0,j,h,i,0,0,0,0,0,i,0
0,h,0,k,0,0,0,h,i,0,0,0,0,0,i,0
0,h,0,j,0,0,e,f,g,d,0,0,0,0,i,0
0,h,0,0,e,f,0,0,0,0,g,d,0,0,i,0
0,h,e,f,0,0,0,0,0,0,0,0,g,d,i,0
0,0,g,d,0,m,0,0,0,0,0,0,e,f,0,0
0,0,0,0,g,l,0,0,0,0,e,f,0,0,0,0
0,0,0,0,0,0,g,d,e,f,0,0,0,0,0,0
0,0,0,0,0,0,0,0,0,0,0,0,0,0,0,0
0,0,0,0,0,0,0,0,0,0,0,0,0,0,0,0
0,0,0,0,0,0,0,0,0,0,0,0,0,0,0,0
0,0,0,0,0,0,0,0,0,0,0,0,0,0,0,0
0,0,0,0,0,0,0,0,0,0,0,0,0,0,0,0
WAL f,e,d,g
EXT 5,9 6 8,10
PAL 1

ROOM 6
0,0,0,0,0,0,0,0,0,0,0,0,0,0,0,0
0,0,0,0,0,0,0,0,0,0,0,0,0,0,0,0
0,0,0,0,0,0,0,0,0,0,0,0,0,0,0,0
0,0,0,0,0,0,0,0,0,0,0,0,0,0,0,0
0,0,0,0,0,0,0,0,0,0,0,0,0,0,0,0
0,0,0,0,1l,0,0,0,0,0,0,0,0,0,0,0
0,0,0,0,1k,1o,0,0,0,0,0,0,0,0,0,0
0,0,0,f,1p,1n,0,0,0,0,0,0,0,0,0,0
0,0,0,0,0,0,0,0,0,0,0,0,0,0,0,0
0,0,0,0,0,0,0,0,0,0,0,0,0,0,0,0
0,0,0,0,0,0,0,0,0,0,0,0,0,0,0,0
0,0,0,0,0,0,0,0,0,0,0,0,0,0,0,0
0,0,0,0,0,0,0,0,0,0,0,0,0,0,0,0
0,0,0,0,0,0,0,0,0,0,0,0,0,0,0,0
0,0,0,0,0,0,0,0,0,0,0,0,0,0,0,0
0,0,0,0,0,0,0,0,0,0,0,0,0,0,0,0
WAL f,e,d,g
EXT 4,6 7 7,15
PAL 0

ROOM 7
0,0,0,0,0,0,1r,0,1s,0,0,0,0,0,0,0
0,0,0,0,0,0,1r,0,1s,0,0,0,0,0,0,0
0,0,0,0,0,0,1r,0,1s,0,0,0,0,0,0,0
0,0,0,0,0,0,1r,0,1s,0,0,0,0,0,0,0
0,0,0,0,0,0,1r,0,1s,0,0,0,0,0,0,0
0,0,0,0,0,0,1r,0,1s,0,0,0,0,0,0,0
0,0,0,0,0,0,1r,0,1s,0,0,0,0,0,0,0
0,0,0,0,0,0,1r,0,1s,0,0,0,0,0,0,0
0,0,0,0,0,0,1r,0,1s,0,0,0,0,0,0,0
0,0,0,0,0,0,1r,0,1s,0,0,0,0,0,0,0
0,0,0,0,0,0,1r,0,1s,0,0,0,0,0,0,0
0,0,0,0,0,0,1r,0,1s,0,0,0,0,0,0,0
0,0,0,0,0,0,1r,0,1s,0,0,0,0,0,0,0
0,0,0,0,0,0,1r,0,1s,0,0,0,0,0,0,0
0,0,0,0,0,0,1r,0,1s,0,0,0,0,0,0,0
0,0,0,0,0,0,1r,0,1s,0,0,0,0,0,0,0
WAL 1s,1r
EXT 7,13 8 7,12
PAL 0

ROOM 8
0,0,0,0,0,0,1r,0,1s,0,0,0,0,0,0,0
0,0,0,0,0,0,1r,0,1s,0,0,0,0,0,0,0
0,0,0,0,0,0,1r,0,1s,0,0,0,0,0,0,0
0,0,0,0,0,0,1r,0,1s,0,0,0,0,0,0,0
0,0,0,0,0,0,1r,0,1s,0,0,0,0,0,0,0
0,0,0,0,0,0,1r,0,1s,0,0,0,0,0,0,0
0,0,0,0,0,0,1r,0,1s,0,0,0,0,0,0,0
0,0,0,0,0,0,1r,0,1s,0,0,0,0,0,0,0
0,0,0,0,0,0,1r,0,1s,0,0,0,0,0,0,0
0,0,0,0,0,0,1r,0,1s,0,0,0,0,0,0,0
0,0,0,0,0,0,1r,0,1s,0,0,0,0,0,0,0
0,0,0,0,0,0,1r,0,1s,0,0,0,0,0,0,0
0,0,0,0,0,0,1r,0,1s,0,0,0,0,0,0,0
0,0,0,0,0,0,1r,0,1s,0,0,0,0,0,0,0
0,0,0,0,0,0,1r,0,1s,0,0,0,0,0,0,0
0,0,0,0,0,0,1r,0,1s,0,0,0,0,0,0,0
WAL 1s,1r
EXT 7,11 9 7,10
PAL 2

ROOM 9
0,0,0,0,0,0,1r,0,1s,0,0,0,0,0,0,0
0,0,0,0,0,0,1r,0,1s,0,0,0,0,0,0,0
0,0,0,0,0,0,1r,0,1s,0,0,0,0,0,0,0
0,0,0,0,0,0,1r,0,1s,0,0,0,0,0,0,0
0,0,0,0,0,0,1r,0,1s,0,0,0,0,0,0,0
0,0,0,0,0,0,1r,0,1s,0,0,0,0,0,0,0
0,0,0,0,0,0,1r,0,1s,0,0,0,0,0,0,0
0,0,0,0,0,0,1r,0,1s,0,0,0,0,0,0,0
0,0,0,0,0,0,1r,0,1s,0,0,0,0,0,0,0
0,0,0,0,0,0,1r,0,1s,0,0,0,0,0,0,0
0,0,0,0,0,0,1r,0,1s,0,0,0,0,0,0,0
0,0,0,0,0,0,1r,0,1s,0,0,0,0,0,0,0
0,0,0,0,0,0,1r,0,1s,0,0,0,0,0,0,0
0,0,0,0,0,0,1r,0,1s,0,0,0,0,0,0,0
0,0,0,0,0,0,1r,0,1s,0,0,0,0,0,0,0
0,0,0,0,0,0,1r,0,1s,0,0,0,0,0,0,0
WAL 1s,1r
EXT 7,9 a 7,8
PAL 3

ROOM a
0,0,0,0,0,0,1r,0,1s,0,0,0,0,0,0,0
0,0,0,0,0,0,1r,0,1s,0,0,0,0,0,0,0
0,0,0,0,0,0,1r,0,1s,0,0,0,0,0,0,0
0,0,0,0,0,0,1r,0,1s,0,0,0,0,0,0,0
0,0,0,0,0,0,1r,0,1s,0,0,0,0,0,0,0
0,0,0,0,0,0,1r,0,1s,0,0,0,0,0,0,0
0,0,0,0,0,0,1r,0,1s,0,0,0,0,0,0,0
0,0,0,0,0,0,1r,0,1s,0,0,0,0,0,0,0
0,0,0,0,0,0,1r,0,1s,0,0,0,0,0,0,0
0,0,0,0,0,0,1r,0,1s,0,0,0,0,0,0,0
0,0,0,0,0,0,1r,0,1s,0,0,0,0,0,0,0
0,0,0,0,0,0,1r,0,1s,0,0,0,0,0,0,0
0,0,0,0,0,0,1r,0,1s,0,0,0,0,0,0,0
0,0,0,0,0,0,1r,0,1s,0,0,0,0,0,0,0
0,0,0,0,0,0,1r,0,1s,0,0,0,0,0,0,0
0,0,0,0,0,0,1r,0,1s,0,0,0,0,0,0,0
WAL 1s,1r
EXT 7,7 b 7,7
PAL 4

ROOM b
0,0,0,0,0,0,1r,0,1s,0,0,0,0,0,0,0
0,0,0,0,0,0,1r,0,1s,0,0,0,0,0,0,0
0,0,0,0,0,0,1r,0,1s,0,0,0,0,0,0,0
0,0,0,0,0,0,1r,0,1s,0,0,0,0,0,0,0
0,0,0,0,0,0,1r,0,1s,0,0,0,0,0,0,0
0,0,0,0,0,0,1r,0,1s,0,0,0,0,0,0,0
0,0,0,0,0,0,1r,0,1s,0,0,0,0,0,0,0
0,0,0,0,0,0,1r,0,1s,0,0,0,0,0,0,0
0,0,0,0,0,0,1r,0,1s,0,0,0,0,0,0,0
0,0,0,0,0,0,1r,0,1s,0,0,0,0,0,0,0
0,0,0,0,0,0,1r,0,1s,0,0,0,0,0,0,0
0,0,0,0,0,0,1r,0,1s,0,0,0,0,0,0,0
0,0,0,0,0,0,1r,0,1s,0,0,0,0,0,0,0
0,0,0,0,0,0,1r,0,1s,0,0,0,0,0,0,0
0,0,0,0,0,0,1r,0,1s,0,0,0,0,0,0,0
0,0,0,0,0,0,1r,0,1s,0,0,0,0,0,0,0
WAL 1s,1r
EXT 7,6 c 7,5
PAL 6

ROOM c
0,0,0,0,0,0,1r,0,1s,0,0,0,0,0,0,0
0,0,0,0,0,0,1r,0,1s,0,0,0,0,0,0,0
0,0,0,0,0,0,1r,0,1s,0,0,0,0,0,0,0
0,0,0,0,0,0,1r,0,1s,0,0,0,0,0,0,0
0,0,0,0,0,0,1r,0,1s,0,0,0,0,0,0,0
0,0,0,0,0,0,1r,0,1s,0,0,0,0,0,0,0
0,0,0,0,0,0,1r,0,1s,0,0,0,0,0,0,0
0,0,0,0,0,0,1r,0,1s,0,0,0,0,0,0,0
0,0,0,0,0,0,1r,0,1s,0,0,0,0,0,0,0
0,0,0,0,0,0,1r,0,1s,0,0,0,0,0,0,0
0,0,0,0,0,0,1r,0,1s,0,0,0,0,0,0,0
0,0,0,0,0,0,1r,0,1s,0,0,0,0,0,0,0
0,0,0,0,0,0,1r,0,1s,0,0,0,0,0,0,0
0,0,0,0,0,0,1r,0,1s,0,0,0,0,0,0,0
0,0,0,0,0,0,1r,0,1s,0,0,0,0,0,0,0
0,0,0,0,0,0,1r,0,1s,0,0,0,0,0,0,0
WAL 1s,1r
EXT 7,4 d 15,15
PAL 7

ROOM d
0,0,0,0,0,0,1r,0,1s,0,0,0,0,0,0,0
0,0,0,0,0,0,1r,0,1s,0,0,0,0,0,0,0
0,0,0,0,0,0,1r,0,1s,0,0,0,0,0,0,0
0,0,0,0,0,0,1r,0,1s,0,0,0,0,0,0,0
0,0,0,0,0,0,1r,0,1s,0,0,0,0,0,0,0
0,0,0,0,0,0,1r,0,1s,0,0,0,0,0,0,0
0,0,0,0,0,0,1r,0,1s,0,0,0,0,0,0,0
0,0,0,0,0,0,1r,0,1s,0,0,0,0,0,0,0
0,0,0,0,0,0,1r,0,1s,0,0,0,0,0,0,0
0,0,0,0,0,0,1r,0,1s,0,0,0,0,0,0,0
0,0,0,0,0,0,1r,0,1s,0,0,0,0,0,0,0
0,0,0,0,0,0,1r,0,1s,0,0,0,0,0,0,0
0,0,0,0,0,0,1r,0,1s,0,0,0,0,0,0,0
0,0,0,0,0,0,1r,0,1s,0,0,0,0,0,0,0
0,0,0,0,0,0,1r,0,1s,0,0,0,0,0,0,0
0,0,0,0,0,0,1r,0,1s,0,0,0,0,0,0,0
WAL 1s,1r
PAL 8

TIL 10
10000011
10001100
10110000
11000000
00000000
00000000
00000000
00000000

TIL 11
11000001
10000001
10000001
10000001
10010001
10100001
10000001
10000001

TIL 12
00000000
00000000
00000000
00000000
00000000
00000011
00001101
00110001

TIL 13
11111111
11111111
11111110
01111110
01111100
01111100
01111000
01111000

TIL 14
01111000
00110000
00110000
00110000
00110000
00010000
00010000
00010000

TIL 15
00111000
00111000
00111100
00111100
00111100
01111100
01111110
11111111

TIL 16
00010000
00010000
00010000
00010000
00011000
00011000
00011000
00111000

TIL 17
00000000
00000000
00000000
00000000
00000000
00000000
01111110
11111111

TIL 18
11111111
01111110
00000000
00000000
00000000
00000000
00000000
00000000

TIL 19
01111000
10000110
10000001
10000001
10000001
01000001
00100110
00011000

TIL a
11111111
11111111
11111111
11111111
11111111
11111111
11111111
11111111

TIL b
10000000
01000000
00100000
00010000
00001000
00000100
00000010
00000001

TIL c
00000001
00000010
00000100
00001000
00010000
00100000
01000000
10000000

TIL d
00000000
00000000
00000000
00000000
11000000
00110000
00001100
00000011

TIL e
00000000
00000000
00000000
00000000
00000011
00001100
00110000
11000000

TIL f
00000011
00001100
00110000
11000000
00000000
00000000
00000000
00000000

TIL g
11000000
00110000
00001100
00000011
00000000
00000000
00000000
00000000

TIL h
00000001
00000001
00000001
00000001
00000001
00000001
00000001
00000001

TIL i
10000000
10000000
10000000
10000000
10000000
10000000
10000000
10000000

TIL j
11000001
10000001
10000001
10000001
10000011
10001100
10110000
11000000

TIL k
00000000
00000000
00000000
00000000
00000000
00000011
00001101
00110001

TIL l
10000001
10000001
10000001
10000001
11000001
00110001
00001101
00000011

TIL m
11000000
10110000
10001100
10000011
10000001
10000001
10000001
10000001

TIL n
00000011
00000011
00000110
00010110
10000110
00001010
00111000
11110010

TIL o
00000000
10101100
11001100
00000110
00000010
00000100
00000010
00000111

TIL p
00000000
11101011
01000111
00010000
00000000
00000000
00000000
00000000

TIL q
00000000
01011111
00001011
00000000
00000100
00000000
00000000
00000000

TIL r
00000000
00100010
00000000
00000000
00000000
00000000
00000000
00000000

TIL s
00000000
00000000
00000000
00000000
00000000
00000000
00000000
00000000

TIL t
00000000
00101110
00001010
00010001
00111000
01000100
01010010
10000001

TIL u
00000011
00000110
00001100
00010000
00110000
00100000
01000000
10000000

TIL v
00010000
00110100
01010000
10010011
10010100
00010100
01011000
00000000

TIL w
00000110
00001110
00110001
00100000
11000001
10000001
10000011
01111110

TIL x
00000010
01001100
00110000
01001110
10010000
00010000
00100000
00000100

TIL y
00000000
00000100
00001010
00111001
11001100
11000100
01000000
00110000

TIL z
00001000
00001000
00011000
00011111
00010000
01100000
01000000
10000000

TIL 1a
00000000
00000000
00000000
00000000
00000000
00000000
00000000
11111111

TIL 1b
11111111
10110101
10010000
00000000
00000100
00000001
00010000
00000000
>
11111111
10110101
10000001
10010000
10000000
10010000
00000001
00000100

TIL 1c
00000000
00000000
00000000
00000000
00000000
00000001
00001110
11110000

TIL 1d
00000000
00000000
00000000
10000000
01000000
10000000
00000000
00000000

TIL 1e
11100000
00011100
00000011
00000000
00000000
00000000
00000011
00011100

TIL 1f
11100000
00000000
00000000
00000000
00000000
00000000
00000000
00000000

TIL 1g
00000111
00000000
00000000
00000000
00000000
00000000
00000000
00000000

TIL 1h
00000111
00111000
11000000
00000000
00000000
00000000
11000000
00111000

TIL 1i
00000000
00000000
00000000
00000001
00000010
00000001
00000000
00000000

TIL 1j
00000011
00001101
00110001
11000001
10000011
10001100
10110000
11000000

TIL 1k
10000001
10000001
10000001
10000001
10000011
10001111
10111111
11111111

TIL 1l
00000011
00001101
00110001
11000001
10000001
10000001
10000001
10000001

TIL 1m
00000000
00000000
00000000
00000000
00000000
00000000
00000000
00000000

TIL 1n
11111000
11111100
11111110
11111111
11111111
11111100
11110000
11000000

TIL 1o
00000011
00001100
00110000
11000000
10000000
11000000
11100000
11110000

TIL 1p
11111111
01111111
00111111
00011111
00001111
00000111
00000011
00000001

TIL 1q
00000000
00000000
00000000
00000000
00000000
00000000
00000000
00000000

TIL 1r
00000001
00000001
00000001
00000001
00000001
00000001
00000001
00000001

TIL 1s
10000000
10000000
10000000
10000000
10000000
10000000
10000000
10000000

SPR A
00011000
00011000
00011000
00111100
01111110
10111101
00100100
00100100
POS 0 7,8

SPR a
00000000
00000000
01010001
01110001
01110010
01111100
00111100
00100100
DLG SPR_0
POS 0 9,9

SPR b
10000001
10000001
10000001
10000001
11000001
00110001
00001101
00000011
DLG SPR_1
POS 1 11,6

SPR c
00000000
00000110
00001001
00010001
00000010
00001100
00111100
11110010
DLG SPR_2
POS 2 8,9

SPR d
00000000
00000000
00110011
11110111
11110111
11110111
11110111
11001100
DLG SPR_3
POS 2 7,8

SPR e
00000010
00000111
00000110
00000000
00000000
00000000
00000000
00000000
DLG SPR_4
POS 2 5,7

SPR f
10000011
10001100
10110000
11000000
00000000
00000000
00000000
00000000
DLG SPR_5
POS 3 5,6

SPR g
00000000
00100000
01010000
00101000
00000110
00000110
00000000
00000000
DLG SPR_6
POS 5 8,7

ITM 0
00000000
00000000
00000000
00111100
01100100
00100100
00011000
00000000
DLG ITM_0

DLG ITM_0
You got a cup of tea! Nice.

DLG SPR_0
meow!

DLG SPR_1
its locked.

DLG SPR_2
grrkr frgrk

DLG SPR_3
"lets play a game shall we not? i can see you , but you cant see me. if you find me , you lose."    -identity

DLG SPR_4
its a cats heart , its pulsating rapidly.

DLG SPR_5
its locked.

DLG SPR_6
you got the key

END 0
description

END 1
des-cript-ion

