A Bit of Reverie

# BITSY VERSION 3.4

! ROOM_FORMAT 1

PAL 0
254,230,255
137,4,187
89,197,208

PAL 1
214,214,214
103,104,102
159,134,81

PAL 2
255,255,255
255,255,255
255,255,255

PAL 3
236,253,255
120,223,235
54,92,248

ROOM 2
0,0,0,0,0,0,0,1k,0,1j,0,0,0,0,0,0
0,0,0,0,0,0,0,1k,0,0,0,0,0,0,0,0
0,1j,0,o,o,o,0,1k,0,o,o,o,0,0,0,0
0,0,e,h,h,h,h,h,h,h,h,h,d,0,1j,0
0,0,f,0,0,0,0,0,0,0,0,0,b,0,0,0
0,0,l,0,m,0,0,0,0,0,k,0,i,0,0,0
0,0,f,0,0,0,0,0,0,0,0,0,b,0,0,0
0,0,l,0,0,0,0,0,0,0,0,0,i,0,0,0
0,0,f,0,0,0,k,0,0,0,0,0,b,0,0,0
0,0,l,0,0,0,0,0,0,0,0,0,i,0,0,0
1j,0,f,0,0,0,0,0,0,0,0,0,b,0,1j,0
0,0,f,0,0,0,0,0,0,0,0,0,b,0,0,0
0,0,g,c,c,c,j,j,j,c,c,c,a,0,0,0
0,0,0,0,0,0,0,0,0,0,0,0,0,0,0,0
0,0,1j,0,0,0,0,0,0,1j,0,0,0,0,0,0
0,0,0,0,0,0,0,0,0,0,0,0,0,0,0,0
WAL a,b,c,d,e,h,g,j,f,l,s,n,10,y,x,w,v,1c,1b,1a,19,18,16,1d,17,i
EXT 4,5 4 4,5
PAL 1

ROOM 3
0,0,0,0,0,0,0,1k,0,1j,0,0,0,0,0,0
0,0,0,0,0,0,0,1k,0,0,0,0,0,0,0,0
0,1j,0,o,o,o,0,1k,0,o,o,o,0,0,0,0
0,0,e,h,h,h,h,h,h,h,h,h,d,0,1j,0
0,0,f,0,0,0,0,0,0,0,0,0,b,0,0,0
0,0,l,0,k,0,0,0,0,0,k,0,i,0,0,0
0,0,f,0,0,0,0,0,0,0,0,0,b,0,0,0
0,0,l,0,0,0,0,0,0,0,0,0,i,0,0,0
0,0,f,0,0,0,k,0,0,0,0,0,b,0,0,0
0,0,l,0,0,0,0,0,0,0,0,0,i,0,0,0
1j,0,f,0,0,0,0,0,0,0,0,0,b,0,1j,0
0,0,f,0,0,0,0,0,0,0,0,0,b,0,0,0
0,0,g,c,c,c,j,j,j,c,c,c,a,0,0,0
0,0,0,0,0,0,0,0,0,0,0,0,0,0,0,0
0,0,1j,0,0,0,0,0,0,1j,0,0,0,0,0,0
0,0,0,0,0,0,0,0,0,0,0,0,0,0,0,0
WAL a,b,c,d,e,h,g,j,f,l,s,n,10,y,x,w,v,1c,1b,1a,19,18,16,1d,17,i
EXT 7,4 2 7,4
PAL 1

ROOM 4
0,0,0,0,0,0,0,1k,0,1j,0,0,0,0,0,0
0,0,0,0,0,0,0,1k,0,0,0,0,0,0,0,0
0,1j,0,u,u,u,0,1k,0,u,u,u,0,0,0,0
0,0,e,h,h,h,h,h,h,h,h,h,d,0,1j,0
0,0,f,o,0,0,0,0,0,0,0,p,b,0,0,0
0,0,l,0,k,0,0,0,0,0,k,0,i,0,0,0
0,0,f,0,0,0,n,0,n,0,n,0,b,s,s,s
0,0,l,0,0,0,k,0,0,0,0,0,i,o,0,p
0,0,f,0,n,0,n,0,n,0,n,0,b,0,0,0
0,0,l,0,0,0,0,0,0,o,0,0,q,r,r,r
1j,0,f,0,0,0,0,0,0,0,p,0,b,0,0,0
0,0,f,o,p,0,0,0,0,0,0,0,b,s,s,s
0,0,g,c,c,c,j,j,j,c,c,c,a,0,0,0
0,0,0,0,0,0,0,0,0,0,0,0,0,0,0,0
0,0,1j,0,0,0,0,0,0,1j,0,0,0,0,0,0
0,0,0,0,0,0,0,0,0,0,0,0,0,0,0,0
WAL c,b,a,f,l,j,g,h,d,e,s,n,10,y,x,w,v,1c,1b,1a,19,18,16,1d,17,i
EXT 15,9 5 0,9
PAL 0

ROOM 5
0,0,0,0,0,0,0,0,0,0,0,0,0,0,0,0
0,0,0,u,0,0,0,1j,0,0,0,0,0,0,0,0
0,0,0,0,0,0,0,0,0,0,0,0,u,0,0,0
0,0,0,0,0,0,0,0,0,0,0,0,0,0,1j,0
0,0,1j,0,0,0,s,s,s,s,s,0,0,0,0,0
0,0,0,0,0,s,0,0,p,0,0,s,0,0,0,0
s,s,s,s,s,u,p,0,0,0,0,0,s,s,s,s
o,0,0,0,0,0,0,0,u,0,0,u,0,0,p,0
0,0,0,p,0,0,0,0,0,0,0,0,o,0,0,0
r,r,r,r,r,t,0,0,0,0,q,r,r,r,r,r
0,0,u,0,0,0,0,0,0,p,0,0,0,0,0,u
s,s,s,s,s,s,0,0,u,0,0,s,s,s,s,s
0,0,0,0,0,0,s,s,s,s,s,0,0,0,0,0
0,1j,0,0,0,0,0,0,0,0,0,0,0,0,0,0
0,0,0,0,u,0,0,0,0,0,0,0,0,0,1j,0
0,0,0,0,0,0,0,1j,0,0,u,0,0,0,0,0
WAL s,10,y,x,w,v,1c,1b,1a,19,18,16,1d,17,l,j,i,h,f,b,c
EXT 15,9 6 0,9
PAL 0

ROOM 6
0,0,0,0,0,0,0,0,w,y,10,x,11,0,0,0
0,0,1j,0,0,1j,0,0,v,x,z,x,12,0,0,0
0,0,0,0,0,0,u,0,w,x,10,x,12,0,1j,0
0,0,0,0,0,0,0,0,v,y,z,y,12,0,0,0
0,u,0,s,s,s,0,0,v,x,10,x,11,0,u,0
0,0,s,0,0,0,s,s,w,y,z,x,12,0,0,1j
s,s,0,p,0,0,0,o,w,x,10,x,11,0,0,0
0,0,0,0,s,0,0,0,v,x,z,x,11,s,0,0
p,0,0,0,0,0,0,0,w,x,10,x,12,o,s,0
r,r,r,t,t,0,0,17,v,y,z,x,11,0,0,s
0,o,0,0,0,q,t,0,0,q,t,0,0,0,p,s
0,0,0,0,0,0,q,r,t,0,0,o,s,0,0,s
s,s,s,s,s,0,0,0,p,0,s,0,0,0,s,0
0,0,0,0,0,s,s,0,0,0,0,0,s,s,0,0
0,u,1j,0,0,0,0,s,s,s,s,s,0,0,0,1j
0,0,0,0,0,0,0,0,0,0,0,0,0,u,0,0
WAL s,10,y,x,w,v,1c,1b,1a,19,18,16,1d,17,l,j,i,h,f,b,c
EXT 10,9 7 7,11
PAL 0

ROOM 7
0,0,0,0,0,0,17,1d,1e,1d,0,0,17,0,0,0
0,0,0,17,0,0,1d,0,0,1a,0,0,0,0,0,0
17,0,0,0,0,0,1d,0,1e,0,1d,0,0,0,17,0
0,0,0,0,0,0,1d,0,1e,0,18,17,17,0,0,0
0,0,0,0,17,16,0,0,0,0,0,0,17,18,0,0
0,0,0,19,0,0,0,1e,0,0,0,17,0,0,1a,0
0,0,19,0,0,0,0,0,1e,0,0,1g,1h,0,16,0
0,19,0,17,0,0,0,0,1e,0,0,0,0,16,0,0
0,18,0,0,17,0,0,1e,0,0,0,0,0,1a,0,0
0,0,18,0,0,0,0,1e,0,17,0,0,0,16,0,0
0,0,19,0,0,0,0,0,0,0,17,0,0,1a,0,0
0,0,18,0,0,0,0,13,14,0,0,0,0,16,0,0
0,0,0,18,0,0,0,0,0,0,0,0,16,0,0,0
0,0,0,0,18,0,17,0,0,0,0,16,0,0,0,17
0,17,17,0,0,18,0,17,0,17,16,0,0,17,0,0
0,0,0,0,0,0,1a,17,19,0,0,0,0,0,0,0
WAL 1c,1b,1a,19,18,16,1d,17,l,j,i,h,f,b,c
EXT 8,0 8 8,15
PAL 3

ROOM 8
17,0,0,0,0,0,0,16,18,0,0,0,0,17,0,0
0,0,0,17,17,17,19,0,0,18,0,0,0,0,0,0
0,0,16,17,0,0,0,0,17,0,18,0,0,0,0,0
0,0,18,0,0,1f,0,0,0,0,19,0,0,0,0,17
0,17,0,18,0,1e,0,0,0,19,0,0,17,0,0,0
0,0,0,19,0,0,0,0,0,1a,0,0,0,0,0,0
0,17,19,0,0,1e,0,0,17,0,1d,0,0,0,0,0
16,0,0,0,17,0,1e,0,0,0,1d,0,0,17,0,0
18,17,17,0,0,0,0,0,0,0,1a,0,0,0,17,0
0,0,0,18,0,0,1e,0,0,17,0,1a,0,0,0,0
0,0,0,0,1d,0,0,1e,0,0,17,17,1d,0,0,0
0,0,0,0,1d,17,0,1e,0,0,0,0,1d,0,0,0
0,0,0,0,18,0,17,0,0,0,0,0,1d,0,0,0
0,17,0,0,0,18,0,0,1e,0,0,16,0,0,0,17
0,0,0,0,17,0,18,0,1e,0,16,0,0,0,0,0
0,0,0,0,0,0,0,18,1e,16,0,0,0,0,0,0
WAL 16,17,18,19,1a,1d,l,j,i,h,f,b,c
EXT 5,3 9 4,5
PAL 3

ROOM 9
0,0,0,0,0,0,0,1k,0,0,0,0,0,0,0,0
0,0,1j,0,0,0,0,1k,0,0,0,1j,0,0,0,0
0,0,0,o,o,o,0,1k,0,o,o,o,0,0,0,0
0,0,e,h,h,h,h,h,h,h,h,h,d,0,0,0
0,0,f,0,0,0,0,0,0,0,0,0,b,0,0,0
0,0,l,0,k,0,k,1i,k,0,k,0,i,0,0,0
0,0,f,0,0,0,0,0,0,0,0,0,b,0,0,0
0,0,l,0,0,0,0,0,0,0,0,0,i,0,0,0
0,0,f,0,k,0,k,0,k,0,k,0,b,0,1j,0
0,1j,l,0,0,0,0,0,0,0,0,0,i,0,0,0
0,0,f,0,0,0,0,0,0,0,0,0,b,0,0,0
0,0,f,0,0,0,0,0,0,0,0,0,b,0,0,0
0,0,g,c,c,c,j,j,j,c,c,c,a,0,0,0
0,0,1j,0,0,0,0,0,0,0,0,0,0,0,0,1j
0,0,0,0,0,0,1j,0,0,0,0,0,0,0,0,0
0,0,0,0,0,0,0,0,0,0,0,0,0,0,0,0
WAL 16,17,18,19,1a,1d,l,j,i,h,f,b,c
END undefined 7,4
PAL 1

TIL 10
01000010
01000010
01111111
00000100
11000111
01000000
11000000
00000000

TIL 11
00000100
00000100
00111110
00100010
11111110
00100100
11100100
00000100

TIL 12
00000100
00000100
00000100
00000100
11100100
00100100
11100100
00000100

TIL 13
11111111
10100000
10111000
10101110
10101011
10101010
10101010
11111111

TIL 14
10000000
10000000
10000000
10000000
10000000
10000000
10000000
10000000

TIL 16
00000001
00111010
01000100
10000000
10000000
01000000
10000000
10000000

TIL 17
00000000
00000000
00000000
00000000
00000000
00111100
01000010
10000001

TIL 18
11100000
00010000
00010000
00010000
00100000
01001110
00110001
00000001

TIL 19
00000001
00010001
00101110
00010000
00001000
00001000
00010000
11100000

TIL a
11110100
11110100
11110100
11110100
00001100
11111000
00000000
00000000

TIL b
11110100
11110100
11110100
11110100
11110100
11110100
11110100
11110100

TIL c
11111111
11111111
11111111
11111111
00000000
11111111
00000000
00000000

TIL d
00000000
00000000
11111000
00001100
11110100
11110100
11110100
11110100

TIL e
00000000
00000000
00011111
00110000
00101111
00101111
00101111
00101111

TIL f
00101111
00101111
00101111
00101111
00101111
00101111
00101111
00101111

TIL g
00101111
00101111
00101111
00101111
00110000
00011111
00000000
00000000

TIL h
00000000
00000000
11111111
00000000
11111111
11111111
11111111
11111111

TIL i
11111100
10010100
10010100
11111100
10010100
10010100
10010100
11111100

TIL j
11111111
00000000
00000000
11111111
00000000
11111111
00000000
00000000

TIL k
00000000
00111100
01100110
01111110
01111110
01111110
00100100
00100100

TIL l
00111111
00101001
00101001
00111111
00101001
00101001
00101001
00111111

TIL m
00000000
00111100
01100110
01111110
01111110
01111110
00100100
00100100
>
00111100
01000010
10011001
10000001
10000001
10000001
01011010
01011010

TIL n
00000000
11111111
11111111
11111111
11111111
01000010
01111110
01000010

TIL o
00000000
00000000
00000000
10001000
01010000
01010010
01110100
00111100

TIL p
00000000
00111000
00101000
00111000
10010000
01010010
01110100
00111100

TIL q
00000000
00000000
00011111
00000010
10000000
00100000
00001111
00000000

TIL r
00000000
00000000
11111111
00010000
10000000
00000100
11111111
00000000

TIL s
00111100
01111110
11101011
10100011
11000111
01100110
00100100
01000010

TIL t
00000000
00000000
11111000
10000001
00100000
00000100
11110000
00000000

TIL u
00000100
00001110
00100100
01110000
00100100
00001110
00000100
00000000

TIL v
00100000
00100000
00101111
00101000
01111111
01000100
01111100
00100000

TIL w
00100000
00100000
00100111
00100100
00100111
00100000
00100000
00100000

TIL x
00000000
00000000
11100000
00100000
11101111
00001000
00001111
00000000

TIL y
00111110
00100010
11111110
00100000
11100011
00000010
00000011
00000000

TIL z
00111100
01100110
01000011
01000010
11000011
01000010
11000010
01000010

TIL 1a
10000000
10011000
01100100
00001000
00010000
00010000
00001000
00000111

TIL 1d
10000000
10000000
01000000
01000000
00100000
00100000
01000000
10000000

TIL 1e
00000000
00000000
01000100
00001010
00000000
00100000
01010000
00000010

TIL 1f
00000000
00111100
01000010
10111101
11111111
11111111
01111110
00111100

TIL 1b
00000000
00000000
01110110
10001001
10000001
10000110
01111000
00000000

TIL 1c
00000000
00000110
00001001
00111001
01001001
01000001
01000010
00111100

TIL 1g
00111111
01000000
10000000
00000000
00000000
00000000
00000000
00000000

TIL 1h
10000000
01000000
00100000
00000000
00000000
00000000
00000000
00000000

TIL 1i
00000000
00000000
00000000
00000000
00000000
00010000
10000100
00100000
>
00000000
00000000
00000000
00000000
00000000
00000000
00100000
10001000

TIL 1j
00000000
00000000
00000001
00000000
01000000
00000000
00001000
00000000

TIL 1k
00101010
00100010
00100000
00110000
00100000
00100010
00000110
00000010

SPR 10
00111100
11111111
11111111
11111111
11111111
01000010
01111110
01000010
POS 3 8,9

SPR 11
11111111
11000111
10001111
11111100
11111111
01000000
01111111
01000000
POS 3 10,11

SPR 13
11111111
11110111
11100011
01100111
11111111
00000010
11111110
00000010
POS 3 11,11

SPR 14
00000000
01111110
11000011
01000010
11000011
11000111
11000011
11000011
POS 2 7,3

SPR 15
00000000
00000000
00111100
01111110
01011010
01111110
00011000
00111100
POS 3 8,8

SPR 16
00000000
00011110
00111111
01110101
11111111
11110100
11101110
11101110
POS 3 4,8

SPR 17
00000000
00001110
00011111
11111111
00111111
00101101
00111111
00001100
POS 3 10,8

SPR 18
00011000
00011000
00111100
01011010
01111110
00111100
01111110
01111110
POS 3 8,5

SPR 19
00000000
00000000
01010100
01111100
01010100
01111100
00111000
01111100
POS 3 6,5

SPR 20
00000000
11000011
01100110
00111100
00011000
00000000
00000000
00000000
>
00000000
00000000
00000000
01111110
11011011
10000001
00000000
00000000
POS 7 9,13

SPR 21
00000000
11000011
01100110
00111100
00011000
00000000
00000000
00000000
>
00000000
00000000
00000000
01111110
11011011
10000001
00000000
00000000
POS 7 1,1

SPR 22
00000000
00100000
01111111
11111111
01111111
00101100
00001100
00001100
POS 8 7,3

SPR 23
00000000
11000011
01100110
00111100
00011000
00000000
00000000
00000000
>
00000000
00000000
00000000
01111110
11011011
10000001
00000000
00000000

SPR 24
00000000
11000011
01100110
00111100
00011000
00000000
00000000
00000000
>
00000000
00000000
00000000
01111110
11011011
10000001
00000000
00000000
POS 8 1,7

SPR 25
00000000
11111111
11111111
11111111
11111111
01000010
01111110
01000010
POS 9 4,6

SPR 26
00000000
11111111
11111111
11111111
11111111
01000010
01111110
01000010
POS 9 6,6

SPR 27
00000000
11111111
11111111
11111111
11111111
01000010
01111110
01000010
POS 9 8,6

SPR 28
00000000
11111111
11111111
11111111
11111111
01000010
01111110
01000010
POS 9 10,6

SPR 29
00000000
11111111
11111111
11111111
11111111
01000010
01111110
01000010
POS 9 10,9

SPR A
00000000
00111000
01010100
01111100
00111000
01111100
10111010
00101000
POS 3 4,5

SPR a
00011001
00011010
00111100
01011000
00111100
01111110
01111110
00011000
>
00011010
00011010
00111100
01011000
00111100
01111110
01111110
00011000
POS 2 7,11

SPR b
00000000
11111111
11000111
10001111
11111111
01000010
01111110
01000010
POS 2 4,6

SPR c
00000000
11111111
11100011
11110001
11111111
01000010
01111110
01000010
POS 2 6,9

SPR d
00011110
11111111
11100011
11111111
11111111
01000010
01111110
01000010
POS 2 10,9

SPR e
01111110
11111111
11111111
11111111
11111111
01000010
01111110
01000010
POS 2 8,6

SPR f
00000000
11111111
11111111
11111111
11111111
01000010
01111110
01000010
POS 2 10,6

SPR g
11001110
11111111
11111111
11111111
11111111
01000010
01111110
01000010
POS 2 4,9

SPR h
00111100
11111111
11111111
11111111
11111111
01000010
01111110
01000010
POS 2 8,9

SPR i
01111100
11111111
11111111
11100001
11111111
01000010
01111110
01000010
POS 2 6,6

SPR j
11111111
11000111
10001111
11111100
11111111
01000000
01111111
01000000
POS 2 10,11

SPR k
11111111
11110111
11100011
01100111
11111111
00000010
11111110
00000010
POS 2 11,11

SPR n
00000000
00000000
00111100
01111110
01011010
01111110
00011000
00111100
POS 2 8,8

SPR o
00011000
00011000
00111100
01011010
01111110
00111100
01111110
01111110
POS 2 8,5

SPR p
00000000
00001110
00011111
11111111
00111111
00101101
00111111
00001100
POS 2 10,8

SPR q
00000000
00011110
00111111
01110101
11111111
11110100
11101110
11101110
POS 2 4,8

SPR r
00000000
00000000
01010100
01111100
01010100
01111100
00111000
01111100
POS 2 6,5

SPR t
00011001
00011010
00111100
01011000
00111100
01111110
01111110
00011000
>
00011010
00011010
00111100
01011000
00111100
01111110
01111110
00011000
POS 3 7,11

SPR u
00000000
11111111
11000111
10001111
11111111
01000010
01111110
01000010
POS 3 4,6

SPR v
00000000
11111111
11100011
11110001
11111111
01000010
01111110
01000010
POS 3 6,9

SPR w
00011110
11111111
11100011
11111111
11111111
01000010
01111110
01000010
POS 3 10,9

SPR x
01111110
11111111
11111111
11111111
11111111
01000010
01111110
01000010
POS 3 8,6

SPR y
00000000
11111111
11111111
11111111
11111111
01000010
01111110
01000010
POS 3 10,6

SPR z
11001110
11111111
11111111
11111111
11111111
01000010
01111110
01000010
POS 3 4,9

SPR 1b
01111100
11111111
11111111
11100001
11111111
01000010
01111110
01000010
POS 3 6,6

SPR 1c
00000000
01111110
11000011
01000010
11000011
11000111
11000011
11000011
>
01111110
10000001
10111101
10111101
10111101
10111001
10111101
10111101
POS 3 7,3

SPR 1d
00000000
11111111
11111111
11111111
11111111
01000010
01111110
01000010
POS 4 4,6

SPR 1e
00000000
00000000
11111111
00000000
11111111
11100111
11101111
11100111
POS 4 7,3

SPR 1f
00000000
01001000
01111000
01111000
00110011
00111001
00111101
00111111
>
00000000
01001000
01111000
01111001
00110001
00111001
00111101
00111111
POS 4 6,5

SPR 1g
00100100
00011000
11011011
01111110
00111100
00011000
10111000
01011000
>
00100100
00011000
00011000
11111111
00111100
00011000
00111000
11011000
POS 4 7,11

SPR 1h
00000000
00000100
11111110
11111111
11111110
00110100
00110000
00110000
POS 4 14,8

SPR 1i
00000000
00000000
00000000
00000000
00001110
00011111
00111111
01111111
POS 4 8,5

SPR 1j
00000000
01110111
01011101
01110111
00001000
00001000
10101000
01010000
>
00000000
00000000
01110111
01011101
01110111
00001000
01001000
10110000
POS 4 8,7

SPR 1k
00000000
00101000
00010000
01111100
00111000
00010000
00000000
00000000
>
00000000
00101000
00010000
00111000
01111100
00010000
00000000
00000000
POS 4 3,10

SPR 1l
00000000
11111000
11111100
11101110
00101010
10101010
00101010
11101010
POS 4 11,11

SPR 1m
00000000
00001111
00011111
00111011
00101010
00101010
00101010
00101011
POS 4 10,11

SPR 1n
10010100
10000100
10010100
10010000
11111110
10010101
11111111
11111111
>
10010100
10010100
10000100
10010100
11111010
00010101
11111111
11111111
POS 5 8,9

SPR 1o
00010100
00010000
00000100
00010100
00111111
01010100
01111111
01111111
>
00010100
00010100
00010000
00000100
00111111
01010100
01111111
01111111
POS 5 7,9

SPR 1p
00000000
00000000
00000110
00001001
00010010
00010101
00010000
00000100
>
00000000
00000000
00000110
00001001
00010010
00000101
00010100
00010100
POS 5 7,8

SPR 1q
00000000
00000000
00110000
01001000
10100100
11010000
10010100
10010100
>
00000000
00000000
00110000
01001000
10100100
11010100
10010000
10010100
POS 5 8,8

SPR 1r
10101010
01000100
01010100
00111000
00010000
01010100
00111000
00010000
POS 5 10,6

SPR 1s
11111111
10000001
10101101
10000001
11111111
00011000
00011000
00011000
POS 5 5,8

SPR 1t
00000000
00101000
00010000
01111100
00111000
00010000
00000000
00000000
>
00000000
00101000
00010000
00111000
01111100
00010000
00000000
00000000
POS 5 13,10

SPR 1u
00000000
00101000
00010000
01111100
00111000
00010000
00000000
00000000
>
00000000
00101000
00010000
00111000
01111100
00010000
00000000
00000000
POS 5 2,7

SPR 1v
00101010
00110110
00011100
00101010
00011100
00001000
00001000
00000000
POS 5 6,11

SPR 1w
00000000
11100000
01101110
00001010
00001110
00000100
00001110
00000100
>
00000000
00000000
01101110
11101010
00001110
00000100
00001110
00000100
POS 5 8,5

SPR 1x
00000000
00000100
11111110
11111111
11111110
00110100
00110000
00110000
POS 6 7,9

SPR 1y
00000000
00000000
00000000
00111100
01000010
10000001
00000000
00000000
POS 7 9,9

SPR 1z
00000000
11000011
01100110
00111100
00011000
00000000
00000000
00000000
>
00000000
00000000
00000000
01111110
11011011
10000001
00000000
00000000
POS 7 5,6

SPR 2a
00000000
11111111
11111111
11111111
11111111
01000010
01111110
01000010
POS 9 8,9

SPR 2b
00000000
11111111
11111111
11111111
11111111
01000010
01111110
01000010
POS 9 6,9

SPR 2c
00000000
11111111
11111111
11111111
11111111
01000010
01111110
01000010
POS 9 4,9

SPR 2d
00000000
11111111
11111111
11111111
11111111
00000010
11111110
00000010
POS 9 11,11

SPR 2e
00000000
11111111
11111111
11111111
11111111
01000000
01111111
01000000
POS 9 10,11

SPR 2f
01100000
01101000
01001000
11111000
11101000
11101000
11101100
10101110
>
01100000
01101000
01001000
11111000
11101000
11100100
11100110
10100111
POS 9 6,5

SPR 2g
00000000
01111110
11000011
01000010
11000011
11000111
11000011
11000011
POS 9 7,3

SPR 2h
00000000
00000000
00001110
10101001
01001101
01000001
01111110
00000000
POS 6 13,12

SPR 2i
00110110
01001001
00011100
10100010
11000101
10100010
00011100
00000000
>
01000001
00110110
00001000
00011100
10100010
11000101
10100010
00011100
POS 8 5,11

SPR 2j
01000010
00111100
01000010
01101010
01010010
01000010
00100100
00011000
POS 7 11,5

SPR 2k
00000000
00000000
00000000
00111100
01000010
10000001
00000000
00000000
POS 7 6,10

SPR 2l
00000000
00000000
00000000
11000010
00100010
00010100
00010100
00010100
>
00000000
00000000
00000000
00000000
11000011
00100100
00010100
00010100
POS 8 14,6

SPR 2m
00000000
00000000
01100000
11110001
00010010
00010100
00010100
00010100
>
00000000
00000000
00000000
01100000
11110001
00010010
00010100
00010100
POS 8 13,6

SPR 2n
00000000
00100100
00111100
01000010
01100110
01011010
01000010
111111110
>
00100100
00111100
01000010
01100110
01011010
01000010
01000010
11111111
POS 6 5,6

SPR 2o
00101010
00010100
00001000
00101010
01011101
00001000
00001000
00001000
>
00000000
00101010
00010100
00001000
00101010
01011101
00001000
00001000
POS 6 3,11

DLG 11
The teachers desk... Who knows what's inside

DLG 13
Frederick gave our teacher an apple today. What a nerd

DLG 14
Teacher: Where do you think you're going? Sit down now!

DLG 15
Be quiet. I'm trying to get my education

DLG 16
I am like, sooo bored

DLG 17
'Sup

DLG 18
I've failed this class like five times

DLG 19
Hey, you bored too?

DLG 20
*Chirp*

DLG 21
*Coo*

DLG 22
"Back to Reality" 

DLG 23
*Squawk*

DLG 24
*psst. You're day-dreaming*

DLG a
I said sit down!

DLG j
The teachers desk... Who knows what's inside

DLG k
Frederick gave our teacher an apple today. What a nerd

DLG l
Teacher: Where do you think you're going? Sit down now!

DLG m


DLG n
Didn't you hear the teacher? Sit down.

DLG e


DLG o
Wow, even I have never seen Teacher this angry

DLG p
Duuuude

DLG r
You should probably sit down now

DLG q
L.O.L. She was like soooo angry.

DLG b
My desk

DLG s
Teacher: Where do you think you're going. Sit down now!

DLG t
Blah blah blah...

DLG u
My desk

DLG 1c
Teacher: Where do you think you're going? Sit down now!

DLG 1d
Where am I?

DLG 1e
The door shrunk! I can't get out this way

DLG 1f
My friend turned into a cat!? Something weird is going on

DLG 1g
My teacher turned into a monster!?

DLG 1h
The sign points east

DLG 1i
A rock? Where did Bruce go?

DLG 1j
Looks like Frederick is still a bookworm

DLG 1k
A butterfly?

DLG 1l
A treasure chest!

DLG 1m
A treasure chest!

DLG 1n
What a beautiful fountain

DLG 1o
What a beautiful fountain

DLG 1r
What a nice flower

DLG 1s
"Welcome to the Garden of Reverie"

DLG 1v
Mmm.. this flower smells good

DLG 1w
A little fuzzy bumblebee

DLG 1x
A castle? Is this even real life?

DLG 1y
Hmm... I seem to be in the clouds... 

DLG 1z
*Tweet*

DLG 2f
Janitor: Glad you woke up. School ended an hour ago

DLG 2h
A really big snail

DLG 2i
A flying fish?

DLG 2j
Hoot Hoot

DLG 2k
Whew.. That was a long climb

DLG 2l
Ssss... I'm a Snek

DLG 2n
I think it's a gopher

DLG 2o
This flower seems to love dancing

END 0


END undefined
What an unusual daydream. I hope I didn't miss anything.

END undefinee


