
dru-HIC-nk bee

# BITSY VERSION 4.8

! ROOM_FORMAT 1

PAL 0
228,201,240
251,222,253
188,255,206
254,232,190

PAL 1
254,232,190
255,255,255
255,255,255

ROOM 0
0,0,0,0,0,0,0,0,0,0,0,0,0,0,0,0
0,a,a,a,a,a,a,a,a,a,a,a,a,a,a,0
0,a,0,0,0,0,0,0,0,0,0,0,0,0,a,0
0,a,0,0,0,0,0,0,0,0,0,0,0,0,a,0
0,a,0,0,0,0,0,0,0,0,0,0,0,0,a,0
0,a,0,0,0,0,0,0,0,0,0,0,0,0,a,0
0,a,0,0,0,0,0,0,0,0,0,0,0,0,a,0
0,a,0,0,0,0,0,0,0,0,0,0,0,0,a,0
0,a,0,0,0,0,0,0,0,0,0,0,0,0,a,0
0,a,0,0,0,0,0,0,0,0,0,0,0,0,a,0
0,a,0,0,0,0,0,0,0,0,0,0,0,0,a,0
0,a,0,0,0,0,0,0,0,0,0,0,0,0,a,0
0,a,0,0,0,0,0,0,0,0,0,0,0,0,a,0
0,a,0,0,0,0,0,0,0,0,0,0,0,0,a,0
0,a,a,a,a,a,a,a,a,a,a,a,a,a,a,0
0,0,0,0,0,0,0,0,0,0,0,0,0,0,0,0
PAL 0

ROOM 1
0,0,0,0,0,0,0,0,0,0,0,0,0,0,0,0
0,0,0,0,0,0,0,0,0,0,0,0,0,0,0,0
0,0,0,0,0,0,0,0,0,0,0,0,0,0,0,0
0,0,0,0,0,0,0,0,0,0,0,0,0,0,0,0
0,0,0,0,0,0,0,0,0,0,1d,1c,0,0,0,0
0,0,0,0,0,0,0,0,0,0,1e,1b,1f,1g,1h,1i
0,0,0,0,0,0,0,0,12,13,0,1a,0,0,0,0
0,0,0,0,0,0,0,0,11,10,z,y,0,0,0,0
0,0,0,0,0,0,0,0,0,14,19,x,0,0,0,0
0,0,0,0,0,0,0,0,18,15,0,w,0,0,0,0
0,0,0,0,0,0,0,0,17,16,0,v,0,0,0,0
0,0,b,c,d,0,0,k,l,m,n,o,0,0,0,0
0,1k,1j,1l,e,0,0,j,0,0,0,p,u,0,0,0
1s,1m,1n,1o,f,g,h,i,0,0,0,q,t,0,0,0
1r,1p,0,0,0,0,0,0,0,0,0,r,s,0,0,0
0,1q,0,0,0,0,0,0,0,0,0,0,0,0,0,0
EXT 1,12 1g 1,12
EXT 2,11 1g 1,12
EXT 3,12 1g 1,12
EXT 2,13 1g 1,12
END undefined 0,12
PAL 0

ROOM 2
0,0,0,0,0,0,0,0,0,0,0,0,0,0,0,0
0,0,0,0,0,0,0,0,0,0,0,0,0,0,0,0
0,0,0,0,0,0,0,0,0,0,0,0,0,0,0,0
0,0,0,0,0,0,0,0,0,0,0,0,0,0,0,0
0,0,0,0,0,0,0,0,0,0,1d,1c,0,0,0,0
0,0,0,0,0,0,0,0,0,0,1e,1b,1f,1g,1h,1i
0,0,0,0,0,0,0,0,12,13,0,1a,0,0,0,0
0,0,0,0,0,0,0,0,11,10,z,y,0,0,0,0
0,0,0,0,0,0,0,0,0,14,19,x,0,0,0,0
0,0,0,0,0,0,0,0,18,15,0,w,0,0,0,0
0,0,0,0,0,0,0,0,17,16,0,v,0,0,0,0
0,0,0,c,d,0,0,k,l,m,n,o,0,0,0,0
0,1k,1j,1l,e,0,0,j,0,0,0,p,u,0,0,0
1s,1m,1n,1o,f,g,h,i,0,0,0,q,t,0,0,0
1r,1p,0,0,0,0,0,0,0,0,0,r,s,0,0,0
0,1q,0,0,0,0,0,0,0,0,0,0,0,0,0,0
EXT 2,12 1 2,12
EXT 2,10 1 2,12
EXT 3,11 1 2,12
EXT 1,11 1 2,12
PAL 0

ROOM 3
0,0,0,0,0,0,0,0,0,0,0,0,0,0,0,0
0,0,0,0,0,0,0,0,0,0,0,0,0,0,0,0
0,0,0,0,0,0,0,0,0,0,0,0,0,0,0,0
0,0,0,0,0,0,0,0,0,0,0,0,0,0,0,0
0,0,0,0,0,0,0,0,0,0,1d,1c,0,0,0,0
0,0,0,0,0,0,0,0,0,0,1e,1b,1f,1g,1h,1i
0,0,0,0,0,0,0,0,12,13,0,1a,0,0,0,0
0,0,0,0,0,0,0,0,11,10,z,y,0,0,0,0
0,0,0,0,0,0,0,0,0,14,19,x,0,0,0,0
0,0,0,0,0,0,0,0,18,15,0,w,0,0,0,0
0,0,0,0,0,0,0,0,17,16,0,v,0,0,0,0
0,0,0,0,d,0,0,k,l,m,n,o,0,0,0,0
0,1k,1j,1l,e,0,0,j,0,0,0,p,u,0,0,0
1s,1m,1n,1o,f,g,h,i,0,0,0,q,t,0,0,0
1r,1p,0,0,0,0,0,0,0,0,0,r,s,0,0,0
0,1q,0,0,0,0,0,0,0,0,0,0,0,0,0,0
EXT 2,11 2 2,11
EXT 3,10 2 2,11
EXT 4,11 2 2,11
EXT 3,12 2 2,11
PAL 0

ROOM 4
0,0,0,0,0,0,0,0,0,0,0,0,0,0,0,0
0,0,0,0,0,0,0,0,0,0,0,0,0,0,0,0
0,0,0,0,0,0,0,0,0,0,0,0,0,0,0,0
0,0,0,0,0,0,0,0,0,0,0,0,0,0,0,0
0,0,0,0,0,0,0,0,0,0,1d,1c,0,0,0,0
0,0,0,0,0,0,0,0,0,0,1e,1b,1f,1g,1h,1i
0,0,0,0,0,0,0,0,12,13,0,1a,0,0,0,0
0,0,0,0,0,0,0,0,11,10,z,y,0,0,0,0
0,0,0,0,0,0,0,0,0,14,19,x,0,0,0,0
0,0,0,0,0,0,0,0,18,15,0,w,0,0,0,0
0,0,0,0,0,0,0,0,17,16,0,v,0,0,0,0
0,0,0,0,0,0,0,k,l,m,n,o,0,0,0,0
0,1k,1j,1l,e,0,0,j,0,0,0,p,u,0,0,0
1s,1m,1n,1o,f,g,h,i,0,0,0,q,t,0,0,0
1r,1p,0,0,0,0,0,0,0,0,0,r,s,0,0,0
0,1q,0,0,0,0,0,0,0,0,0,0,0,0,0,0
EXT 3,11 3 3,11
EXT 4,10 3 3,11
EXT 5,11 3 3,11
EXT 4,12 3 3,11
PAL 0

ROOM 5
0,0,0,0,0,0,0,0,0,0,0,0,0,0,0,0
0,0,0,0,0,0,0,0,0,0,0,0,0,0,0,0
0,0,0,0,0,0,0,0,0,0,0,0,0,0,0,0
0,0,0,0,0,0,0,0,0,0,0,0,0,0,0,0
0,0,0,0,0,0,0,0,0,0,1d,1c,0,0,0,0
0,0,0,0,0,0,0,0,0,0,1e,1b,1f,1g,1h,1i
0,0,0,0,0,0,0,0,12,13,0,1a,0,0,0,0
0,0,0,0,0,0,0,0,11,10,z,y,0,0,0,0
0,0,0,0,0,0,0,0,0,14,19,x,0,0,0,0
0,0,0,0,0,0,0,0,18,15,0,w,0,0,0,0
0,0,0,0,0,0,0,0,17,16,0,v,0,0,0,0
0,0,0,0,0,0,0,k,l,m,n,o,0,0,0,0
0,1k,1j,1l,0,0,0,j,0,0,0,p,u,0,0,0
1s,1m,1n,1o,f,g,h,i,0,0,0,q,t,0,0,0
1r,1p,0,0,0,0,0,0,0,0,0,r,s,0,0,0
0,1q,0,0,0,0,0,0,0,0,0,0,0,0,0,0
EXT 4,11 4 4,11
EXT 5,12 4 4,11
EXT 4,13 4 4,11
EXT 3,12 4 4,11
PAL 0

ROOM 6
0,0,0,0,0,0,0,0,0,0,0,0,0,0,0,0
0,0,0,0,0,0,0,0,0,0,0,0,0,0,0,0
0,0,0,0,0,0,0,0,0,0,0,0,0,0,0,0
0,0,0,0,0,0,0,0,0,0,0,0,0,0,0,0
0,0,0,0,0,0,0,0,0,0,1d,1c,0,0,0,0
0,0,0,0,0,0,0,0,0,0,1e,1b,1f,1g,1h,1i
0,0,0,0,0,0,0,0,12,13,0,1a,0,0,0,0
0,0,0,0,0,0,0,0,11,10,z,y,0,0,0,0
0,0,0,0,0,0,0,0,0,14,19,x,0,0,0,0
0,0,0,0,0,0,0,0,18,15,0,w,0,0,0,0
0,0,0,0,0,0,0,0,17,16,0,v,0,0,0,0
0,0,0,0,0,0,0,k,l,m,n,o,0,0,0,0
0,1k,1j,1l,0,0,0,j,0,0,0,p,u,0,0,0
1s,1m,1n,1o,0,g,h,i,0,0,0,q,t,0,0,0
1r,1p,0,0,0,0,0,0,0,0,0,r,s,0,0,0
0,1q,0,0,0,0,0,0,0,0,0,0,0,0,0,0
EXT 4,12 5 4,12
EXT 5,13 5 4,12
EXT 3,13 5 4,12
EXT 4,14 5 4,12
PAL 0

ROOM 7
0,0,0,0,0,0,0,0,0,0,0,0,0,0,0,0
0,0,0,0,0,0,0,0,0,0,0,0,0,0,0,0
0,0,0,0,0,0,0,0,0,0,0,0,0,0,0,0
0,0,0,0,0,0,0,0,0,0,0,0,0,0,0,0
0,0,0,0,0,0,0,0,0,0,1d,1c,0,0,0,0
0,0,0,0,0,0,0,0,0,0,1e,1b,1f,1g,1h,1i
0,0,0,0,0,0,0,0,12,13,0,1a,0,0,0,0
0,0,0,0,0,0,0,0,11,10,z,y,0,0,0,0
0,0,0,0,0,0,0,0,0,14,19,x,0,0,0,0
0,0,0,0,0,0,0,0,18,15,0,w,0,0,0,0
0,0,0,0,0,0,0,0,17,16,0,v,0,0,0,0
0,0,0,0,0,0,0,k,l,m,n,o,0,0,0,0
0,1k,1j,1l,0,0,0,j,0,0,0,p,u,0,0,0
1s,1m,1n,1o,0,0,h,i,0,0,0,q,t,0,0,0
1r,1p,0,0,0,0,0,0,0,0,0,r,s,0,0,0
0,1q,0,0,0,0,0,0,0,0,0,0,0,0,0,0
EXT 4,13 6 4,13
EXT 5,12 6 4,13
EXT 6,13 6 4,13
EXT 5,14 6 4,13
PAL 0

ROOM 8
0,0,0,0,0,0,0,0,0,0,0,0,0,0,0,0
0,0,0,0,0,0,0,0,0,0,0,0,0,0,0,0
0,0,0,0,0,0,0,0,0,0,0,0,0,0,0,0
0,0,0,0,0,0,0,0,0,0,0,0,0,0,0,0
0,0,0,0,0,0,0,0,0,0,1d,1c,0,0,0,0
0,0,0,0,0,0,0,0,0,0,1e,1b,1f,1g,1h,1i
0,0,0,0,0,0,0,0,12,13,0,1a,0,0,0,0
0,0,0,0,0,0,0,0,11,10,z,y,0,0,0,0
0,0,0,0,0,0,0,0,0,14,19,x,0,0,0,0
0,0,0,0,0,0,0,0,18,15,0,w,0,0,0,0
0,0,0,0,0,0,0,0,17,16,0,v,0,0,0,0
0,0,0,0,0,0,0,k,l,m,n,o,0,0,0,0
0,1k,1j,1l,0,0,0,j,0,0,0,p,u,0,0,0
1s,1m,1n,1o,0,0,0,i,0,0,0,q,t,0,0,0
1r,1p,0,0,0,0,0,0,0,0,0,r,s,0,0,0
0,1q,0,0,0,0,0,0,0,0,0,0,0,0,0,0
EXT 5,13 7 5,13
EXT 6,12 7 5,13
EXT 7,13 7 5,13
EXT 6,14 7 5,13
PAL 0

ROOM 9
0,0,0,0,0,0,0,0,0,0,0,0,0,0,0,0
0,0,0,0,0,0,0,0,0,0,0,0,0,0,0,0
0,0,0,0,0,0,0,0,0,0,0,0,0,0,0,0
0,0,0,0,0,0,0,0,0,0,0,0,0,0,0,0
0,0,0,0,0,0,0,0,0,0,1d,1c,0,0,0,0
0,0,0,0,0,0,0,0,0,0,1e,1b,1f,1g,1h,1i
0,0,0,0,0,0,0,0,12,13,0,1a,0,0,0,0
0,0,0,0,0,0,0,0,11,10,z,y,0,0,0,0
0,0,0,0,0,0,0,0,0,14,19,x,0,0,0,0
0,0,0,0,0,0,0,0,18,15,0,w,0,0,0,0
0,0,0,0,0,0,0,0,17,16,0,v,0,0,0,0
0,0,0,0,0,0,0,k,l,m,n,o,0,0,0,0
0,1k,1j,1l,0,0,0,j,0,0,0,p,u,0,0,0
1s,1m,1n,1o,0,0,0,0,0,0,0,q,t,0,0,0
1r,1p,0,0,0,0,0,0,0,0,0,r,s,0,0,0
0,1q,0,0,0,0,0,0,0,0,0,0,0,0,0,0
EXT 6,13 8 6,13
EXT 7,12 8 6,13
EXT 7,14 8 6,13
EXT 8,13 8 6,13
PAL 0

ROOM 10
0,0,0,0,0,0,0,0,0,0,0,0,0,0,0,0
0,0,0,0,0,0,0,0,0,0,0,0,0,0,0,0
0,0,0,0,0,0,0,0,0,0,0,0,0,0,0,0
0,0,0,0,0,0,0,0,0,0,0,0,0,0,0,0
0,0,0,0,0,0,0,0,0,0,1d,1c,0,0,0,0
0,0,0,0,0,0,0,0,0,0,1e,1b,1f,1g,1h,1i
0,0,0,0,0,0,0,0,0,0,0,1a,0,0,0,0
0,0,0,0,0,0,0,0,0,0,0,1u,0,0,0,0
0,0,0,0,0,0,0,0,0,1w,19,0,0,0,0,0
0,0,0,0,0,0,0,0,18,1z,0,0,0,0,0,0
0,0,0,0,0,0,0,0,17,0,0,0,0,0,0,0
0,0,0,0,0,0,0,0,0,0,0,0,0,0,0,0
0,1k,1j,1l,0,0,0,0,0,0,0,0,0,0,0,0
1s,1m,1n,1o,0,0,0,0,0,0,0,0,0,0,0,0
1r,1p,0,0,0,0,0,0,0,0,0,0,0,0,0,0
0,1q,0,0,0,0,0,0,0,0,0,0,0,0,0,0
EXT 9,9 z 9,9
EXT 10,10 z 9,9
EXT 8,10 z 9,9
EXT 9,11 z 9,9
PAL 0

ROOM 11
0,0,0,0,0,0,0,0,0,0,0,0,0,0,0,0
0,0,0,0,0,0,0,0,0,0,0,0,0,0,0,0
0,0,0,0,0,0,0,0,0,0,0,0,0,0,0,0
0,0,0,0,0,0,0,0,0,0,0,0,0,0,0,0
0,0,0,0,0,0,0,0,0,0,1d,1c,0,0,0,0
0,0,0,0,0,0,0,0,0,0,1e,1b,1f,1g,1h,1i
0,0,0,0,0,0,0,0,0,0,0,1a,0,0,0,0
0,0,0,0,0,0,0,0,0,0,0,1u,0,0,0,0
0,0,0,0,0,0,0,0,0,1w,19,0,0,0,0,0
0,0,0,0,0,0,0,0,18,1z,0,0,0,0,0,0
0,0,0,0,0,0,0,0,0,0,0,0,0,0,0,0
0,0,0,0,0,0,0,0,0,0,0,0,0,0,0,0
0,1k,1j,1l,0,0,0,0,0,0,0,0,0,0,0,0
1s,1m,1n,1o,0,0,0,0,0,0,0,0,0,0,0,0
1r,1p,0,0,0,0,0,0,0,0,0,0,0,0,0,0
0,1q,0,0,0,0,0,0,0,0,0,0,0,0,0,0
EXT 9,10 10 9,10
EXT 8,9 10 9,10
EXT 7,10 10 9,10
EXT 8,11 10 9,10
PAL 0

ROOM 12
0,0,0,0,0,0,0,0,0,0,0,0,0,0,0,0
0,0,0,0,0,0,0,0,0,0,0,0,0,0,0,0
0,0,0,0,0,0,0,0,0,0,0,0,0,0,0,0
0,0,0,0,0,0,0,0,0,0,0,0,0,0,0,0
0,0,0,0,0,0,0,0,0,0,1d,1c,0,0,0,0
0,0,0,0,0,0,0,0,0,0,1e,1b,1f,1g,1h,1i
0,0,0,0,0,0,0,0,0,0,0,1a,0,0,0,0
0,0,0,0,0,0,0,0,0,0,0,1u,0,0,0,0
0,0,0,0,0,0,0,0,0,1w,19,0,0,0,0,0
0,0,0,0,0,0,0,0,0,0,0,0,0,0,0,0
0,0,0,0,0,0,0,0,0,0,0,0,0,0,0,0
0,0,0,0,0,0,0,0,0,0,0,0,0,0,0,0
0,1k,1j,1l,0,0,0,0,0,0,0,0,0,0,0,0
1s,1m,1n,1o,0,0,0,0,0,0,0,0,0,0,0,0
1r,1p,0,0,0,0,0,0,0,0,0,0,0,0,0,0
0,1q,0,0,0,0,0,0,0,0,0,0,0,0,0,0
EXT 8,10 11 8,10
EXT 8,8 11 8,10
EXT 7,9 11 8,10
EXT 9,9 11 8,10
PAL 0

ROOM 13
0,0,0,0,0,0,0,0,0,0,0,0,0,0,0,0
0,0,0,0,0,0,0,0,0,0,0,0,0,0,0,0
0,0,0,0,0,0,0,0,0,0,0,0,0,0,0,0
0,0,0,0,0,0,0,0,0,0,0,0,0,0,0,0
0,0,0,0,0,0,0,0,0,0,1d,1c,0,0,0,0
0,0,0,0,0,0,0,0,0,0,1e,1b,1f,1g,1h,1i
0,0,0,0,0,0,0,0,0,0,0,1a,0,0,0,0
0,0,0,0,0,0,0,0,0,0,0,1u,0,0,0,0
0,0,0,0,0,0,0,0,0,0,19,0,0,0,0,0
0,0,0,0,0,0,0,0,0,0,0,0,0,0,0,0
0,0,0,0,0,0,0,0,0,0,0,0,0,0,0,0
0,0,0,0,0,0,0,0,0,0,0,0,0,0,0,0
0,1k,1j,1l,0,0,0,0,0,0,0,0,0,0,0,0
1s,1m,1n,1o,0,0,0,0,0,0,0,0,0,0,0,0
1r,1p,0,0,0,0,0,0,0,0,0,0,0,0,0,0
0,1q,0,0,0,0,0,0,0,0,0,0,0,0,0,0
EXT 8,8 12 8,9
EXT 9,7 12 8,9
EXT 10,8 12 8,9
EXT 9,9 12 8,9
PAL 0

ROOM 14
0,0,0,0,0,0,0,0,0,0,0,0,0,0,0,0
0,0,0,0,0,0,0,0,0,0,0,0,0,0,0,0
0,0,0,0,0,0,0,0,0,0,0,0,0,0,0,0
0,0,0,0,0,0,0,0,0,0,0,0,0,0,0,0
0,0,0,0,0,0,0,0,0,0,1d,1c,0,0,0,0
0,0,0,0,0,0,0,0,0,0,1e,1b,1f,1g,1h,1i
0,0,0,0,0,0,0,0,0,0,0,1a,0,0,0,0
0,0,0,0,0,0,0,0,0,0,0,1u,0,0,0,0
0,0,0,0,0,0,0,0,0,0,0,0,0,0,0,0
0,0,0,0,0,0,0,0,0,0,0,0,0,0,0,0
0,0,0,0,0,0,0,0,0,0,0,0,0,0,0,0
0,0,0,0,0,0,0,0,0,0,0,0,0,0,0,0
0,1k,1j,1l,0,0,0,0,0,0,0,0,0,0,0,0
1s,1m,1n,1o,0,0,0,0,0,0,0,0,0,0,0,0
1r,1p,0,0,0,0,0,0,0,0,0,0,0,0,0,0
0,1q,0,0,0,0,0,0,0,0,0,0,0,0,0,0
EXT 9,8 13 9,8
EXT 10,7 13 9,8
EXT 11,8 13 9,8
EXT 10,9 13 9,8
PAL 0

ROOM 15
0,0,0,0,0,0,0,0,0,0,0,0,0,0,0,0
0,0,0,0,0,0,0,0,0,0,0,0,0,0,0,0
0,0,0,0,0,0,0,0,0,0,0,0,0,0,0,0
0,0,0,0,0,0,0,0,0,0,0,0,0,0,0,0
0,0,0,0,0,0,0,0,0,0,1d,1c,0,0,0,0
0,0,0,0,0,0,0,0,0,0,1e,1b,1f,1g,1h,1i
0,0,0,0,0,0,0,0,0,0,0,1a,0,0,0,0
0,0,0,0,0,0,0,0,0,0,0,0,0,0,0,0
0,0,0,0,0,0,0,0,0,0,0,0,0,0,0,0
0,0,0,0,0,0,0,0,0,0,0,0,0,0,0,0
0,0,0,0,0,0,0,0,0,0,0,0,0,0,0,0
0,0,0,0,0,0,0,0,0,0,0,0,0,0,0,0
0,1k,1j,1l,0,0,0,0,0,0,0,0,0,0,0,0
1s,1m,1n,1o,0,0,0,0,0,0,0,0,0,0,0,0
1r,1p,0,0,0,0,0,0,0,0,0,0,0,0,0,0
0,1q,0,0,0,0,0,0,0,0,0,0,0,0,0,0
EXT 11,6 14 10,8
EXT 12,7 14 10,8
EXT 10,7 14 10,8
EXT 11,8 14 10,8
PAL 0

ROOM 16
0,0,0,0,0,0,0,0,0,0,0,0,0,0,0,0
0,0,0,0,0,0,0,0,0,0,0,0,0,0,0,0
0,0,0,0,0,0,0,0,0,0,0,0,0,0,0,0
0,0,0,0,0,0,0,0,0,0,0,0,0,0,0,0
0,0,0,0,0,0,0,0,0,0,1d,1c,0,0,0,0
0,0,0,0,0,0,0,0,0,0,1e,1b,1f,1g,1h,1i
0,0,0,0,0,0,0,0,0,0,0,0,0,0,0,0
0,0,0,0,0,0,0,0,0,0,0,0,0,0,0,0
0,0,0,0,0,0,0,0,0,0,0,0,0,0,0,0
0,0,0,0,0,0,0,0,0,0,0,0,0,0,0,0
0,0,0,0,0,0,0,0,0,0,0,0,0,0,0,0
0,0,0,0,0,0,0,0,0,0,0,0,0,0,0,0
0,1k,1j,1l,0,0,0,0,0,0,0,0,0,0,0,0
1s,1m,1n,1o,0,0,0,0,0,0,0,0,0,0,0,0
1r,1p,0,0,0,0,0,0,0,0,0,0,0,0,0,0
0,1q,0,0,0,0,0,0,0,0,0,0,0,0,0,0
EXT 11,7 15 11,7
EXT 10,6 15 11,7
EXT 11,5 15 11,7
EXT 12,6 15 11,7
PAL 0

ROOM 17
0,0,0,0,0,0,0,0,0,0,0,0,0,0,0,0
0,0,0,0,0,0,0,0,0,0,0,0,0,0,0,0
0,0,0,0,0,0,0,0,0,0,0,0,0,0,0,0
0,0,0,0,0,0,0,0,0,0,0,0,0,0,0,0
0,0,0,0,0,0,0,0,0,0,1d,1c,0,0,0,0
0,0,0,0,0,0,0,0,0,0,1e,1x,1f,1g,1h,1i
0,0,0,0,0,0,0,0,0,0,0,0,0,0,0,0
0,0,0,0,0,0,0,0,0,0,0,0,0,0,0,0
0,0,0,0,0,0,0,0,0,0,0,0,0,0,0,0
0,0,0,0,0,0,0,0,0,0,0,0,0,0,0,0
0,0,0,0,0,0,0,0,0,0,0,0,0,0,0,0
0,0,0,0,0,0,0,0,0,0,0,0,0,0,0,0
0,1k,1j,1l,0,0,0,0,0,0,0,0,0,0,0,0
1s,1m,1n,1o,0,0,0,0,0,0,0,0,0,0,0,0
1r,1p,0,0,0,0,0,0,0,0,0,0,0,0,0,0
0,1q,0,0,0,0,0,0,0,0,0,0,0,0,0,0
EXT 11,4 16 11,6
EXT 10,5 16 11,6
EXT 12,5 16 11,6
EXT 11,6 16 11,6
PAL 0

ROOM 18
0,0,0,0,0,0,0,0,0,0,0,0,0,0,0,0
0,0,0,0,0,0,0,0,0,0,0,0,0,0,0,0
0,0,0,0,0,0,0,0,0,0,0,0,0,0,0,0
0,0,0,0,0,0,0,0,0,0,0,0,0,0,0,0
0,0,0,0,0,0,0,0,0,0,1d,0,0,0,0,0
0,0,0,0,0,0,0,0,0,0,1e,1x,1f,1g,1h,1i
0,0,0,0,0,0,0,0,0,0,0,0,0,0,0,0
0,0,0,0,0,0,0,0,0,0,0,0,0,0,0,0
0,0,0,0,0,0,0,0,0,0,0,0,0,0,0,0
0,0,0,0,0,0,0,0,0,0,0,0,0,0,0,0
0,0,0,0,0,0,0,0,0,0,0,0,0,0,0,0
0,0,0,0,0,0,0,0,0,0,0,0,0,0,0,0
0,1k,1j,1l,0,0,0,0,0,0,0,0,0,0,0,0
1s,1m,1n,1o,0,0,0,0,0,0,0,0,0,0,0,0
1r,1p,0,0,0,0,0,0,0,0,0,0,0,0,0,0
0,1q,0,0,0,0,0,0,0,0,0,0,0,0,0,0
EXT 11,3 17 11,5
EXT 12,4 17 11,5
EXT 10,4 17 11,5
EXT 11,5 17 11,5
PAL 0

ROOM 19
0,0,0,0,0,0,0,0,0,0,0,0,0,0,0,0
0,0,0,0,0,0,0,0,0,0,0,0,0,0,0,0
0,0,0,0,0,0,0,0,0,0,0,0,0,0,0,0
0,0,0,0,0,0,0,0,0,0,0,0,0,0,0,0
0,0,0,0,0,0,0,0,0,0,0,0,0,0,0,0
0,0,0,0,0,0,0,0,0,0,1e,1x,1f,1g,1h,1i
0,0,0,0,0,0,0,0,0,0,0,0,0,0,0,0
0,0,0,0,0,0,0,0,0,0,0,0,0,0,0,0
0,0,0,0,0,0,0,0,0,0,0,0,0,0,0,0
0,0,0,0,0,0,0,0,0,0,0,0,0,0,0,0
0,0,0,0,0,0,0,0,0,0,0,0,0,0,0,0
0,0,0,0,0,0,0,0,0,0,0,0,0,0,0,0
0,1k,1j,1l,0,0,0,0,0,0,0,0,0,0,0,0
1s,1m,1n,1o,0,0,0,0,0,0,0,0,0,0,0,0
1r,1p,0,0,0,0,0,0,0,0,0,0,0,0,0,0
0,1q,0,0,0,0,0,0,0,0,0,0,0,0,0,0
EXT 10,3 18 11,4
EXT 9,4 18 11,4
EXT 11,4 18 11,4
EXT 10,5 18 11,4
PAL 0

ROOM a
0,0,0,0,0,0,0,0,0,0,0,0,0,0,0,0
0,0,0,0,0,0,0,0,0,0,0,0,0,0,0,0
0,0,0,0,0,0,0,0,0,0,0,0,0,0,0,0
0,0,0,0,0,0,0,0,0,0,0,0,0,0,0,0
0,0,0,0,0,0,0,0,0,0,1d,1c,0,0,0,0
0,0,0,0,0,0,0,0,0,0,1e,1b,1f,1g,1h,1i
0,0,0,0,0,0,0,0,12,13,0,1a,0,0,0,0
0,0,0,0,0,0,0,0,11,10,z,y,0,0,0,0
0,0,0,0,0,0,0,0,0,14,19,x,0,0,0,0
0,0,0,0,0,0,0,0,18,15,0,w,0,0,0,0
0,0,0,0,0,0,0,0,17,16,0,v,0,0,0,0
0,0,0,0,0,0,0,k,l,m,n,o,0,0,0,0
0,1k,1j,1l,0,0,0,0,0,0,0,p,u,0,0,0
1s,1m,1n,1o,0,0,0,0,0,0,0,q,t,0,0,0
1r,1p,0,0,0,0,0,0,0,0,0,r,s,0,0,0
0,1q,0,0,0,0,0,0,0,0,0,0,0,0,0,0
EXT 7,13 9 7,13
EXT 8,12 9 7,13
EXT 6,12 9 7,13
EXT 7,11 9 7,13
PAL 0

ROOM b
0,0,0,0,0,0,0,0,0,0,0,0,0,0,0,0
0,0,0,0,0,0,0,0,0,0,0,0,0,0,0,0
0,0,0,0,0,0,0,0,0,0,0,0,0,0,0,0
0,0,0,0,0,0,0,0,0,0,0,0,0,0,0,0
0,0,0,0,0,0,0,0,0,0,1d,1c,0,0,0,0
0,0,0,0,0,0,0,0,0,0,1e,1b,1f,1g,1h,1i
0,0,0,0,0,0,0,0,12,13,0,1a,0,0,0,0
0,0,0,0,0,0,0,0,11,10,z,y,0,0,0,0
0,0,0,0,0,0,0,0,0,14,19,x,0,0,0,0
0,0,0,0,0,0,0,0,18,15,0,w,0,0,0,0
0,0,0,0,0,0,0,0,17,16,0,v,0,0,0,0
0,0,0,0,0,0,0,0,l,m,n,o,0,0,0,0
0,1k,1j,1l,0,0,0,0,0,0,0,p,u,0,0,0
1s,1m,1n,1o,0,0,0,0,0,0,0,q,t,0,0,0
1r,1p,0,0,0,0,0,0,0,0,0,r,s,0,0,0
0,1q,0,0,0,0,0,0,0,0,0,0,0,0,0,0
EXT 7,12 a 7,12
EXT 6,11 a 7,12
EXT 8,11 a 7,12
EXT 7,10 a 7,12
PAL 0

ROOM c
0,0,0,0,0,0,0,0,0,0,0,0,0,0,0,0
0,0,0,0,0,0,0,0,0,0,0,0,0,0,0,0
0,0,0,0,0,0,0,0,0,0,0,0,0,0,0,0
0,0,0,0,0,0,0,0,0,0,0,0,0,0,0,0
0,0,0,0,0,0,0,0,0,0,1d,1c,0,0,0,0
0,0,0,0,0,0,0,0,0,0,1e,1b,1f,1g,1h,1i
0,0,0,0,0,0,0,0,12,13,0,1a,0,0,0,0
0,0,0,0,0,0,0,0,11,10,z,y,0,0,0,0
0,0,0,0,0,0,0,0,0,14,19,x,0,0,0,0
0,0,0,0,0,0,0,0,18,15,0,w,0,0,0,0
0,0,0,0,0,0,0,0,17,16,0,v,0,0,0,0
0,0,0,0,0,0,0,0,0,m,n,o,0,0,0,0
0,1k,1j,1l,0,0,0,0,0,0,0,p,u,0,0,0
1s,1m,1n,1o,0,0,0,0,0,0,0,q,t,0,0,0
1r,1p,0,0,0,0,0,0,0,0,0,r,s,0,0,0
0,1q,0,0,0,0,0,0,0,0,0,0,0,0,0,0
EXT 7,11 b 7,11
EXT 8,10 b 7,11
EXT 8,12 b 7,11
EXT 9,11 b 7,11
PAL 0

ROOM d
0,0,0,0,0,0,0,0,0,0,0,0,0,0,0,0
0,0,0,0,0,0,0,0,0,0,0,0,0,0,0,0
0,0,0,0,0,0,0,0,0,0,0,0,0,0,0,0
0,0,0,0,0,0,0,0,0,0,0,0,0,0,0,0
0,0,0,0,0,0,0,0,0,0,1d,1c,0,0,0,0
0,0,0,0,0,0,0,0,0,0,1e,1b,1f,1g,1h,1i
0,0,0,0,0,0,0,0,12,13,0,1a,0,0,0,0
0,0,0,0,0,0,0,0,11,10,z,y,0,0,0,0
0,0,0,0,0,0,0,0,0,14,19,x,0,0,0,0
0,0,0,0,0,0,0,0,18,15,0,w,0,0,0,0
0,0,0,0,0,0,0,0,17,16,0,v,0,0,0,0
0,0,0,0,0,0,0,0,0,0,n,o,0,0,0,0
0,1k,1j,1l,0,0,0,0,0,0,0,p,u,0,0,0
1s,1m,1n,1o,0,0,0,0,0,0,0,q,t,0,0,0
1r,1p,0,0,0,0,0,0,0,0,0,r,s,0,0,0
0,1q,0,0,0,0,0,0,0,0,0,0,0,0,0,0
EXT 8,11 c 8,11
EXT 9,10 c 8,11
EXT 10,11 c 8,11
EXT 9,12 c 8,11
PAL 0

ROOM e
0,0,0,0,0,0,0,0,0,0,0,0,0,0,0,0
0,0,0,0,0,0,0,0,0,0,0,0,0,0,0,0
0,0,0,0,0,0,0,0,0,0,0,0,0,0,0,0
0,0,0,0,0,0,0,0,0,0,0,0,0,0,0,0
0,0,0,0,0,0,0,0,0,0,1d,1c,0,0,0,0
0,0,0,0,0,0,0,0,0,0,1e,1b,1f,1g,1h,1i
0,0,0,0,0,0,0,0,12,13,0,1a,0,0,0,0
0,0,0,0,0,0,0,0,11,10,z,y,0,0,0,0
0,0,0,0,0,0,0,0,0,14,19,x,0,0,0,0
0,0,0,0,0,0,0,0,18,15,0,w,0,0,0,0
0,0,0,0,0,0,0,0,17,16,0,v,0,0,0,0
0,0,0,0,0,0,0,0,0,0,0,o,0,0,0,0
0,1k,1j,1l,0,0,0,0,0,0,0,p,u,0,0,0
1s,1m,1n,1o,0,0,0,0,0,0,0,q,t,0,0,0
1r,1p,0,0,0,0,0,0,0,0,0,r,s,0,0,0
0,1q,0,0,0,0,0,0,0,0,0,0,0,0,0,0
EXT 9,11 d 9,11
EXT 10,10 d 9,11
EXT 11,11 d 9,11
EXT 10,12 d 9,11
PAL 0

ROOM f
0,0,0,0,0,0,0,0,0,0,0,0,0,0,0,0
0,0,0,0,0,0,0,0,0,0,0,0,0,0,0,0
0,0,0,0,0,0,0,0,0,0,0,0,0,0,0,0
0,0,0,0,0,0,0,0,0,0,0,0,0,0,0,0
0,0,0,0,0,0,0,0,0,0,1d,1c,0,0,0,0
0,0,0,0,0,0,0,0,0,0,1e,1b,1f,1g,1h,1i
0,0,0,0,0,0,0,0,12,13,0,1a,0,0,0,0
0,0,0,0,0,0,0,0,11,10,z,y,0,0,0,0
0,0,0,0,0,0,0,0,0,14,19,x,0,0,0,0
0,0,0,0,0,0,0,0,18,15,0,w,0,0,0,0
0,0,0,0,0,0,0,0,17,16,0,v,0,0,0,0
0,0,0,0,0,0,0,0,0,0,0,1t,0,0,0,0
0,1k,1j,1l,0,0,0,0,0,0,0,p,u,0,0,0
1s,1m,1n,1o,0,0,0,0,0,0,0,q,t,0,0,0
1r,1p,0,0,0,0,0,0,0,0,0,r,s,0,0,0
0,1q,0,0,0,0,0,0,0,0,0,0,0,0,0,0
EXT 10,11 e 10,11
EXT 11,10 e 10,11
EXT 12,11 e 10,11
EXT 11,12 e 10,11
PAL 0

ROOM g
0,0,0,0,0,0,0,0,0,0,0,0,0,0,0,0
0,0,0,0,0,0,0,0,0,0,0,0,0,0,0,0
0,0,0,0,0,0,0,0,0,0,0,0,0,0,0,0
0,0,0,0,0,0,0,0,0,0,0,0,0,0,0,0
0,0,0,0,0,0,0,0,0,0,1d,1c,0,0,0,0
0,0,0,0,0,0,0,0,0,0,1e,1b,1f,1g,1h,1i
0,0,0,0,0,0,0,0,12,13,0,1a,0,0,0,0
0,0,0,0,0,0,0,0,11,10,z,y,0,0,0,0
0,0,0,0,0,0,0,0,0,14,19,x,0,0,0,0
0,0,0,0,0,0,0,0,18,15,0,w,0,0,0,0
0,0,0,0,0,0,0,0,17,16,0,v,0,0,0,0
0,0,0,0,0,0,0,0,0,0,0,1t,0,0,0,0
0,1k,1j,1l,0,0,0,0,0,0,0,1y,u,0,0,0
1s,1m,1n,1o,0,0,0,0,0,0,0,q,t,0,0,0
1r,1p,0,0,0,0,0,0,0,0,0,r,s,0,0,0
0,1q,0,0,0,0,0,0,0,0,0,0,0,0,0,0
EXT 11,11 f 11,11
EXT 12,12 f 11,11
EXT 11,13 f 11,11
EXT 10,12 f 11,11
PAL 0

ROOM h
0,0,0,0,0,0,0,0,0,0,0,0,0,0,0,0
0,0,0,0,0,0,0,0,0,0,0,0,0,0,0,0
0,0,0,0,0,0,0,0,0,0,0,0,0,0,0,0
0,0,0,0,0,0,0,0,0,0,0,0,0,0,0,0
0,0,0,0,0,0,0,0,0,0,1d,1c,0,0,0,0
0,0,0,0,0,0,0,0,0,0,1e,1b,1f,1g,1h,1i
0,0,0,0,0,0,0,0,12,13,0,1a,0,0,0,0
0,0,0,0,0,0,0,0,11,10,z,y,0,0,0,0
0,0,0,0,0,0,0,0,0,14,19,x,0,0,0,0
0,0,0,0,0,0,0,0,18,15,0,w,0,0,0,0
0,0,0,0,0,0,0,0,17,16,0,v,0,0,0,0
0,0,0,0,0,0,0,0,0,0,0,1t,0,0,0,0
0,1k,1j,1l,0,0,0,0,0,0,0,1y,u,0,0,0
1s,1m,1n,1o,0,0,0,0,0,0,0,0,t,0,0,0
1r,1p,0,0,0,0,0,0,0,0,0,r,s,0,0,0
0,1q,0,0,0,0,0,0,0,0,0,0,0,0,0,0
EXT 11,12 g 11,12
EXT 12,13 g 11,12
EXT 11,14 g 11,12
EXT 10,13 g 11,12
PAL 0

ROOM i
0,0,0,0,0,0,0,0,0,0,0,0,0,0,0,0
0,0,0,0,0,0,0,0,0,0,0,0,0,0,0,0
0,0,0,0,0,0,0,0,0,0,0,0,0,0,0,0
0,0,0,0,0,0,0,0,0,0,0,0,0,0,0,0
0,0,0,0,0,0,0,0,0,0,1d,1c,0,0,0,0
0,0,0,0,0,0,0,0,0,0,1e,1b,1f,1g,1h,1i
0,0,0,0,0,0,0,0,12,13,0,1a,0,0,0,0
0,0,0,0,0,0,0,0,11,10,z,y,0,0,0,0
0,0,0,0,0,0,0,0,0,14,19,x,0,0,0,0
0,0,0,0,0,0,0,0,18,15,0,w,0,0,0,0
0,0,0,0,0,0,0,0,17,16,0,v,0,0,0,0
0,0,0,0,0,0,0,0,0,0,0,1t,0,0,0,0
0,1k,1j,1l,0,0,0,0,0,0,0,1y,u,0,0,0
1s,1m,1n,1o,0,0,0,0,0,0,0,0,t,0,0,0
1r,1p,0,0,0,0,0,0,0,0,0,0,s,0,0,0
0,1q,0,0,0,0,0,0,0,0,0,0,0,0,0,0
EXT 11,13 h 11,13
EXT 10,14 h 11,13
EXT 12,14 h 11,13
EXT 11,15 h 11,13
PAL 0

ROOM j
0,0,0,0,0,0,0,0,0,0,0,0,0,0,0,0
0,0,0,0,0,0,0,0,0,0,0,0,0,0,0,0
0,0,0,0,0,0,0,0,0,0,0,0,0,0,0,0
0,0,0,0,0,0,0,0,0,0,0,0,0,0,0,0
0,0,0,0,0,0,0,0,0,0,1d,1c,0,0,0,0
0,0,0,0,0,0,0,0,0,0,1e,1b,1f,1g,1h,1i
0,0,0,0,0,0,0,0,12,13,0,1a,0,0,0,0
0,0,0,0,0,0,0,0,11,10,z,y,0,0,0,0
0,0,0,0,0,0,0,0,0,14,19,x,0,0,0,0
0,0,0,0,0,0,0,0,18,15,0,w,0,0,0,0
0,0,0,0,0,0,0,0,17,16,0,v,0,0,0,0
0,0,0,0,0,0,0,0,0,0,0,1t,0,0,0,0
0,1k,1j,1l,0,0,0,0,0,0,0,1y,u,0,0,0
1s,1m,1n,1o,0,0,0,0,0,0,0,0,t,0,0,0
1r,1p,0,0,0,0,0,0,0,0,0,0,0,0,0,0
0,1q,0,0,0,0,0,0,0,0,0,0,0,0,0,0
EXT 11,14 i 11,14
EXT 12,13 i 11,14
EXT 13,14 i 11,14
EXT 12,15 i 11,14
PAL 0

ROOM k
0,0,0,0,0,0,0,0,0,0,0,0,0,0,0,0
0,0,0,0,0,0,0,0,0,0,0,0,0,0,0,0
0,0,0,0,0,0,0,0,0,0,0,0,0,0,0,0
0,0,0,0,0,0,0,0,0,0,0,0,0,0,0,0
0,0,0,0,0,0,0,0,0,0,1d,1c,0,0,0,0
0,0,0,0,0,0,0,0,0,0,1e,1b,1f,1g,1h,1i
0,0,0,0,0,0,0,0,12,13,0,1a,0,0,0,0
0,0,0,0,0,0,0,0,11,10,z,y,0,0,0,0
0,0,0,0,0,0,0,0,0,14,19,x,0,0,0,0
0,0,0,0,0,0,0,0,18,15,0,w,0,0,0,0
0,0,0,0,0,0,0,0,17,16,0,v,0,0,0,0
0,0,0,0,0,0,0,0,0,0,0,1t,0,0,0,0
0,1k,1j,1l,0,0,0,0,0,0,0,1y,u,0,0,0
1s,1m,1n,1o,0,0,0,0,0,0,0,0,0,0,0,0
1r,1p,0,0,0,0,0,0,0,0,0,0,0,0,0,0
0,1q,0,0,0,0,0,0,0,0,0,0,0,0,0,0
EXT 12,14 j 12,14
EXT 13,13 j 12,14
EXT 12,12 j 12,14
EXT 11,13 j 12,14
PAL 0

ROOM l
0,0,0,0,0,0,0,0,0,0,0,0,0,0,0,0
0,0,0,0,0,0,0,0,0,0,0,0,0,0,0,0
0,0,0,0,0,0,0,0,0,0,0,0,0,0,0,0
0,0,0,0,0,0,0,0,0,0,0,0,0,0,0,0
0,0,0,0,0,0,0,0,0,0,1d,1c,0,0,0,0
0,0,0,0,0,0,0,0,0,0,1e,1b,1f,1g,1h,1i
0,0,0,0,0,0,0,0,12,13,0,1a,0,0,0,0
0,0,0,0,0,0,0,0,11,10,z,y,0,0,0,0
0,0,0,0,0,0,0,0,0,14,19,x,0,0,0,0
0,0,0,0,0,0,0,0,18,15,0,w,0,0,0,0
0,0,0,0,0,0,0,0,17,16,0,v,0,0,0,0
0,0,0,0,0,0,0,0,0,0,0,1t,0,0,0,0
0,1k,1j,1l,0,0,0,0,0,0,0,1y,0,0,0,0
1s,1m,1n,1o,0,0,0,0,0,0,0,0,0,0,0,0
1r,1p,0,0,0,0,0,0,0,0,0,0,0,0,0,0
0,1q,0,0,0,0,0,0,0,0,0,0,0,0,0,0
EXT 12,13 k 12,13
EXT 11,12 k 12,13
EXT 12,11 k 12,13
EXT 13,12 k 12,13
PAL 0

ROOM m
0,0,0,0,0,0,0,0,0,0,0,0,0,0,0,0
0,0,0,0,0,0,0,0,0,0,0,0,0,0,0,0
0,0,0,0,0,0,0,0,0,0,0,0,0,0,0,0
0,0,0,0,0,0,0,0,0,0,0,0,0,0,0,0
0,0,0,0,0,0,0,0,0,0,1d,1c,0,0,0,0
0,0,0,0,0,0,0,0,0,0,1e,1b,1f,1g,1h,1i
0,0,0,0,0,0,0,0,12,13,0,1a,0,0,0,0
0,0,0,0,0,0,0,0,11,10,z,y,0,0,0,0
0,0,0,0,0,0,0,0,0,14,19,x,0,0,0,0
0,0,0,0,0,0,0,0,18,15,0,w,0,0,0,0
0,0,0,0,0,0,0,0,17,16,0,v,0,0,0,0
0,0,0,0,0,0,0,0,0,0,0,1t,0,0,0,0
0,1k,1j,1l,0,0,0,0,0,0,0,0,0,0,0,0
1s,1m,1n,1o,0,0,0,0,0,0,0,0,0,0,0,0
1r,1p,0,0,0,0,0,0,0,0,0,0,0,0,0,0
0,1q,0,0,0,0,0,0,0,0,0,0,0,0,0,0
EXT 12,12 l 12,12
EXT 11,11 l 12,12
EXT 10,12 l 12,12
EXT 11,13 l 12,12
PAL 0

ROOM n
0,0,0,0,0,0,0,0,0,0,0,0,0,0,0,0
0,0,0,0,0,0,0,0,0,0,0,0,0,0,0,0
0,0,0,0,0,0,0,0,0,0,0,0,0,0,0,0
0,0,0,0,0,0,0,0,0,0,0,0,0,0,0,0
0,0,0,0,0,0,0,0,0,0,1d,1c,0,0,0,0
0,0,0,0,0,0,0,0,0,0,1e,1b,1f,1g,1h,1i
0,0,0,0,0,0,0,0,12,13,0,1a,0,0,0,0
0,0,0,0,0,0,0,0,11,10,z,y,0,0,0,0
0,0,0,0,0,0,0,0,0,14,19,x,0,0,0,0
0,0,0,0,0,0,0,0,18,15,0,w,0,0,0,0
0,0,0,0,0,0,0,0,17,16,0,v,0,0,0,0
0,0,0,0,0,0,0,0,0,0,0,0,0,0,0,0
0,1k,1j,1l,0,0,0,0,0,0,0,0,0,0,0,0
1s,1m,1n,1o,0,0,0,0,0,0,0,0,0,0,0,0
1r,1p,0,0,0,0,0,0,0,0,0,0,0,0,0,0
0,1q,0,0,0,0,0,0,0,0,0,0,0,0,0,0
EXT 11,12 m 11,12
EXT 12,11 m 11,12
EXT 11,10 m 11,12
EXT 10,11 m 11,12
PAL 0

ROOM o
0,0,0,0,0,0,0,0,0,0,0,0,0,0,0,0
0,0,0,0,0,0,0,0,0,0,0,0,0,0,0,0
0,0,0,0,0,0,0,0,0,0,0,0,0,0,0,0
0,0,0,0,0,0,0,0,0,0,0,0,0,0,0,0
0,0,0,0,0,0,0,0,0,0,1d,1c,0,0,0,0
0,0,0,0,0,0,0,0,0,0,1e,1b,1f,1g,1h,1i
0,0,0,0,0,0,0,0,12,13,0,1a,0,0,0,0
0,0,0,0,0,0,0,0,11,10,z,y,0,0,0,0
0,0,0,0,0,0,0,0,0,14,19,x,0,0,0,0
0,0,0,0,0,0,0,0,18,15,0,w,0,0,0,0
0,0,0,0,0,0,0,0,17,16,0,0,0,0,0,0
0,0,0,0,0,0,0,0,0,0,0,0,0,0,0,0
0,1k,1j,1l,0,0,0,0,0,0,0,0,0,0,0,0
1s,1m,1n,1o,0,0,0,0,0,0,0,0,0,0,0,0
1r,1p,0,0,0,0,0,0,0,0,0,0,0,0,0,0
0,1q,0,0,0,0,0,0,0,0,0,0,0,0,0,0
EXT 11,11 n 11,11
EXT 10,10 n 11,11
EXT 12,10 n 11,11
EXT 11,9 n 11,11
PAL 0

ROOM p
0,0,0,0,0,0,0,0,0,0,0,0,0,0,0,0
0,0,0,0,0,0,0,0,0,0,0,0,0,0,0,0
0,0,0,0,0,0,0,0,0,0,0,0,0,0,0,0
0,0,0,0,0,0,0,0,0,0,0,0,0,0,0,0
0,0,0,0,0,0,0,0,0,0,1d,1c,0,0,0,0
0,0,0,0,0,0,0,0,0,0,1e,1b,1f,1g,1h,1i
0,0,0,0,0,0,0,0,12,13,0,1a,0,0,0,0
0,0,0,0,0,0,0,0,11,10,z,y,0,0,0,0
0,0,0,0,0,0,0,0,0,14,19,x,0,0,0,0
0,0,0,0,0,0,0,0,18,15,0,0,0,0,0,0
0,0,0,0,0,0,0,0,17,16,0,0,0,0,0,0
0,0,0,0,0,0,0,0,0,0,0,0,0,0,0,0
0,1k,1j,1l,0,0,0,0,0,0,0,0,0,0,0,0
1s,1m,1n,1o,0,0,0,0,0,0,0,0,0,0,0,0
1r,1p,0,0,0,0,0,0,0,0,0,0,0,0,0,0
0,1q,0,0,0,0,0,0,0,0,0,0,0,0,0,0
EXT 11,10 o 11,10
EXT 11,8 o 11,10
EXT 12,9 o 11,10
EXT 10,9 o 11,10
PAL 0

ROOM q
0,0,0,0,0,0,0,0,0,0,0,0,0,0,0,0
0,0,0,0,0,0,0,0,0,0,0,0,0,0,0,0
0,0,0,0,0,0,0,0,0,0,0,0,0,0,0,0
0,0,0,0,0,0,0,0,0,0,0,0,0,0,0,0
0,0,0,0,0,0,0,0,0,0,1d,1c,0,0,0,0
0,0,0,0,0,0,0,0,0,0,1e,1b,1f,1g,1h,1i
0,0,0,0,0,0,0,0,12,13,0,1a,0,0,0,0
0,0,0,0,0,0,0,0,11,10,z,y,0,0,0,0
0,0,0,0,0,0,0,0,0,14,19,0,0,0,0,0
0,0,0,0,0,0,0,0,18,15,0,0,0,0,0,0
0,0,0,0,0,0,0,0,17,16,0,0,0,0,0,0
0,0,0,0,0,0,0,0,0,0,0,0,0,0,0,0
0,1k,1j,1l,0,0,0,0,0,0,0,0,0,0,0,0
1s,1m,1n,1o,0,0,0,0,0,0,0,0,0,0,0,0
1r,1p,0,0,0,0,0,0,0,0,0,0,0,0,0,0
0,1q,0,0,0,0,0,0,0,0,0,0,0,0,0,0
EXT 11,9 p 11,9
EXT 10,8 p 11,9
EXT 12,8 p 11,9
EXT 11,7 p 11,9
PAL 0

ROOM r
0,0,0,0,0,0,0,0,0,0,0,0,0,0,0,0
0,0,0,0,0,0,0,0,0,0,0,0,0,0,0,0
0,0,0,0,0,0,0,0,0,0,0,0,0,0,0,0
0,0,0,0,0,0,0,0,0,0,0,0,0,0,0,0
0,0,0,0,0,0,0,0,0,0,1d,1c,0,0,0,0
0,0,0,0,0,0,0,0,0,0,1e,1b,1f,1g,1h,1i
0,0,0,0,0,0,0,0,12,13,0,1a,0,0,0,0
0,0,0,0,0,0,0,0,11,10,z,1u,0,0,0,0
0,0,0,0,0,0,0,0,0,14,19,0,0,0,0,0
0,0,0,0,0,0,0,0,18,15,0,0,0,0,0,0
0,0,0,0,0,0,0,0,17,16,0,0,0,0,0,0
0,0,0,0,0,0,0,0,0,0,0,0,0,0,0,0
0,1k,1j,1l,0,0,0,0,0,0,0,0,0,0,0,0
1s,1m,1n,1o,0,0,0,0,0,0,0,0,0,0,0,0
1r,1p,0,0,0,0,0,0,0,0,0,0,0,0,0,0
0,1q,0,0,0,0,0,0,0,0,0,0,0,0,0,0
EXT 11,8 q 11,8
EXT 10,7 q 11,8
EXT 12,7 q 11,8
EXT 11,6 q 11,8
PAL 0

ROOM s
0,0,0,0,0,0,0,0,0,0,0,0,0,0,0,0
0,0,0,0,0,0,0,0,0,0,0,0,0,0,0,0
0,0,0,0,0,0,0,0,0,0,0,0,0,0,0,0
0,0,0,0,0,0,0,0,0,0,0,0,0,0,0,0
0,0,0,0,0,0,0,0,0,0,1d,1c,0,0,0,0
0,0,0,0,0,0,0,0,0,0,1e,1b,1f,1g,1h,1i
0,0,0,0,0,0,0,0,12,13,0,1a,0,0,0,0
0,0,0,0,0,0,0,0,11,10,0,1u,0,0,0,0
0,0,0,0,0,0,0,0,0,14,19,0,0,0,0,0
0,0,0,0,0,0,0,0,18,15,0,0,0,0,0,0
0,0,0,0,0,0,0,0,17,16,0,0,0,0,0,0
0,0,0,0,0,0,0,0,0,0,0,0,0,0,0,0
0,1k,1j,1l,0,0,0,0,0,0,0,0,0,0,0,0
1s,1m,1n,1o,0,0,0,0,0,0,0,0,0,0,0,0
1r,1p,0,0,0,0,0,0,0,0,0,0,0,0,0,0
0,1q,0,0,0,0,0,0,0,0,0,0,0,0,0,0
EXT 11,7 r 11,7
EXT 10,6 r 11,7
EXT 9,7 r 11,7
EXT 10,8 r 11,7
PAL 0

ROOM t
0,0,0,0,0,0,0,0,0,0,0,0,0,0,0,0
0,0,0,0,0,0,0,0,0,0,0,0,0,0,0,0
0,0,0,0,0,0,0,0,0,0,0,0,0,0,0,0
0,0,0,0,0,0,0,0,0,0,0,0,0,0,0,0
0,0,0,0,0,0,0,0,0,0,1d,1c,0,0,0,0
0,0,0,0,0,0,0,0,0,0,1e,1b,1f,1g,1h,1i
0,0,0,0,0,0,0,0,12,13,0,1a,0,0,0,0
0,0,0,0,0,0,0,0,11,1v,0,1u,0,0,0,0
0,0,0,0,0,0,0,0,0,14,19,0,0,0,0,0
0,0,0,0,0,0,0,0,18,15,0,0,0,0,0,0
0,0,0,0,0,0,0,0,17,16,0,0,0,0,0,0
0,0,0,0,0,0,0,0,0,0,0,0,0,0,0,0
0,1k,1j,1l,0,0,0,0,0,0,0,0,0,0,0,0
1s,1m,1n,1o,0,0,0,0,0,0,0,0,0,0,0,0
1r,1p,0,0,0,0,0,0,0,0,0,0,0,0,0,0
0,1q,0,0,0,0,0,0,0,0,0,0,0,0,0,0
EXT 10,7 s 10,7
EXT 9,6 s 10,7
EXT 8,7 s 10,7
EXT 9,8 s 10,7
PAL 0

ROOM u
0,0,0,0,0,0,0,0,0,0,0,0,0,0,0,0
0,0,0,0,0,0,0,0,0,0,0,0,0,0,0,0
0,0,0,0,0,0,0,0,0,0,0,0,0,0,0,0
0,0,0,0,0,0,0,0,0,0,0,0,0,0,0,0
0,0,0,0,0,0,0,0,0,0,1d,1c,0,0,0,0
0,0,0,0,0,0,0,0,0,0,1e,1b,1f,1g,1h,1i
0,0,0,0,0,0,0,0,12,13,0,1a,0,0,0,0
0,0,0,0,0,0,0,0,0,1v,0,1u,0,0,0,0
0,0,0,0,0,0,0,0,0,14,19,0,0,0,0,0
0,0,0,0,0,0,0,0,18,15,0,0,0,0,0,0
0,0,0,0,0,0,0,0,17,16,0,0,0,0,0,0
0,0,0,0,0,0,0,0,0,0,0,0,0,0,0,0
0,1k,1j,1l,0,0,0,0,0,0,0,0,0,0,0,0
1s,1m,1n,1o,0,0,0,0,0,0,0,0,0,0,0,0
1r,1p,0,0,0,0,0,0,0,0,0,0,0,0,0,0
0,1q,0,0,0,0,0,0,0,0,0,0,0,0,0,0
EXT 9,7 t 9,7
EXT 8,6 t 9,7
EXT 7,7 t 9,7
EXT 8,8 t 9,7
PAL 0

ROOM v
0,0,0,0,0,0,0,0,0,0,0,0,0,0,0,0
0,0,0,0,0,0,0,0,0,0,0,0,0,0,0,0
0,0,0,0,0,0,0,0,0,0,0,0,0,0,0,0
0,0,0,0,0,0,0,0,0,0,0,0,0,0,0,0
0,0,0,0,0,0,0,0,0,0,1d,1c,0,0,0,0
0,0,0,0,0,0,0,0,0,0,1e,1b,1f,1g,1h,1i
0,0,0,0,0,0,0,0,0,13,0,1a,0,0,0,0
0,0,0,0,0,0,0,0,0,1v,0,1u,0,0,0,0
0,0,0,0,0,0,0,0,0,14,19,0,0,0,0,0
0,0,0,0,0,0,0,0,18,15,0,0,0,0,0,0
0,0,0,0,0,0,0,0,17,16,0,0,0,0,0,0
0,0,0,0,0,0,0,0,0,0,0,0,0,0,0,0
0,1k,1j,1l,0,0,0,0,0,0,0,0,0,0,0,0
1s,1m,1n,1o,0,0,0,0,0,0,0,0,0,0,0,0
1r,1p,0,0,0,0,0,0,0,0,0,0,0,0,0,0
0,1q,0,0,0,0,0,0,0,0,0,0,0,0,0,0
EXT 8,7 u 8,7
EXT 8,5 u 8,7
EXT 7,6 u 8,7
EXT 9,6 u 8,7
PAL 0

ROOM w
0,0,0,0,0,0,0,0,0,0,0,0,0,0,0,0
0,0,0,0,0,0,0,0,0,0,0,0,0,0,0,0
0,0,0,0,0,0,0,0,0,0,0,0,0,0,0,0
0,0,0,0,0,0,0,0,0,0,0,0,0,0,0,0
0,0,0,0,0,0,0,0,0,0,1d,1c,0,0,0,0
0,0,0,0,0,0,0,0,0,0,1e,1b,1f,1g,1h,1i
0,0,0,0,0,0,0,0,0,0,0,1a,0,0,0,0
0,0,0,0,0,0,0,0,0,1v,0,1u,0,0,0,0
0,0,0,0,0,0,0,0,0,14,19,0,0,0,0,0
0,0,0,0,0,0,0,0,18,15,0,0,0,0,0,0
0,0,0,0,0,0,0,0,17,16,0,0,0,0,0,0
0,0,0,0,0,0,0,0,0,0,0,0,0,0,0,0
0,1k,1j,1l,0,0,0,0,0,0,0,0,0,0,0,0
1s,1m,1n,1o,0,0,0,0,0,0,0,0,0,0,0,0
1r,1p,0,0,0,0,0,0,0,0,0,0,0,0,0,0
0,1q,0,0,0,0,0,0,0,0,0,0,0,0,0,0
EXT 8,6 v 8,6
EXT 9,5 v 8,6
EXT 10,6 v 8,6
EXT 9,7 v 8,6
PAL 0

ROOM x
0,0,0,0,0,0,0,0,0,0,0,0,0,0,0,0
0,0,0,0,0,0,0,0,0,0,0,0,0,0,0,0
0,0,0,0,0,0,0,0,0,0,0,0,0,0,0,0
0,0,0,0,0,0,0,0,0,0,0,0,0,0,0,0
0,0,0,0,0,0,0,0,0,0,1d,1c,0,0,0,0
0,0,0,0,0,0,0,0,0,0,1e,1b,1f,1g,1h,1i
0,0,0,0,0,0,0,0,0,0,0,1a,0,0,0,0
0,0,0,0,0,0,0,0,0,0,0,1u,0,0,0,0
0,0,0,0,0,0,0,0,0,14,19,0,0,0,0,0
0,0,0,0,0,0,0,0,18,15,0,0,0,0,0,0
0,0,0,0,0,0,0,0,17,16,0,0,0,0,0,0
0,0,0,0,0,0,0,0,0,0,0,0,0,0,0,0
0,1k,1j,1l,0,0,0,0,0,0,0,0,0,0,0,0
1s,1m,1n,1o,0,0,0,0,0,0,0,0,0,0,0,0
1r,1p,0,0,0,0,0,0,0,0,0,0,0,0,0,0
0,1q,0,0,0,0,0,0,0,0,0,0,0,0,0,0
EXT 9,6 w 9,6
EXT 10,7 w 9,6
EXT 8,7 w 9,6
EXT 9,8 w 9,6
PAL 0

ROOM y
0,0,0,0,0,0,0,0,0,0,0,0,0,0,0,0
0,0,0,0,0,0,0,0,0,0,0,0,0,0,0,0
0,0,0,0,0,0,0,0,0,0,0,0,0,0,0,0
0,0,0,0,0,0,0,0,0,0,0,0,0,0,0,0
0,0,0,0,0,0,0,0,0,0,1d,1c,0,0,0,0
0,0,0,0,0,0,0,0,0,0,1e,1b,1f,1g,1h,1i
0,0,0,0,0,0,0,0,0,0,0,1a,0,0,0,0
0,0,0,0,0,0,0,0,0,0,0,1u,0,0,0,0
0,0,0,0,0,0,0,0,0,1w,19,0,0,0,0,0
0,0,0,0,0,0,0,0,18,15,0,0,0,0,0,0
0,0,0,0,0,0,0,0,17,16,0,0,0,0,0,0
0,0,0,0,0,0,0,0,0,0,0,0,0,0,0,0
0,1k,1j,1l,0,0,0,0,0,0,0,0,0,0,0,0
1s,1m,1n,1o,0,0,0,0,0,0,0,0,0,0,0,0
1r,1p,0,0,0,0,0,0,0,0,0,0,0,0,0,0
0,1q,0,0,0,0,0,0,0,0,0,0,0,0,0,0
EXT 9,7 x 9,7
EXT 9,9 x 9,7
EXT 10,8 x 9,7
EXT 8,8 x 9,7
PAL 0

ROOM z
0,0,0,0,0,0,0,0,0,0,0,0,0,0,0,0
0,0,0,0,0,0,0,0,0,0,0,0,0,0,0,0
0,0,0,0,0,0,0,0,0,0,0,0,0,0,0,0
0,0,0,0,0,0,0,0,0,0,0,0,0,0,0,0
0,0,0,0,0,0,0,0,0,0,1d,1c,0,0,0,0
0,0,0,0,0,0,0,0,0,0,1e,1b,1f,1g,1h,1i
0,0,0,0,0,0,0,0,0,0,0,1a,0,0,0,0
0,0,0,0,0,0,0,0,0,0,0,1u,0,0,0,0
0,0,0,0,0,0,0,0,0,1w,19,0,0,0,0,0
0,0,0,0,0,0,0,0,18,1z,0,0,0,0,0,0
0,0,0,0,0,0,0,0,17,16,0,0,0,0,0,0
0,0,0,0,0,0,0,0,0,0,0,0,0,0,0,0
0,1k,1j,1l,0,0,0,0,0,0,0,0,0,0,0,0
1s,1m,1n,1o,0,0,0,0,0,0,0,0,0,0,0,0
1r,1p,0,0,0,0,0,0,0,0,0,0,0,0,0,0
0,1q,0,0,0,0,0,0,0,0,0,0,0,0,0,0
EXT 9,8 y 9,8
EXT 8,9 y 9,8
EXT 10,9 y 9,8
EXT 9,10 y 9,8
PAL 0

ROOM 1a
0,0,0,0,0,0,0,0,0,0,0,0,0,0,0,0
0,0,0,0,0,0,0,0,0,0,0,0,0,0,0,0
0,0,0,0,0,0,0,0,0,0,0,0,0,0,0,0
0,0,0,0,0,0,0,0,0,0,0,0,0,0,0,0
0,0,0,0,0,0,0,0,0,0,0,0,0,0,0,0
0,0,0,0,0,0,0,0,0,0,0,1x,1f,1g,1h,1i
0,0,0,0,0,0,0,0,0,0,0,0,0,0,0,0
0,0,0,0,0,0,0,0,0,0,0,0,0,0,0,0
0,0,0,0,0,0,0,0,0,0,0,0,0,0,0,0
0,0,0,0,0,0,0,0,0,0,0,0,0,0,0,0
0,0,0,0,0,0,0,0,0,0,0,0,0,0,0,0
0,0,0,0,0,0,0,0,0,0,0,0,0,0,0,0
0,1k,1j,1l,0,0,0,0,0,0,0,0,0,0,0,0
1s,1m,1n,1o,0,0,0,0,0,0,0,0,0,0,0,0
1r,1p,0,0,0,0,0,0,0,0,0,0,0,0,0,0
0,1q,0,0,0,0,0,0,0,0,0,0,0,0,0,0
EXT 10,4 19 10,4
EXT 11,5 19 10,4
EXT 9,5 19 10,4
EXT 10,6 19 10,4
PAL 0

ROOM 1b
0,0,0,0,0,0,0,0,0,0,0,0,0,0,0,0
0,0,0,0,0,0,0,0,0,0,0,0,0,0,0,0
0,0,0,0,0,0,0,0,0,0,0,0,0,0,0,0
0,0,0,0,0,0,0,0,0,0,0,0,0,0,0,0
0,0,0,0,0,0,0,0,0,0,0,0,0,0,0,0
0,0,0,0,0,0,0,0,0,0,0,0,1f,1g,1h,1i
0,0,0,0,0,0,0,0,0,0,0,0,0,0,0,0
0,0,0,0,0,0,0,0,0,0,0,0,0,0,0,0
0,0,0,0,0,0,0,0,0,0,0,0,0,0,0,0
0,0,0,0,0,0,0,0,0,0,0,0,0,0,0,0
0,0,0,0,0,0,0,0,0,0,0,0,0,0,0,0
0,0,0,0,0,0,0,0,0,0,0,0,0,0,0,0
0,1k,1j,1l,0,0,0,0,0,0,0,0,0,0,0,0
1s,1m,1n,1o,0,0,0,0,0,0,0,0,0,0,0,0
1r,1p,0,0,0,0,0,0,0,0,0,0,0,0,0,0
0,1q,0,0,0,0,0,0,0,0,0,0,0,0,0,0
EXT 11,4 1a 10,5
EXT 12,5 1a 10,5
EXT 10,5 1a 10,5
EXT 11,6 1a 10,5
PAL 0

ROOM 1c
0,0,0,0,0,0,0,0,0,0,0,0,0,0,0,0
0,0,0,0,0,0,0,0,0,0,0,0,0,0,0,0
0,0,0,0,0,0,0,0,0,0,0,0,0,0,0,0
0,0,0,0,0,0,0,0,0,0,0,0,0,0,0,0
0,0,0,0,0,0,0,0,0,0,0,0,0,0,0,0
0,0,0,0,0,0,0,0,0,0,0,0,0,1g,1h,1i
0,0,0,0,0,0,0,0,0,0,0,0,0,0,0,0
0,0,0,0,0,0,0,0,0,0,0,0,0,0,0,0
0,0,0,0,0,0,0,0,0,0,0,0,0,0,0,0
0,0,0,0,0,0,0,0,0,0,0,0,0,0,0,0
0,0,0,0,0,0,0,0,0,0,0,0,0,0,0,0
0,0,0,0,0,0,0,0,0,0,0,0,0,0,0,0
0,1k,1j,1l,0,0,0,0,0,0,0,0,0,0,0,0
1s,1m,1n,1o,0,0,0,0,0,0,0,0,0,0,0,0
1r,1p,0,0,0,0,0,0,0,0,0,0,0,0,0,0
0,1q,0,0,0,0,0,0,0,0,0,0,0,0,0,0
EXT 12,4 1b 11,5
EXT 11,5 1b 11,5
EXT 13,5 1b 11,5
EXT 12,6 1b 11,5
PAL 0

ROOM 1d
0,0,0,0,0,0,0,0,0,0,0,0,0,0,0,0
0,0,0,0,0,0,0,0,0,0,0,0,0,0,0,0
0,0,0,0,0,0,0,0,0,0,0,0,0,0,0,0
0,0,0,0,0,0,0,0,0,0,0,0,0,0,0,0
0,0,0,0,0,0,0,0,0,0,0,0,0,0,0,0
0,0,0,0,0,0,0,0,0,0,0,0,0,0,1h,1i
0,0,0,0,0,0,0,0,0,0,0,0,0,0,0,0
0,0,0,0,0,0,0,0,0,0,0,0,0,0,0,0
0,0,0,0,0,0,0,0,0,0,0,0,0,0,0,0
0,0,0,0,0,0,0,0,0,0,0,0,0,0,0,0
0,0,0,0,0,0,0,0,0,0,0,0,0,0,0,0
0,0,0,0,0,0,0,0,0,0,0,0,0,0,0,0
0,1k,1j,1l,0,0,0,0,0,0,0,0,0,0,0,0
1s,1m,1n,1o,0,0,0,0,0,0,0,0,0,0,0,0
1r,1p,0,0,0,0,0,0,0,0,0,0,0,0,0,0
0,1q,0,0,0,0,0,0,0,0,0,0,0,0,0,0
EXT 13,4 1c 12,5
EXT 12,5 1c 12,5
EXT 14,5 1c 12,5
EXT 13,6 1c 12,5
PAL 0

ROOM 1e
0,0,0,0,0,0,0,0,0,0,0,0,0,0,0,0
0,0,0,0,0,0,0,0,0,0,0,0,0,0,0,0
0,0,0,0,0,0,0,0,0,0,0,0,0,0,0,0
0,0,0,0,0,0,0,0,0,0,0,0,0,0,0,0
0,0,0,0,0,0,0,0,0,0,0,0,0,0,0,0
0,0,0,0,0,0,0,0,0,0,0,0,0,0,0,1i
0,0,0,0,0,0,0,0,0,0,0,0,0,0,0,0
0,0,0,0,0,0,0,0,0,0,0,0,0,0,0,0
0,0,0,0,0,0,0,0,0,0,0,0,0,0,0,0
0,0,0,0,0,0,0,0,0,0,0,0,0,0,0,0
0,0,0,0,0,0,0,0,0,0,0,0,0,0,0,0
0,0,0,0,0,0,0,0,0,0,0,0,0,0,0,0
0,1k,1j,1l,0,0,0,0,0,0,0,0,0,0,0,0
1s,1m,1n,1o,0,0,0,0,0,0,0,0,0,0,0,0
1r,1p,0,0,0,0,0,0,0,0,0,0,0,0,0,0
0,1q,0,0,0,0,0,0,0,0,0,0,0,0,0,0
EXT 14,4 1d 13,5
EXT 13,5 1d 13,5
EXT 14,6 1d 13,5
EXT 15,5 1d 13,5
PAL 0

ROOM 1f
0,0,0,0,0,0,0,0,0,0,0,0,0,0,0,0
0,0,0,0,0,0,0,0,0,0,0,0,0,0,0,0
0,0,0,0,0,0,0,0,0,0,0,0,0,0,0,0
0,0,0,0,0,0,0,0,0,0,0,0,0,0,0,0
0,0,0,0,0,0,0,0,0,0,0,0,0,0,0,0
0,0,0,0,0,0,0,0,0,0,0,0,0,0,0,0
0,0,0,0,0,0,0,0,0,0,0,0,0,0,0,0
0,0,0,0,0,0,0,0,0,0,0,0,0,0,0,0
0,0,0,0,0,0,0,0,0,0,0,0,0,0,0,0
0,0,0,0,0,0,0,0,0,0,0,0,0,0,0,0
0,0,0,0,0,0,0,0,0,0,0,0,0,0,0,0
0,0,0,0,0,0,0,0,0,0,0,0,0,0,0,0
0,1k,1j,1l,0,0,0,0,0,0,0,0,0,0,0,0
1s,1m,1n,1o,0,0,0,0,0,0,0,0,0,0,0,0
1r,1p,0,0,0,0,0,0,0,0,0,0,0,0,0,0
0,1q,0,0,0,0,0,0,0,0,0,0,0,0,0,0
EXT 15,4 1e 14,5
EXT 14,5 1e 14,5
EXT 15,6 1e 14,5
PAL 0

ROOM 1g
0,0,0,0,0,0,0,0,0,0,0,0,0,0,0,0
0,0,0,0,0,0,0,0,0,0,0,0,0,0,0,0
0,0,0,0,0,0,0,0,0,0,0,0,0,0,0,0
0,0,0,0,0,0,0,0,0,0,0,0,0,0,0,0
0,0,0,0,0,0,0,0,0,0,1d,1c,0,0,0,0
0,0,0,0,0,0,0,0,0,0,1e,1b,1f,1g,1h,1i
0,0,0,0,0,0,0,0,12,13,0,1a,0,0,0,0
0,0,0,0,0,0,0,0,11,10,z,y,0,0,0,0
0,0,0,0,0,0,0,0,0,14,19,x,0,0,0,0
0,0,0,0,0,0,0,0,18,15,0,w,0,0,0,0
0,0,0,0,0,0,0,0,17,16,0,v,0,0,0,0
20,20,b,c,d,0,0,k,l,m,n,o,0,0,0,0
0,1k,21,1l,e,0,0,j,0,0,0,p,u,0,0,0
1s,1m,1n,1o,f,g,h,i,0,0,0,q,t,0,0,0
1r,1p,0,0,0,0,0,0,0,0,0,r,s,0,0,0
0,1q,0,0,0,0,0,0,0,0,0,0,0,0,0,0
END undefined 2,13
END undefined 0,12
PAL 0

TIL 10
00000010
00000010
00000001
10000001
01111101
00000011
00000010
00000100

TIL 11
00100000
00100000
00011000
00000111
00000000
00000000
00000000
00000000

TIL 12
00000000
00000000
00000000
00000011
00001100
00010000
00010000
00100000

TIL 13
00000000
00000000
00000000
10000000
01100000
00010000
00001000
00000100

TIL 14
00001000
00001000
00001000
00010001
00010110
00011000
00100000
01100000

TIL 15
10100000
00100000
00010000
00010000
00001000
00001000
00001000
00000100

TIL 16
00000100
00000100
00000100
00000100
00000100
00001000
11110000
00000000

TIL 17
00010000
00010000
00001000
00001000
00000100
00000010
00000001
00000000

TIL 18
00000000
00000001
00000010
00000100
00001000
00001000
00010000
00010000

TIL 19
00000001
00000010
00111100
11000000
00000000
00000000
00000000
00000000

TIL 20
00000000
00000000
00000000
00000000
00000000
00000000
00000000
00000000
WAL true

TIL 21
00000000
00000000
00000000
00000000
00000000
00011100
11100011
11000001
WAL true
COL 2

TIL a
11111111
10000001
10000001
10011001
10011001
10000001
10000001
11111111

TIL b
00000000
00000000
00000000
00000111
00001000
00010000
00010000
00010000

TIL c
00000000
00000000
00000000
11111100
00000011
00000000
00000000
00000000

TIL d
00000000
00000000
00000000
00000000
11000000
00110000
00001000
00000100

TIL e
00000100
00001000
00010000
00100000
00100000
00100000
00100000
00010000

TIL f
00010000
00010000
00001000
00000110
00000001
00000000
00000000
00000000

TIL g
00000000
00000000
00000000
00000000
11111111
00000000
00000000
00000000

TIL h
00000000
00000000
00000000
00000000
11111111
00000000
00000000
00000000

TIL i
00000100
00001000
00001000
00010000
11100000
00000000
00000000
00000000

TIL j
00010000
00010000
00001000
00001000
00001000
00000100
00000100
00000100

TIL k
00000000
00000111
00001000
00010000
00010000
00100000
00100000
00100000

TIL l
00000000
11100000
00011100
00000011
00000000
00000000
00000000
00000000

TIL m
00000000
00000000
00000000
00000000
11000000
00110000
00001111
00000000

TIL n
00000000
00000000
00000000
00000001
00000110
00111000
11000000
00000000

TIL o
00000010
00000100
00000100
11101000
00011000
00100100
00100010
00010010

TIL p
00001010
00000100
00000010
00000101
00000100
00001000
00001000
00010000

TIL q
00010000
00010000
00100000
00100000
00100000
01000000
01000000
01000000

TIL r
00100000
00100000
00010000
00010000
00001100
00000011
00000000
00000000

TIL s
00000100
00000100
00000100
00001000
00110000
11000000
00000000
00000000

TIL t
00010000
00001000
00001000
00000100
00000100
00000010
00000010
00000010

TIL u
00000000
00000000
00000000
00000000
10000000
01000000
00100000
00010000

TIL v
00001000
00001000
00001000
00000100
00000100
00000100
00000100
00000010

TIL w
00000100
00000100
00000100
00001000
00001000
00001000
00001000
00001000

TIL x
00001000
00000100
00000100
00000100
00000010
00000010
00000010
00000010

TIL y
00000100
00000100
00001000
00001000
10010000
01100000
01010000
10001000

TIL z
00000000
00000000
00000000
00000000
00001111
11110000
00000000
00000000

TIL 1a
00100000
00100000
00010000
00010000
00001000
00001000
00001000
00000100

TIL 1b
00001000
00010000
11100000
00100000
01010000
01001100
01000011
01000000

TIL 1c
11100000
00011000
00000100
00000010
00000010
00000010
00000100
00000100

TIL 1d
00001111
01110000
10000000
10000000
10000000
01000000
01000000
00100000

TIL 1e
00011000
00000111
00000000
00000000
00000000
00000000
00000000
00000000

TIL 1f
00000000
00000000
00000000
00000000
00000000
00000001
10000110
01111000

TIL 1g
00000000
00000000
00000000
00000000
11110000
00001110
00000001
00000000

TIL 1h
00000000
00000000
00000000
00000000
00000011
00011100
11100000
00000000

TIL 1i
00000000
00000000
00000000
00000000
11110000
00001110
00000001
00000000

TIL 1j
00000000
00000000
00000000
00000000
00000000
00011100
11100011
11000001
NAME flower
COL 2

TIL 1k
00000000
00000000
00000000
00000000
00000000
00000000
00000111
00001111
COL 2

TIL 1l
00000000
00000000
00000000
00000000
00000000
00000000
11110000
11111000
NAME flower
WAL false
COL 2

TIL 1m
00001111
00000111
00000000
00000000
00000001
00000001
00000010
10000010
WAL true
COL 2

TIL 1n
11100011
10011100
00111110
10111110
00111110
00111110
00011100
00000000
WAL false
COL 2

TIL 1o
11111000
11110000
00000000
00000000
00000000
00000000
00000000
00000000
WAL false
COL 2

TIL 1p
11100010
11110100
11110100
11110100
01110100
00001000
00001000
00001000
COL 2

TIL 1q
00001000
00001000
00001000
00010000
00010000
00010000
00010000
00010000
COL 2

TIL 1r
00000111
00000111
00000011
00000001
00000000
00000000
00000000
00000000
COL 2

TIL 1s
00000000
00000000
00000000
00000000
00000000
00000000
00000000
00000111
WAL true
COL 2

TIL 1t
00000010
00000100
00000100
00001000
00010000
00100000
00100000
00010000

TIL 1u
00000100
00000100
00001000
00001000
00010000
00100000
01000000
10000000

TIL 1v
00000010
00000010
00000001
00000001
00000001
00000001
00000010
00000100

TIL 1w
00000000
00000000
00000000
00000001
00000110
00011000
00100000
01000000

TIL 1x
00000000
00000000
11000000
00100000
00010000
00001100
00000011
00000000

TIL 1y
00001000
00000100
00000010
00000001
00000000
00000000
00000000
00000000

TIL 1z
10000000
00000000
00000000
00000000
00000000
00000000
00000000
00000000

SPR A
00000000
00010100
00010100
00001000
00111110
01101011
01101011
00111110
>
00000000
00000000
01101100
00010000
01111100
11010110
11010110
01111100
POS 1f 15,5
COL 3

SPR a
00000000
00000000
01010001
01110001
01110010
01111100
00111100
00100100
DLG SPR_0
POS 0 8,12

ITM 0
00000000
00000000
00000000
00111100
01100100
00100100
00011000
00000000
NAME tea
DLG ITM_0

DLG SPR_0
I'm a cat

DLG ITM_0
You found a nice warm cup of tea

END 0


END undefined
--------------end--------------

VAR a
42


