Audio test

# BITSY VERSION 4.2

! ROOM_FORMAT 1

PAL 0
91,91,91
64,255,165
64,255,165

ROOM 0
j,k,0,0,0,0,0,0,0,0,0,0,0,0,n,m
l,0,0,0,0,0,0,0,0,0,0,0,0,0,0,o
0,0,0,0,0,0,0,0,0,0,0,0,0,0,0,0
0,0,0,0,0,0,0,0,0,0,0,0,0,0,0,0
0,0,0,0,0,0,0,0,0,i,0,0,0,0,0,0
a,a,a,h,0,0,0,0,0,c,0,0,0,0,0,0
a,e,a,c,0,0,0,0,0,c,0,0,0,h,0,0
a,e,a,c,0,0,0,h,0,c,0,i,0,c,0,0
a,e,a,c,0,i,0,c,0,c,0,c,0,c,0,0
a,e,a,c,0,c,0,c,0,c,0,c,0,c,0,0
a,e,a,c,0,c,0,c,0,c,0,c,0,c,0,0
a,e,a,c,0,c,0,c,0,c,0,c,0,c,0,0
a,e,a,c,0,c,0,c,0,c,0,c,0,c,0,0
a,a,a,0,0,0,0,0,0,0,0,0,0,0,0,0
u,0,0,0,0,0,0,0,0,0,0,0,0,0,0,r
t,v,0,0,0,0,0,0,0,0,0,0,0,0,q,p
WAL a
PAL 0

TIL a
00000000
00000000
00000000
00000000
00000000
00000000
00000000
00000000

TIL b
01111110
01111110
00000000
01111110
01111110
00000000
01111110
01111110

TIL c
01111110
00000000
01111110
00000000
01111110
00000000
01111110
00000000

TIL d
00011000
00011000
00011000
00011000
00011000
00011000
00000000
00000000

TIL e
00011000
00011000
00011000
00011000
00011000
00011000
00011000
00011000

TIL f
00000000
00000000
00011000
00011000
00011000
00011000
00011000
00011000

TIL g
00011000
00011000
00111100
00111100
00111100
00111100
00011000
00011000

TIL h
00000000
00000000
00000000
00000000
00000000
00000000
01111110
00000000
>
01111110
00000000
01111110
00000000
01111110
00000000
01111110
00000000

TIL i
01111110
00000000
01111110
00000000
01111110
00000000
01111110
00000000
>
00000000
00000000
00000000
00000000
00000000
00000000
01111110
00000000

TIL j
11111111
11111000
11100000
11000000
11000000
10000000
10000000
10000000

TIL k
11111100
00000000
00000000
00000000
00000000
00000000
00000000
00000000

TIL l
10000000
10000000
10000000
10000000
10000000
10000000
00000000
00000000

TIL m
11111111
00011111
00000111
00000011
00000011
00000001
00000001
00000001

TIL n
00111111
00000000
00000000
00000000
00000000
00000000
00000000
00000000

TIL o
00000001
00000001
00000001
00000001
00000001
00000001
00000000
00000000

TIL p
00000001
00000001
00000001
00000011
00000011
00000111
00011111
11111111

TIL q
00000000
00000000
00000000
00000000
00000000
00000000
00000000
00111111

TIL r
00000000
00000000
00000001
00000001
00000001
00000001
00000001
00000001

TIL s
00000000
00000000
00000000
00000000
00000000
00000000
00000000
00000000

TIL t
10000000
10000000
10000000
11000000
11000000
11100000
11111000
11111111

TIL u
00000000
00000000
10000000
10000000
10000000
10000000
10000000
10000000

TIL v
00000000
00000000
00000000
00000000
00000000
00000000
00000000
11111100

SPR A
00011000
00011000
00111100
00111100
00111100
00111100
00011000
00011000
POS 0 1,9

SPR a
00000000
00000000
01010001
01110001
01110010
01111100
00111100
00100100
DLG SPR_0

ITM 0
00000000
00000000
00000000
00111100
01100100
00100100
00011000
00000000
NAME tea
DLG ITM_0

DLG SPR_0
I'm a cat

DLG ITM_0
You found a nice warm cup of tea

VAR a
42

