
be you manifesto

# BITSY VERSION 4.6

! ROOM_FORMAT 1

PAL 0
107,4,104
1,251,255
255,217,42

PAL 1
5,255,209
75,61,168
255,2,237

PAL 2
84,84,84
255,15,5
255,254,245

ROOM 0
0,0,0,0,0,0,0,0,0,0,0,0,0,0,0,0
0,0,0,0,0,0,0,0,0,0,0,0,0,0,0,0
0,0,0,0,0,0,0,0,0,0,0,0,0,0,0,0
0,0,0,0,0,0,0,0,0,0,0,0,0,0,0,0
0,0,0,0,0,0,0,0,0,0,0,0,0,0,0,0
0,0,0,0,0,0,0,0,0,0,0,0,0,0,0,0
0,0,0,0,b,a,a,a,a,a,a,b,0,0,0,0
0,0,0,0,b,0,0,0,0,0,0,b,0,0,0,0
0,0,0,0,b,0,0,0,0,0,0,0,c,c,c,c
0,0,0,0,b,0,0,0,0,0,0,b,0,0,0,0
0,0,0,0,a,a,a,a,a,a,a,a,0,0,0,0
0,0,0,0,0,0,0,0,0,0,0,0,0,0,0,0
0,0,0,0,0,0,0,0,0,0,0,0,0,0,0,0
0,0,0,0,0,0,0,0,0,0,0,0,0,0,0,0
0,0,0,0,0,0,0,0,0,0,0,0,0,0,0,0
0,0,0,0,0,0,0,0,0,0,0,0,0,0,0,0
NAME Beginning
ITM 0 9,8
EXT 11,8 1 4,8
PAL 0

ROOM 1
0,0,0,0,0,0,0,0,0,0,0,0,0,0,0,0
0,0,0,0,0,0,0,0,0,0,0,0,0,0,0,0
0,0,0,0,0,0,0,0,0,0,0,0,0,0,0,0
0,0,0,0,d,0,0,0,0,0,0,d,0,0,0,0
0,0,0,0,0,0,0,0,0,0,0,0,0,0,0,0
0,0,0,0,0,0,0,0,0,0,0,0,0,0,0,0
0,0,0,0,0,0,0,0,0,0,0,0,0,0,0,0
0,0,0,0,b,a,a,a,b,0,0,0,0,0,0,0
c,c,c,e,0,0,0,0,0,c,c,c,c,c,c,c
0,0,0,0,a,a,a,a,a,0,0,0,0,0,0,0
0,0,0,0,0,0,0,0,0,0,0,0,0,d,0,0
0,0,d,0,0,0,0,0,0,0,0,0,0,0,0,0
0,0,0,0,0,0,0,d,0,0,0,0,0,0,0,0
0,0,0,0,0,0,0,0,0,0,0,0,0,0,0,0
0,0,0,0,0,0,0,0,0,0,0,0,0,0,0,0
0,0,0,0,0,0,0,0,0,0,0,0,0,0,0,0
NAME 1
ITM 1 7,8
EXT 8,8 2 3,8
PAL 1

ROOM 2
0,0,0,0,0,0,0,0,0,0,0,0,0,0,0,0
0,0,0,0,0,0,0,0,0,0,0,0,0,0,0,0
0,0,0,0,0,0,0,0,0,b,a,a,b,0,0,0
0,0,0,0,0,0,0,0,0,0,0,0,b,0,0,0
0,b,a,a,0,0,0,0,0,b,0,0,b,0,0,0
0,b,0,0,0,0,0,0,0,a,a,a,a,0,0,0
0,a,0,0,0,0,0,0,0,0,0,0,0,0,0,0
0,0,0,0,0,0,0,0,0,0,0,0,0,0,0,0
c,c,c,0,0,0,0,0,0,0,0,c,c,c,c,c
0,0,0,0,0,0,0,0,0,0,0,0,0,0,0,0
0,0,0,0,0,0,0,0,0,0,0,0,0,0,0,0
0,0,0,0,0,0,b,0,0,0,0,0,0,0,0,0
0,0,0,0,0,0,b,0,0,0,0,0,0,0,0,0
0,0,0,0,0,0,a,a,a,a,a,0,0,0,0,0
0,0,0,0,0,0,0,0,0,0,0,0,0,0,0,0
0,0,0,0,0,0,0,0,0,0,0,0,0,0,0,0
NAME 2
ITM 2 7,12
ITM 3 11,4
ITM 4 2,5
END undefined 15,8
PAL 2

TIL a
11111111
10110101
10010001
10000000
00000000
11111111
01101110
11111111
WAL true

TIL b
11111111
11011011
11011011
11011011
11011111
11011011
11011011
11111111
WAL true

TIL c
00000000
10000001
00000000
00001100
00000000
00000000
00110001
00000000

TIL d
00000000
00110000
00101000
00100100
00100100
00100100
01111110
11111111

TIL e
00000000
10000001
00000000
00001100
00000000
00000000
00110001
00000000
WAL true

SPR A
00100100
00111100
00011100
00001100
01100100
01010000
01011000
01111000
POS 0 6,8

SPR a
00000000
00000000
01010001
01110001
01110010
01111100
00111100
00100100
DLG SPR_0

ITM 0
00001110
00010001
00010001
00010001
00001110
01100000
01100000
10000000
NAME Thought1
DLG ITM_0

ITM 1
00001110
00010001
00010001
00010001
00001110
01100000
01100000
10000000
NAME Thought2
DLG ITM_1

ITM 2
00001110
00010001
00010001
00010001
00001110
01100000
01100000
10000000
NAME Thought3
DLG ITM_2

ITM 3
00001110
00010001
00010001
00010001
00001110
01100000
01100000
10000000
NAME Thought4
DLG ITM_3

ITM 4
00001110
00010001
00010001
00010001
00001110
01100000
01100000
10000000
NAME Thought5
DLG ITM_4

DLG SPR_0
I'm a cat

DLG ITM_0
Games are portals. Not only to different places, but to different minds. And even then, those places are projections of the creators mind.

DLG ITM_1
It can get claustrophobic in your own head. Let yourself out.

DLG ITM_2
Your ideas are worth putting out there. They're worth experiencing. No matter what they are or in what form.

DLG ITM_3
No tool is better than another. Use what feels right. If it conveys your message then it was the right choice.

DLG ITM_4
Your game is good. You made it. Be proud of it.

END 0


END undefined
Be yourself. Express yourself. Do this, and you can't go wrong.

VAR a
42


