Road trip - a tiny game by Marina Diez

# BITSY VERSION 5.1

! ROOM_FORMAT 1

PAL 0
204,191,82
92,145,126
255,255,255
92,145,126

PAL 1
207,255,245
68,87,61
255,255,255

ROOM 0
29,27,27,27,27,27,27,27,27,27,27,27,27,27,27,28
0,0,n,o,o,o,o,o,o,o,o,o,o,s,0,0
0,m,b,a,a,a,a,a,a,a,a,a,a,c,p,0
l,e,0,26,0,1n,0,0,0,0,1n,0,0,0,f,q
k,g,0,0,1n,26,0,0,0,1n,26,0,0,0,h,r
k,10,t,t,0,0,0,0,1n,0,0,26,t,t,z,r
14,11,12,12,u,12,12,12,12,12,12,x,12,12,13,15
17,25,25,25,v,w,i,i,i,i,i,y,25,25,25,16
19,0,1f,0,0,0,0,0,0,0,0,0,0,1f,0,18
19,1e,1d,1g,0,0,0,1j,1k,0,0,0,1e,1d,1g,18
19,0,1h,0,0,0,0,1l,1m,0,0,0,0,1h,0,18
19,0,0,0,0,0,0,0,0,0,0,0,0,0,0,18
1a,1c,1c,1c,1c,1c,1c,1s,1t,1c,1c,1c,1c,1c,1c,1b
1p,21,23,1r,1r,1r,1r,1u,1v,1r,1r,1r,1r,22,20,1q
0,1w,1x,0,0,2e,2f,2g,2h,2f,2i,0,0,1z,1y,0
0,0,0,0,0,0,0,0,0,0,0,0,0,0,0,0
NAME title screen
ITM 0 14,15
EXT 10,14 1 0,15
PAL 0

ROOM 1
0,0,0,0,0,0,0,0,0,0,0,0,0,0,0,0
0,0,0,0,0,0,0,0,0,0,0,0,0,0,0,0
0,0,2x,0,0,0,0,0,32,2z,0,0,0,0,0,0
0,0,0,0,0,0,0,0,0,0,0,30,31,0,0,0
0,0,0,0,0,0,0,0,0,0,0,0,0,0,0,0
0,0,0,0,0,0,0,0,0,0,0,0,0,0,0,0
0,0,0,0,0,0,0,0,0,0,0,0,0,0,0,0
0,0,0,0,0,0,0,0,0,0,0,0,0,0,0,0
0,0,0,0,0,0,0,0,0,0,0,0,0,0,0,0
0,0,0,0,0,0,0,0,0,0,0,0,0,0,0,0
33,33,33,33,33,33,0,0,0,33,33,33,33,33,33,33
33,0,33,33,33,33,33,33,33,33,0,0,33,33,33,33
33,33,33,0,33,33,33,33,33,33,33,0,33,33,33,33
0,0,0,0,0,0,0,0,0,0,0,0,0,0,0,0
34,34,34,2n,2m,34,34,34,34,34,34,2u,2t,34,34,34
2j,2j,2j,2k,2l,2j,2o,2p,2q,2r,2s,2w,2v,2j,2j,2j
NAME room 1
ITM 1 14,15
EXT 15,15 3 0,15
PAL 0

ROOM 3
38,38,38,38,38,38,38,38,38,38,38,38,38,38,38,38
38,39,35,38,38,38,38,38,38,38,3a,38,38,39,38,38
38,35,37,38,35,3a,35,35,38,38,38,38,38,38,38,38
38,38,38,38,3b,3c,39,38,38,38,38,38,39,38,38,38
38,38,38,38,38,38,35,38,38,38,38,38,38,38,38,38
38,38,38,38,38,38,38,38,38,38,38,38,38,39,38,35
35,35,35,35,35,35,35,35,35,38,38,38,38,35,38,38
38,38,38,38,38,38,38,38,38,38,38,38,38,38,38,35
38,38,38,39,38,38,38,38,38,38,38,38,38,35,35,35
38,38,38,38,38,35,35,35,35,35,35,35,35,35,35,35
38,38,38,35,35,35,35,35,35,35,35,35,35,35,35,35
3g,3h,3h,3i,3i,3k,3k,3k,3k,3k,3l,3l,3m,3m,3m,3m
35,36,36,36,36,36,36,35,35,35,35,35,35,35,35,35
36,35,35,35,35,35,35,35,35,35,35,36,36,36,36,35
36,36,36,36,36,36,36,36,36,36,36,36,36,36,36,36
3e,3e,3e,3e,3e,3e,3e,3e,3e,3e,3e,3e,3e,3e,3e,3e
ITM 2 14,15
EXT 15,15 4 0,15
PAL 0

ROOM 4
38,38,38,38,38,38,38,38,38,38,38,38,38,38,38,38
38,39,35,38,38,38,38,38,38,38,3a,38,38,39,38,38
38,35,37,38,35,3a,35,35,38,38,38,38,38,38,38,38
38,38,38,38,3b,3c,39,38,38,38,38,38,39,38,38,38
38,38,38,38,38,38,35,38,38,38,38,38,38,38,38,38
38,38,38,38,38,38,38,38,38,38,38,38,38,39,35,35
35,35,39,35,35,35,35,3b,3c,35,35,35,38,35,35,35
35,35,35,35,35,35,35,35,35,35,38,38,38,35,38,38
38,38,38,35,35,35,38,38,38,38,38,35,35,35,38,35
35,35,38,35,35,35,38,35,35,35,35,35,35,35,35,35
35,35,35,35,35,35,35,35,35,35,35,35,35,35,35,35
35,36,36,36,36,35,35,35,35,35,35,35,35,35,35,35
35,36,36,36,36,36,36,35,3r,3s,3t,35,35,35,35,35
36,35,36,35,35,35,35,3p,3q,3u,3o,36,36,36,36,35
36,43,3x,41,3z,42,36,3o,36,36,3o,36,36,36,36,36
3e,3e,3w,3e,40,3e,3e,3n,3e,3v,3n,3e,3e,3e,3e,3e
ITM 3 14,15
EXT 15,15 5 0,15
PAL 0

ROOM 5
0,0,0,0,0,0,0,0,0,0,0,0,0,0,0,0
0,0,0,0,0,0,0,0,0,0,0,0,0,30,31,0
0,0,30,31,0,0,0,0,0,0,0,2x,0,0,0,0
0,0,0,0,0,0,0,0,30,2z,0,0,0,0,0,0
0,0,0,0,0,0,0,0,0,0,0,0,0,0,0,0
0,0,0,0,0,0,0,0,0,0,0,0,0,0,0,0
0,0,0,0,4a,49,0,0,0,0,0,0,46,49,0,0
0,0,0,46,0,0,48,0,0,0,0,46,0,0,48,0
0,0,46,0,0,0,0,4b,48,0,46,0,0,0,0,48
47,46,4c,4c,4c,0,46,0,0,4d,0,0,4c,4c,4c,0
45,4c,4c,4c,4c,46,4c,4c,4c,4c,48,4c,4c,4c,4c,4c
0,4c,4c,0,0,0,0,0,0,0,0,0,0,0,0,0
4c,4c,4c,4c,4c,4c,4c,4c,0,0,4c,4c,4c,0,4c,4c
4c,4c,0,0,0,0,0,4c,4c,4c,4c,0,4c,4c,4c,0
0,0,0,0,0,0,0,0,0,0,0,0,0,0,0,0
44,44,44,44,44,44,44,44,44,44,44,44,44,44,44,44
ITM 4 13,15
END undefined 15,15
PAL 0

TIL 10
01000000
01000000
01000000
01000000
01000000
01000000
01111111
01111111

TIL 11
01000000
01000000
01000000
01000000
01000000
01000000
00111111
00000000

TIL 12
00000000
00000000
00000000
00000000
00000000
00000000
11111111
00000000

TIL 13
00000010
00000010
00000010
00000010
00000010
00000010
11111100
00000000

TIL 14
00000011
00011011
00111011
00111011
00111011
00111011
00111111
00111011

TIL 15
11000000
11011000
11011100
11011100
11011100
11011100
11111100
11011100

TIL 16
10011100
01001100
00100000
00100000
00100000
00100000
00100000
00100000

TIL 17
00111001
00110010
00000100
00000100
00000100
00000100
00000100
00000100

TIL 18
00100000
00100000
00100000
00100000
00100000
00100000
00100000
00100000

TIL 19
00000100
00000100
00000100
00000100
00000100
00000100
00000100
00000100

TIL 20
00000000
00000000
00000000
11111111
00000001
00000001
00000001
00000001

TIL 21
00000000
00000000
00000000
11111111
10000000
10000000
10000000
10000000

TIL 22
00000000
00000000
00000000
11111111
00010000
00010100
00010100
00010100

TIL 23
00000000
00000000
00000000
11111111
00001000
01001000
01001000
01001000

TIL 24
00000000
00000000
00000000
00000000
00000000
00000000
00000000
00000000

TIL 25
11111111
00000000
00000000
00000000
00000000
00000000
00000000
00000000

TIL 26
00000001
00000010
00000100
00001000
00010000
00100000
01000000
10000000
>
00000000
00000001
00000010
00000100
00001000
00010100
00101000
01000000

TIL 27
00000000
11111111
11101101
11111111
11010111
11111111
00000000
00000000

TIL 28
00000000
11111000
11011111
11111111
11101111
11111111
00000011
00000001

TIL 29
00000000
00011111
11111101
11111111
11111011
11111111
11000000
10000000

TIL 30
00000000
00000011
00000111
00111110
01111100
01111100
00011111
00000111
>
00000000
00000011
00000111
00111110
01111100
01111100
00011111
00000111

TIL 31
00000000
01100000
10010000
00010000
00010000
00001000
11110000
00000000
>
00000000
01100000
10010000
00010000
00010000
00001000
11110000
00000000

TIL 32
00000000
00000011
00000111
00111110
01111100
01111100
00011111
00000111
>
00000000
00000011
00000111
00111110
01111100
01111100
00011111
00000111

TIL 33
00000000
00000000
00011000
00111100
00100100
01000010
11000011
10000001
WAL true

TIL 34
00000000
00000000
00000000
00000000
00000000
00000000
00000000
00000000
NAME wall near houses
WAL true

TIL 35
11111111
11111111
11111111
11111111
11111111
11111111
11111111
11111111

TIL 36
11111111
11111111
11111111
11111111
11111111
11111111
11111111
11111111
WAL true

TIL 37
11111111
11000011
10010001
10000101
10000001
10010001
11000011
11111111
>
11111111
11000011
10010001
10000101
10000001
10010001
11000011
11111111

TIL 38
11111111
10111111
11111111
11111011
11011111
11111111
11111011
11111111
>
11111111
10111111
11111111
11111011
11111111
11111111
10111111
11111111
WAL true

TIL 39
11111111
11111111
11111101
11011111
10101111
11011111
11111111
11111111

TIL 40
11111001
11111001
11111001
10011001
00011001
10011001
00000000
00000000

TIL 41
11111111
11111111
11111111
00000000
00000000
11111111
11111111
11111111

TIL 42
11111111
11111111
11111111
00111111
00111111
11111111
11111111
11111111

TIL 43
11111111
11111111
11111111
11111100
11111100
11111111
11111111
11111111

TIL 44
00000000
00000000
00000000
00000000
00000000
00000000
11111111
11111111

TIL 45
00000111
00001111
00111110
00111110
01111110
11111100
11110000
11100000

TIL 46
00000001
00000111
00001110
00111110
00111100
11110000
11110000
11000000

TIL 47
00000000
00000000
00000000
00000000
00000000
00000001
00000011
00000111

TIL 48
10000000
11100000
01100000
01111000
00111000
00011000
00001111
00000111

TIL 49
00000000
11100000
11111000
01111100
00011110
00001110
00000110
00000011

TIL a
00000000
11111111
00000000
00000000
00000000
00000000
00000000
00000000

TIL b
00010000
00100111
01001000
10010000
00100000
01000000
10000000
10000000

TIL c
00001000
11100100
00010010
00001001
00000100
00000010
00000001
00000001

TIL d
00000000
00000000
00000000
00000000
00000000
00000000
00000000
00000000

TIL e
00001001
00010001
00100010
01000100
10001000
10010000
00100000
01000000

TIL f
10010000
10001000
01000100
00100010
00010001
00001000
00000100
00000010

TIL g
01000000
01000000
01000000
01000000
01000000
01000000
01000000
01000000

TIL h
00000010
00000010
00000010
00000010
00000010
00000010
00000010
00000010

TIL i
11111111
00000000
00000000
01110100
01110100
01110100
01110100
01110100

TIL j
00000001
00000010
00000010
00000010
00000010
00000010
00000010
00000010

TIL k
00000011
00000011
00000011
00000011
00000011
00000011
00000011
00000011

TIL l
00000000
00000000
00000000
00000000
00000000
00000000
00000011
00000011

TIL m
00000000
00000000
00000000
00000000
00000001
00000010
00000100
00001000

TIL n
00000000
00000000
00000000
00000000
00000000
00000001
00000110
00001000

TIL o
00000000
00000000
00000000
00000000
00000000
11111111
00000000
00000000

TIL p
00000000
00000000
00000000
10000000
11000000
00100000
00010000
00010000

TIL q
00000000
00000000
00000000
00000000
00000000
10000000
11000000
11000000

TIL r
11000000
11000000
11000000
11000000
11000000
11000000
11000000
11000000

TIL s
00000000
00000000
00000000
00000000
00000000
11000000
00100000
00010000

TIL t
00000000
00000000
00000000
00000000
00000000
00000000
11111111
11111111

TIL u
10000000
11000000
11100000
01100000
00110000
00111000
00011100
00001100

TIL v
11111111
00000111
00000011
00000011
00000001
00000001
00000000
00000000

TIL w
11111111
10000000
10000000
10000000
10000000
11100000
11100000
11100000

TIL x
00000001
00000011
00000010
00000110
00001110
00001100
00011000
00011000

TIL y
11111111
00011000
00111000
00110000
00110000
11110000
11100000
11100000

TIL z
00000010
00000010
00000010
00000010
00000010
00000010
11111110
11111110

TIL 1a
00000100
00000010
00000010
00000001
00000010
00000010
00000010
00000001

TIL 1b
00100000
01000000
01000000
10000000
01000000
01000000
01000000
10000000

TIL 1c
00000000
00000000
00000000
11111111
00000000
00000000
00000000
11111111

TIL 1d
01111110
10000001
10011001
10000001
10100101
10011001
10000001
01111110

TIL 1e
00000000
00000001
00000001
00000001
00000001
00000001
00000001
00000000

TIL 1f
00000000
00000000
00000000
00000000
00000000
00000000
00000000
01111110

TIL 1g
00000000
10000000
10000000
10000000
10000000
10000000
10000000
00000000

TIL 1h
01111110
00000000
00000000
00000000
00000000
00000000
00000000
00000000

TIL 1i
00000000
00000000
00000000
00000000
00000000
00000000
00000000
00000000

TIL 1j
00000000
00001111
00010000
00100000
00100000
00100000
00100000
00100001

TIL 1k
00000000
11111000
10000100
10000010
10000010
10000010
10000010
01000010

TIL 1l
00100010
00100100
00011000
00001100
00000111
00000000
00000000
00000000

TIL 1m
00100010
00010010
00001100
00001000
11110000
00000000
00000000
00000000

TIL 1n
00000001
00000010
00000100
00001000
00010000
00100000
01000000
10000000
>
00000000
00000001
00000010
00000100
00001000
00010000
00100000
01000000

TIL 1o
00000000
00000000
00000000
00000000
00000000
00000000
00000000
11111111

TIL 1p
00000001
00000010
00000010
00000001
00000000
00000000
00000000
00000000

TIL 1q
10000000
01000000
01000000
10000000
00000000
00000000
00000000
00000000

TIL 1r
00000000
00000000
00000000
11111111
00000000
00000000
00000000
00000000

TIL 1s
00000000
00000000
00000000
11111111
10000000
10100010
10110110
10101010

TIL 1t
00000000
00000000
00000000
11111111
00000001
00110001
00101001
00100101

TIL 1u
10100010
10100010
10000000
11111111
00000000
00000000
00000000
00000000

TIL 1v
00100101
00111001
00000001
11111111
00000000
00000000
00000000
00000000

TIL 1w
10001000
10001010
10100000
10100000
10100010
10001010
10000000
01111111

TIL 1x
00001000
00001000
01001000
00001000
01001000
01001000
00001000
11110000

TIL 1y
00001001
01001001
01001001
00000001
01001001
01001001
00000001
11111110

TIL 1z
00010001
00010100
00010101
00010001
00010001
00010100
00010000
00001111

TIL 2a
00000000
00000000
00000000
00000000
00000000
00000000
00000001
00000111

TIL 2b
00000111
00000001
00000000
00000000
00000000
00000000
00000000
00000000

TIL 2c
00000000
00000000
00000000
00000000
00000000
00000000
10000000
11000000

TIL 2d
11000000
10000000
00000000
00000000
00000000
00000000
00000000
00000000

TIL 2e
00000000
00000000
00011100
00010000
00011100
00000100
00011100
00000000

TIL 2f
00000000
00000000
00111100
00011000
00011000
00011000
00011000
00000000

TIL 2g
00000000
00000000
00011000
00100100
00111100
00100100
00100100
00000000

TIL 2h
00000000
00000000
00111100
00100100
00111100
00110000
00101100
00000000

TIL 2i
00000000
00000000
00111100
00100100
00111100
00011000
00011000
00000000

TIL 2j
00000000
00000000
00000000
00000000
00000000
00000000
11111111
11111111

TIL 2k
00111111
00111111
00110011
00110011
00111110
00111110
11111110
11111111

TIL 2l
11111100
11111100
11001100
11001100
01111100
11111100
01111111
11111111

TIL 2m
00000000
00000000
10000000
11000000
11100000
11110000
11111000
11111100

TIL 2n
00000000
00000000
00000001
00000011
00000111
00001111
00011111
00111111

TIL 2o
00000000
00000000
00000011
00000010
00000011
00000001
11111111
11111111
>
00000000
00000000
00000001
00000010
00000011
00000001
11111111
11111111

TIL 2p
00000000
00000000
11000011
01000010
11000011
10000001
11111111
11111111
>
00000000
00000000
11000001
01000010
10000011
10000001
11111111
11111111

TIL 2q
00000000
00000000
11000011
01000010
11000011
10000001
11111111
11111111
>
00000000
00000000
11000001
01000010
10000011
10000001
11111111
11111111

TIL 2r
00000000
00000000
11000011
01000010
11000011
10000001
11111111
11111111
>
00000000
00000000
11000001
01000010
10000011
10000001
11111111
11111111

TIL 2s
00000000
00000000
11000000
01000000
11000000
10000000
11111111
11111111
>
00000000
00000000
11000000
01000000
10000000
10000000
11111111
11111111

TIL 2t
00000000
00000000
10000000
11000000
11100000
11110000
11111000
11111100

TIL 2u
00000000
00000000
00000001
00000011
00000111
00001111
00011111
00111111

TIL 2v
11111100
11111100
11001100
11001100
01111100
11111100
01111111
11111111

TIL 2w
00111111
00111111
00110011
00110011
00111110
00111110
11111110
11111111

TIL 2x
00000000
00000000
00111100
01101110
01110110
01101110
00111100
00000000
>
00000000
00000000
00111100
01110110
01011110
01110110
00111100
00000000

TIL 2y
00000000
00000011
00000100
00111000
01000000
01100000
00011000
00000111

TIL 2z
00000000
01100000
10010000
00010000
00010000
00001000
11110000
00000000

TIL 3a
11111111
11111111
11111101
11111010
11011101
11111111
11111111
11111111

TIL 3b
11111111
11111111
11111111
10111111
01010000
10111111
11111111
11111111
>
11111111
11111111
11111111
11111111
01010101
11111111
11111111
11111111

TIL 3c
11111111
11111111
11111111
11111111
01010101
11111111
11111111
11111111
>
11111111
11111111
11111111
11111111
10101010
11111111
11111111
11111111

TIL 3d
11111111
11100111
10000101
10000001
11111111
11111111
11111111
11111111

TIL 3e
11111111
11111111
11111111
11111111
11111111
11111111
00000000
00000000

TIL 3f
00000000
00000000
00000000
00000000
00000000
00000000
00000000
00000000

TIL 3g
11111111
11001110
11001110
11001110
10000110
00000000
00000000
00000000

TIL 3h
11111111
01111110
01011110
01001110
00000000
00000000
00000000
00000000

TIL 3i
11111111
00111111
00011111
00000111
00000110
00000110
00000000
00000000

TIL 3j
11111111
11111111
10011111
10000111
10000110
00000110
00000000
00000000

TIL 3k
11111111
11101111
11010110
11000110
11000110
01000110
01000000
00000000

TIL 3l
11000111
11010111
11000110
11010110
11000110
01010110
01000000
00000000

TIL 3m
01000100
01010101
01000100
01010101
01000100
01010101
00000000
00000000

TIL 3n
11100111
11100111
11100111
11100111
11100111
11100111
00000000
00000000

TIL 3o
11100111
11100111
11100111
11100111
11100111
11100111
11100111
11100111

TIL 3p
11111111
11111111
11111111
11111111
11111110
11111100
00000001
00000111

TIL 3q
11110111
11101111
11011111
10111111
01111111
11111111
11111111
11111111

TIL 3r
11111111
11111111
11111111
11111111
11111111
11111110
11111101
11111011

TIL 3s
11100011
11101111
11101001
11100001
00000000
00000000
11111111
11111111

TIL 3t
11111111
11111111
11111111
11111111
00000111
00000111
11100111
11100111

TIL 3u
11111111
11111111
11111111
10000001
10000001
10000001
11111111
11111111

TIL 3v
11111111
11111111
00000011
01100011
01100011
01100011
00000000
00000000

TIL 3w
10011111
10011111
10011111
10011001
10011000
10011001
00000000
00000000

TIL 3x
11111111
11111111
11111111
00000000
00000000
10011111
10011111
10011111

TIL 3y
11111111
11111111
11111111
11111111
11111111
11111111
00000000
00000000

TIL 3z
11111111
11111111
11111111
00000000
00000000
11111001
11111001
11111001

TIL 4a
00000000
00001111
00111111
00111110
01111110
11000000
11000000
10000000

TIL 4b
10000001
11000111
11101110
00111110
00111100
11110000
11110000
11000000

TIL 4c
00000000
00000000
00110011
00110011
01010101
01010101
01110111
00100010
>
00000000
00000000
01110011
01100011
01010101
01010101
00100111
00100010

TIL 4d
11000001
11000111
11101110
00111110
00111100
11111100
11110110
11000011

TIL 4e
11111111
11111111
11111111
11111111
11111111
11111111
11111111
11111111

TIL 4f
11111111
11111111
10000001
10000001
10000001
10000001
10000001
11111111
>
11111111
11111111
10000001
10000001
10000001
10000001
10000001
11111111

TIL 4g
11111111
11111111
00000000
00000000
00000000
00000000
11111111
11111111
>
11111111
11111111
00000000
00000000
00000000
00000000
11111111
11111111

TIL 4h
11111111
11111111
11111111
11100100
11100100
11100100
11111111
11111111

TIL 4i
11111111
11111111
11111111
11100101
11100101
11100101
11111111
11111111

TIL 4j
11111111
11111111
11111111
11010011
11010011
11010011
11111111
11111111

TIL 4k
00000001
00000001
00000001
00000011
00000011
00000111
00001111
11111111

TIL 4l
00000001
00000001
00000001
00000001
00000001
00000001
00000001
00000001

TIL 4m
00000000
00000000
00000000
00000000
00000000
00000000
00000000
11111111

TIL 4n
00011000
00011000
00011000
00011000
00011000
00011000
00011000
00011000

TIL 4o
00000000
00000000
11111111
11111111
11111111
11111111
11111111
11111111

SPR A
00000000
00000000
00000000
11111000
10010100
11110110
11111110
01000100
>
00000000
00000000
00000000
11111000
10010100
11110110
11111110
01000100
POS 0 4,14

SPR b
00000000
00000000
00001000
00011000
00011000
00000000
00000000
00000000

SPR a
00000000
00000000
00000000
00000000
00000000
00000000
00000000
00000000
POS 0 14,15

ITM 0
00000000
00000000
00000000
00111100
01100100
00100100
00011000
00000000
NAME tea
DLG ITM_0

ITM 1
00000000
00000000
01111110
01111110
01111110
00011000
11111111
11111111
DLG ITM_1
COL 3

ITM 2
00000000
00000000
01111110
01111110
01111110
00011000
11111111
11111111
DLG ITM_2

ITM 3
00000000
00000000
01111110
01111110
01111110
00011000
11111111
11111111
DLG ITM_3

ITM 4
00000000
00000000
01111110
01111110
01111110
00011000
11111111
11111111
DLG ITM_4

DLG ITM_0
You found a nice warm cup of tea

DLG ITM_1
There was nowhere to go but everywhere, so just keep on rolling under the stars.

DLG ITM_2
Nothing behind me, everything ahead of me, as is ever so on the road.

DLG ITM_3
The air was soft, the stars so fine, the promise of every cobbled alley so great, that I thought I was in a dream.

DLG ITM_4
Because in the end, you won't remember the time you spent working in the office or mowing your lawn. Climb that goddamn mountain.

VAR a
42

