


# BITSY VERSION 4.8

! ROOM_FORMAT 1

PAL 0
NAME main
0,18,46
215,251,254
0,18,46

PAL 1
NAME garden
27,107,32
253,254,139
231,254,228

PAL 2
NAME flowers1
53,125,33
254,254,195
53,125,33

PAL 3
NAME flowers2
47,112,30
185,184,178
47,112,30

PAL 4
NAME flowers3
22,51,13
81,90,98
22,51,13

PAL 5
NAME flowers4
6,6,31
28,51,47
6,6,31

PAL 6
NAME witch
20,63,92
0,0,0
20,63,92

PAL 7
NAME witch2
20,63,92
0,0,0
255,255,255

PAL 8
NAME main2
0,18,46
215,251,254
255,255,255

PAL 9
NAME hunt
38,8,8
207,152,126
38,8,8

ROOM 0
0,0,0,0,0,0,0,0,1m,0,0,0,0,0,0,0
1q,1q,1q,1j,0,0,1k,0,0,0,1k,0,0,0,1j,0
1m,1l,0,0,0,1k,0,1l,0,0,0,0,0,1m,0,0
0,0,0,0,0,0,0,0,0,0,0,1j,0,0,0,0
0,0,b,c,d,e,f,0,0,1k,0,0,0,1l,0,0
1j,0,0,0,0,0,0,0,r,s,t,0,1n,0,0,1k
0,0,g,h,i,0,0,0,u,v,w,10,11,12,13,0
0,0,0,0,0,0,1j,0,y,x,z,1g,1i,1g,1b,0
1l,0,j,k,l,1m,0,0,0,14,1h,1g,1f,1d,1c,0
0,0,0,0,0,0,0,0,16,15,17,18,1e,19,1a,0
0,0,m,n,o,p,q,0,0,0,0,0,0,0,0,1k
0,0,0,0,0,0,0,0,0,1k,0,0,0,1l,0,0
0,1l,0,0,0,0,1l,0,0,0,0,1l,0,0,0,0
0,0,0,1j,0,0,0,0,1k,0,0,0,0,0,1k,0
1m,0,1k,0,0,0,1k,0,0,0,1m,0,1j,0,0,0
0,0,0,0,1n,0,0,0,0,0,0,0,0,0,0,0
NAME title
ITM 1 1,0
EXT 2,0 1 0,0
PAL 0

ROOM 1
0,0,0,0,0,0,0,0,1m,0,0,0,0,0,0,0
1q,1q,0,1j,0,0,1k,0,0,0,1k,0,0,0,1j,0
1m,1l,0,0,0,1k,0,1l,0,0,0,0,0,1m,0,0
0,0,0,0,0,0,0,0,0,0,0,1j,0,0,0,0
0,0,1j,0,1k,0,0,0,0,1k,0,0,0,1l,0,0
1j,0,0,0,0,0,0,0,0,0,0,0,1n,0,0,1k
0,0,0,1k,0,0,0,0,1j,0,1j,0,0,0,0,0
0,0,0,0,0,0,1j,0,0,0,0,1k,0,1m,0,0
1l,0,1j,0,0,1m,0,0,0,1l,0,1m,1k,0,0,1m
0,0,0,0,0,0,0,0,1j,0,1k,0,1m,0,1m,0
0,0,0,1n,0,1j,0,0,0,0,0,0,0,0,0,1k
0,0,0,0,0,0,0,0,0,1k,0,0,0,1l,0,0
0,1l,0,0,0,0,1l,0,0,0,0,1l,0,0,0,0
0,0,0,1j,0,0,0,0,1k,0,0,0,0,0,1k,0
1m,0,1k,0,0,0,0,0,0,0,1m,0,1j,0,0,0
0,0,0,0,1n,0,0,0,0,0,0,0,0,0,0,0
NAME t1
EXT 1,0 2 0,0
PAL 0

ROOM 2
0,0,0,0,0,0,0,0,1m,0,0,0,0,0,0,0
1q,1q,0,1j,0,0,1k,0,0,0,0,0,0,0,1j,0
1m,1l,0,0,0,1k,0,1l,0,1o,0,0,0,1m,0,0
0,0,0,0,0,0,0,0,0,0,0,1j,0,0,0,0
0,0,1j,0,1k,0,0,0,0,1k,0,0,0,1l,0,0
1j,0,0,0,0,0,0,0,0,0,0,0,1n,0,0,1k
0,0,0,1k,0,0,0,0,1j,0,1j,0,0,0,0,0
0,0,0,0,0,0,1j,0,0,0,0,1k,0,1m,0,0
1l,0,1j,0,0,1m,0,0,0,1l,0,1m,1k,0,0,1m
0,0,0,0,0,0,0,0,1j,0,1k,0,1m,0,1m,0
0,0,0,1n,0,1j,0,0,0,0,0,0,0,0,0,1k
0,0,0,0,0,0,0,0,0,1k,0,0,0,1l,0,0
0,1l,0,0,0,0,1l,0,0,0,0,1l,0,0,0,0
0,0,0,1j,0,0,0,0,1k,0,0,0,0,0,1k,0
1m,0,1k,0,0,0,0,0,0,0,1m,0,1j,0,0,0
0,0,0,0,1n,0,0,0,0,0,0,0,0,0,0,0
NAME star1
EXT 1,0 3 0,0
PAL 0

ROOM 3
0,0,0,0,0,0,0,0,1m,0,0,0,0,0,0,0
1q,1q,0,1j,0,0,1k,0,0,0,0,0,0,0,1j,0
1m,1l,0,0,0,1k,0,1l,0,1p,0,0,0,1m,0,0
0,0,0,0,0,0,0,0,1o,0,0,1j,0,0,0,0
0,0,1j,0,1k,0,0,0,0,1k,0,0,0,1l,0,0
1j,0,0,0,0,0,0,0,0,0,0,0,1n,0,0,1k
0,0,0,1k,0,0,0,0,1j,0,1j,0,0,0,0,0
0,0,0,0,0,0,1j,0,0,0,0,1k,0,1m,0,0
1l,0,1j,0,0,1m,0,0,0,1l,0,1m,1k,0,0,1m
0,0,0,0,0,0,0,0,1j,0,1k,0,1m,0,1m,0
0,0,0,1n,0,1j,0,0,0,0,0,0,0,0,0,1k
0,0,0,0,0,0,0,0,0,1k,0,0,0,1l,0,0
0,1l,0,0,0,0,1l,0,0,0,0,1l,0,0,0,0
0,0,0,1j,0,0,0,0,1k,0,0,0,0,0,1k,0
1m,0,1k,0,0,0,0,0,0,0,1m,0,1j,0,0,0
0,0,0,0,1n,0,0,0,0,0,0,0,0,0,0,0
NAME star2
EXT 1,0 4 0,0
PAL 0

ROOM 4
0,0,0,0,0,0,0,0,1m,0,0,0,0,0,0,0
1q,1q,0,1j,0,0,1k,0,0,0,0,0,0,0,1j,0
1m,1l,0,0,0,1k,0,1l,0,0,0,0,0,1m,0,0
0,0,0,0,0,0,0,0,1p,0,0,1j,0,0,0,0
0,0,1j,0,1k,0,0,1o,0,1k,0,0,0,1l,0,0
1j,0,0,0,0,0,0,0,0,0,0,0,1n,0,0,1k
0,0,0,1k,0,0,0,0,1j,0,1j,0,0,0,0,0
0,0,0,0,0,0,1j,0,0,0,0,1k,0,1m,0,0
1l,0,1j,0,0,1m,0,0,0,1l,0,1m,1k,0,0,1m
0,0,0,0,0,0,0,0,1j,0,1k,0,1m,0,1m,0
0,0,0,1n,0,1j,0,0,0,0,0,0,0,0,0,1k
0,0,0,0,0,0,0,0,0,1k,0,0,0,1l,0,0
0,1l,0,0,0,0,1l,0,0,0,0,1l,0,0,0,0
0,0,0,1j,0,0,0,0,1k,0,0,0,0,0,1k,0
1m,0,1k,0,0,0,0,0,0,0,1m,0,1j,0,0,0
0,0,0,0,1n,0,0,0,0,0,0,0,0,0,0,0
NAME star3
EXT 1,0 5 0,0
PAL 0

ROOM 5
0,0,0,0,0,0,0,0,1m,0,0,0,0,0,0,0
1q,1q,0,1j,0,0,1k,0,0,0,0,0,0,0,1j,0
1m,1l,0,0,0,1k,0,1l,0,0,0,0,0,1m,0,0
0,0,0,0,0,0,0,0,0,0,0,1j,0,0,0,0
0,0,1j,0,1k,0,0,1p,0,1k,0,0,0,1l,0,0
1j,0,0,0,0,0,1o,0,0,0,0,0,1n,0,0,1k
0,0,0,1k,0,0,0,0,1j,0,1j,0,0,0,0,0
0,0,0,0,0,0,1j,0,0,0,0,1k,0,1m,0,0
1l,0,1j,0,0,1m,0,0,0,1l,0,1m,1k,0,0,1m
0,0,0,0,0,0,0,0,1j,0,1k,0,1m,0,1m,0
0,0,0,1n,0,1j,0,0,0,0,0,0,0,0,0,1k
0,0,0,0,0,0,0,0,0,1k,0,0,0,1l,0,0
0,1l,0,0,0,0,1l,0,0,0,0,1l,0,0,0,0
0,0,0,1j,0,0,0,0,1k,0,0,0,0,0,1k,0
1m,0,1k,0,0,0,0,0,0,0,1m,0,1j,0,0,0
0,0,0,0,1n,0,0,0,0,0,0,0,0,0,0,0
NAME star4
EXT 1,0 6 0,0
PAL 0

ROOM 6
0,0,0,0,0,0,0,0,1m,0,0,0,0,0,0,0
1q,1q,0,1j,0,0,1k,0,0,0,0,0,0,0,1j,0
1m,1l,0,0,0,1k,0,1l,0,0,0,0,0,1m,0,0
0,0,0,0,0,0,0,0,0,0,0,1j,0,0,0,0
0,0,1j,0,1k,0,0,0,0,1k,0,0,0,1l,0,0
1j,0,0,0,0,0,1p,0,0,0,0,0,1n,0,0,1k
0,0,0,1k,0,1o,0,0,1j,0,1j,0,0,0,0,0
0,0,0,0,0,0,1j,0,0,0,0,1k,0,1m,0,0
1l,0,1j,0,0,1m,0,0,0,1l,0,1m,1k,0,0,1m
0,0,0,0,0,0,0,0,1j,0,1k,0,1m,0,1m,0
0,0,0,1n,0,1j,0,0,0,0,0,0,0,0,0,1k
0,0,0,0,0,0,0,0,0,1k,0,0,0,1l,0,0
0,1l,0,0,0,0,1l,0,0,0,0,1l,0,0,0,0
0,0,0,1j,0,0,0,0,1k,0,0,0,0,0,1k,0
1m,0,1k,0,0,0,0,0,0,0,1m,0,1j,0,0,0
0,0,0,0,1n,0,0,0,0,0,0,0,0,0,0,0
NAME star5
EXT 1,0 7 0,0
PAL 0

ROOM 7
0,0,0,0,0,0,0,0,1m,0,0,0,0,0,0,0
1q,1q,0,1j,0,0,1k,0,0,0,0,0,0,0,1j,0
1m,1l,0,0,0,1k,0,1l,0,0,0,0,0,1m,0,0
0,0,0,0,0,0,0,0,0,0,0,1j,0,0,0,0
0,0,1j,0,1k,0,0,0,0,1k,0,0,0,1l,0,0
1j,0,0,0,0,0,0,0,0,0,0,0,1n,0,0,1k
0,0,0,1k,0,1p,0,0,1j,0,1j,0,0,0,0,0
0,0,0,0,1o,0,1j,0,0,0,0,1k,0,1m,0,0
1l,0,1j,0,0,1m,0,0,0,1l,0,1m,1k,0,0,1m
0,0,0,0,0,0,0,0,1j,0,1k,0,1m,0,1m,0
0,0,0,1n,0,1j,0,0,0,0,0,0,0,0,0,1k
0,0,0,0,0,0,0,0,0,1k,0,0,0,1l,0,0
0,1l,0,0,0,0,1l,0,0,0,0,1l,0,0,0,0
0,0,0,1j,0,0,0,0,1k,0,0,0,0,0,1k,0
1m,0,1k,0,0,0,0,0,0,0,1m,0,1j,0,0,0
0,0,0,0,1n,0,0,0,0,0,0,0,0,0,0,0
NAME star6
EXT 1,0 8 0,0
PAL 0

ROOM 8
0,0,0,0,0,0,0,0,1m,0,0,0,0,0,0,0
1q,1q,0,1j,0,0,1k,0,0,0,0,0,0,0,1j,0
1m,1l,0,0,0,1k,0,1l,0,0,0,0,0,1m,0,0
0,0,0,0,0,0,0,0,0,0,0,1j,0,0,0,0
0,0,1j,0,1k,0,0,0,0,1k,0,0,0,1l,0,0
1j,0,0,0,0,0,0,0,0,0,0,0,1n,0,0,1k
0,0,0,1k,0,0,0,0,1j,0,1j,0,0,0,0,0
0,0,0,0,1p,0,1j,0,0,0,0,1k,0,1m,0,0
1l,0,1j,1o,0,1m,0,0,0,1l,0,1m,1k,0,0,1m
0,0,0,0,0,0,0,0,1j,0,1k,0,1m,0,1m,0
0,0,0,1n,0,1j,0,0,0,0,0,0,0,0,0,1k
0,0,0,0,0,0,0,0,0,1k,0,0,0,1l,0,0
0,1l,0,0,0,0,1l,0,0,0,0,1l,0,0,0,0
0,0,0,1j,0,0,0,0,1k,0,0,0,0,0,1k,0
1m,0,1k,0,0,0,0,0,0,0,1m,0,1j,0,0,0
0,0,0,0,1n,0,0,0,0,0,0,0,0,0,0,0
NAME star7
EXT 1,0 9 0,0
PAL 0

ROOM 9
0,0,0,0,0,0,0,0,1m,0,0,0,0,0,0,0
1q,1q,0,1j,0,0,1k,0,0,0,0,0,0,0,1j,0
1m,1l,0,0,0,1k,0,1l,0,0,0,0,0,1m,0,0
0,0,0,0,0,0,0,0,0,0,0,1j,0,0,0,0
0,0,1j,0,1k,0,0,0,0,1k,0,0,0,1l,0,0
1j,0,0,0,0,0,0,0,0,0,0,0,1n,0,0,1k
0,0,0,1k,0,0,0,0,1j,0,1j,0,0,0,0,0
0,0,0,0,0,0,1j,0,0,0,0,1k,0,1m,0,0
1l,0,1j,1p,0,1m,0,0,0,1l,0,1m,1k,0,0,1m
0,0,1o,0,0,0,0,0,1j,0,1k,0,1m,0,1m,0
0,0,0,1n,0,1j,0,0,0,0,0,0,0,0,0,1k
0,0,0,0,0,0,0,0,0,1k,0,0,0,1l,0,0
0,1l,0,0,0,0,1l,0,0,0,0,1l,0,0,0,0
0,0,0,1j,0,0,0,0,1k,0,0,0,0,0,1k,0
1m,0,1k,0,0,0,0,0,0,0,1m,0,1j,0,0,0
0,0,0,0,1n,0,0,0,0,0,0,0,0,0,0,0
NAME star8
EXT 1,0 a 0,0
PAL 0

ROOM 10
0,0,0,0,0,0,0,0,0,1q,0,1q,0,0,0,1g
0,0,0,0,0,0,0,0,0,1q,0,1q,0,0,0,1g
0,0,0,0,0,0,0,0,0,1q,0,1q,0,0,0,1g
0,0,0,0,0,0,0,0,0,1q,0,1q,0,0,0,1g
0,0,0,0,0,0,0,0,0,1q,0,1q,0,0,0,1g
0,0,0,0,0,0,0,0,0,1q,0,1q,0,0,43,1g
0,0,0,4f,0,0,0,0,0,1q,0,1q,0,43,1g,1g
0,0,0,4e,4j,0,0,0,0,1q,0,1q,43,1g,1g,1g
0,4b,4k,4d,4g,4c,0,0,0,1q,0,43,1g,1g,1g,1g
0,0,0,4i,4h,0,0,0,0,1q,0,46,0,0,0,1g
0,0,0,0,0,0,0,0,0,1q,0,46,0,0,0,1g
0,0,1q,1q,1q,1q,1q,0,0,1q,0,46,0,0,0,1g
0,0,1q,0,0,0,1q,0,0,1q,0,46,0,0,0,1g
0,0,1q,1q,1q,1q,1q,0,0,1q,0,46,0,0,4m,1g
0,47,0,4l,0,0,47,0,0,45,44,44,44,44,44,1g
1g,1g,1g,1g,1g,1g,1g,1g,1g,1g,1g,1g,1g,1g,1g,1g
NAME witch2
EXT 10,0 11 8,15
PAL 7

ROOM 11
0,0,0,0,0,0,0,0,0,0,0,0,0,0,0,0
0,0,0,1j,0,0,0,0,0,0,1j,0,0,0,1m,0
1l,0,0,0,0,0,0,0,1k,0,0,0,0,0,0,0
0,0,0,0,0,1k,0,0,0,0,0,0,0,1j,0,0
0,1k,0,0,0,0,0,0,0,0,0,1l,0,0,0,0
0,0,0,1m,0,0,0,0,0,0,0,0,0,1k,0,1l
0,0,0,0,0,0,0,0,4n,0,0,0,0,0,0,0
0,1j,0,0,0,0,0,0,0,0,0,0,0,0,0,0
0,0,0,0,0,0,0,0,0,0,0,0,0,0,1j,0
0,0,0,1l,0,0,0,0,0,0,0,1m,0,0,0,0
0,1k,0,0,0,0,0,0,0,0,0,0,0,0,0,0
0,0,0,0,0,1m,0,0,0,0,1j,0,0,0,1k,0
0,0,0,0,0,0,0,0,0,0,0,0,0,0,0,0
0,0,1j,0,0,0,0,0,0,0,0,0,1m,0,0,0
0,0,0,0,0,0,1j,0,0,0,1k,0,0,0,1j,0
0,1m,0,0,0,0,0,0,0,0,0,0,0,0,0,0
NAME estar1
EXT 8,6 12 5,6
PAL 8

ROOM 12
0,0,0,0,0,0,0,0,0,0,0,0,0,0,0,0
0,0,0,1j,0,0,0,0,0,0,1j,0,0,0,1m,0
1l,0,0,0,0,0,0,0,1k,0,0,0,0,0,0,0
0,0,0,0,0,1k,0,0,0,0,0,0,0,1j,0,0
0,1k,0,0,0,0,0,0,0,0,0,1l,0,0,0,0
0,0,0,1m,0,1q,0,0,0,0,0,0,0,1k,0,1l
0,0,0,0,1q,0,1q,0,4p,0,0,0,0,0,0,0
0,1j,0,0,1q,0,1q,0,4p,0,0,0,0,0,0,0
0,0,0,0,1q,0,1q,0,4o,0,0,0,0,0,1j,0
0,0,0,1l,0,1q,0,0,4n,0,0,1m,0,0,0,0
0,1k,0,0,0,0,0,0,0,0,0,0,0,0,0,0
0,0,0,0,0,1m,0,0,0,0,1j,0,0,0,1k,0
0,0,0,0,0,0,0,0,0,0,0,0,0,0,0,0
0,0,1j,0,0,0,0,0,0,0,0,0,1m,0,0,0
0,0,0,0,0,0,1j,0,0,0,1k,0,0,0,1j,0
0,1m,0,0,0,0,0,0,0,0,0,0,0,0,0,0
NAME estar2
ITM 1 5,7
EXT 5,8 13 5,6
PAL 0

ROOM 13
0,0,0,0,0,0,0,0,0,0,0,0,0,0,0,0
0,0,0,1j,0,0,0,0,0,0,1j,0,0,0,1m,0
1l,0,0,0,0,0,0,0,1k,0,0,0,0,0,0,0
0,0,0,0,0,1k,0,0,0,0,0,0,0,1j,0,0
0,1k,0,0,0,0,0,0,0,0,0,1l,0,0,0,0
0,0,0,1m,0,1q,0,0,0,0,0,0,0,1k,0,1l
0,0,0,0,1q,0,1q,0,0,0,0,0,0,0,0,0
0,1j,0,0,1q,0,1q,0,0,0,0,0,0,0,0,0
0,0,0,0,1q,0,1q,0,0,0,0,0,0,0,1j,0
0,0,0,1l,0,1q,0,0,4q,0,0,1m,0,0,0,0
0,1k,0,0,0,0,0,0,4p,0,0,0,0,0,0,0
0,0,0,0,0,1m,0,0,4o,0,1j,0,0,0,1k,0
0,0,0,0,0,0,0,0,4n,0,0,0,0,0,0,0
0,0,1j,0,0,0,0,0,0,0,0,0,1m,0,0,0
0,0,0,0,0,0,1j,0,0,0,1k,0,0,0,1j,0
0,1m,0,0,0,0,0,0,0,0,0,0,0,0,0,0
NAME estar3
ITM 1 5,7
EXT 5,8 14 5,6
PAL 0

ROOM 14
0,0,0,0,0,0,0,0,0,0,0,0,0,0,0,0
0,0,0,1j,0,0,0,0,0,0,1j,0,0,0,1m,0
1l,0,0,0,0,0,0,0,1k,0,0,0,0,0,0,0
0,0,0,0,0,1k,0,0,0,0,0,0,0,1j,0,0
0,1k,0,0,0,0,0,0,0,0,0,1l,0,0,0,0
0,0,0,1m,0,1q,0,0,0,0,0,0,0,1k,0,1l
0,0,0,0,1q,0,1q,0,0,0,0,0,0,0,0,0
0,1j,0,0,1q,0,1q,0,0,0,0,0,0,0,0,0
0,0,0,0,1q,0,1q,0,0,0,0,0,0,0,1j,0
0,0,0,1l,0,1q,0,0,0,0,0,1m,0,0,0,0
0,1k,0,0,0,0,0,0,0,0,0,0,0,0,0,0
0,0,0,0,0,1m,0,0,0,0,1j,0,0,0,1k,0
0,0,0,0,0,0,0,0,4q,0,0,0,0,0,0,0
0,0,1j,0,0,0,0,0,4p,0,0,0,1m,0,0,0
0,0,0,0,0,0,1j,0,4o,0,1k,0,0,0,1j,0
0,1m,0,0,0,0,0,0,4n,0,0,0,0,0,0,0
NAME estar4
ITM 1 5,7
EXT 5,8 15 2,14
PAL 0

ROOM 15
1q,0,0,0,1q,0,0,0,0,0,1l,0,0,0,0,0
0,1j,1q,1q,0,4n,0,3o,3h,3l,0,0,4n,3o,3h,3l
0,3o,3h,3l,0,0,0,3k,3g,3j,0,0,0,3k,3g,3j
0,3k,3g,3j,0,0,1k,3n,3i,3m,0,1k,0,3n,3i,3m
1k,3n,3i,3m,0,0,0,0,1n,0,0,0,0,0,1j,0
0,0,0,0,1j,0,0,0,0,0,1l,0,4n,0,0,0
0,4n,0,0,0,0,r,s,t,0,0,0,0,0,3o,3h
0,0,0,0,1m,0,u,v,w,10,11,12,13,1m,3k,3g
0,3o,3h,3l,0,0,y,x,z,1g,1g,1g,1b,0,3n,3i
0,3k,3g,3j,0,1n,0,14,1h,1g,1f,1d,1c,0,0,0
0,3n,3i,3m,0,0,16,15,17,18,1e,19,1a,0,0,1k
1l,0,0,0,1k,0,0,0,0,0,0,0,0,0,0,1j
0,0,4n,0,0,0,0,0,0,0,1j,0,3o,3h,3l,0
0,0,1q,1q,1m,3o,3h,3l,0,0,0,0,3k,3g,3j,0
0,1j,0,0,0,3k,3g,3j,0,4n,1q,0,3n,3i,3m,1q
0,0,1q,1k,1q,3n,3i,3m,0,0,0,0,1k,0,0,0
NAME end
ITM 1 3,14
ITM 1 14,15
ITM 1 2,0
ITM 1 9,12
ITM 1 6,4
ITM 1 14,5
ITM 1 3,11
EXT 4,14 15 1,0
EXT 3,0 15 13,15
EXT 15,15 15 8,12
PAL 0

ROOM 16
0,0,0,0,0,0,0,0,0,0,0,0,0,0,0,0
0,0,0,0,0,0,51,4z,50,0,0,0,0,0,0,0
0,0,0,0,0,0,0,4r,0,0,0,0,0,0,0,0
0,0,0,0,4v,4u,4t,4s,4w,4x,4y,0,0,0,0,0
0,0,0,0,0,0,5k,0,0,0,5l,0,0,0,0,0
0,0,0,0,0,0,5j,0,0,0,5m,0,0,0,0,0
0,0,0,0,0,6j,5i,0,6n,0,5n,6g,0,0,0,0
0,0,0,5v,5u,5t,5e,52,5a,53,5f,5o,5p,5q,0,0
0,0,5w,0,0,0,56,6k,6k,6k,58,0,0,0,5r,0
0,0,5x,0,0,6l,5c,6k,6k,6k,5d,6m,0,0,5s,0
0,0,62,0,0,0,57,6k,6k,6k,59,0,0,0,5y,0
0,0,0,63,64,65,5h,55,5b,54,5g,5z,60,61,0,0
0,0,0,0,0,6i,6c,0,6o,0,66,6h,0,0,0,0
0,0,0,0,0,0,6d,0,0,0,67,0,0,0,0,0
1q,1q,0,0,0,0,6e,0,0,0,68,0,0,0,0,0
0,0,1q,0,0,0,6f,6b,0,6a,69,0,0,0,0,0
NAME prey
EXT 1,15 u 8,1
PAL 9

ROOM a
0,0,0,0,0,0,0,0,1m,0,0,0,0,0,0,0
1q,1q,0,1j,0,0,1k,0,0,0,0,0,0,0,1j,0
1m,1l,0,0,0,1k,0,1l,0,0,0,0,0,1m,0,0
0,0,0,0,0,0,0,0,0,0,0,1j,0,0,0,0
0,0,1j,0,1k,0,0,0,0,1k,0,0,0,1l,0,0
1j,0,0,0,0,0,0,0,0,0,0,0,1n,0,0,1k
0,0,0,1k,0,0,0,0,1j,0,1j,0,0,0,0,0
0,0,0,0,0,0,1j,0,0,0,0,1k,0,1m,0,0
1l,0,1j,0,0,1m,0,0,0,1l,0,1m,1k,0,0,1m
0,0,1p,0,0,0,0,0,1j,0,1k,0,1m,0,1m,0
0,0,0,1n,0,1j,0,0,0,0,0,0,0,0,0,1k
0,0,0,0,0,0,0,0,0,1k,0,0,0,1l,0,0
0,1l,0,0,0,0,1l,0,0,0,0,1l,0,0,0,0
0,0,0,1j,0,0,0,0,1k,0,0,0,0,0,1k,0
1m,0,1k,0,0,0,0,0,0,0,1m,0,1j,0,0,0
0,0,0,0,1n,0,0,0,0,0,0,0,0,0,0,0
NAME star9
EXT 1,0 b 0,0
PAL 0

ROOM b
0,0,0,0,0,0,0,0,1m,0,0,0,0,0,0,0
1q,1q,1q,1j,1q,1q,1k,0,0,0,0,0,0,0,1j,0
1m,1l,0,0,0,1k,0,1l,0,0,0,0,0,1m,0,0
0,0,0,0,0,0,0,0,0,0,0,1j,0,0,0,0
0,0,1j,0,1k,0,0,0,0,1k,0,0,0,1l,0,0
1j,0,0,0,0,0,0,0,0,0,0,0,1n,0,0,1k
0,0,0,1k,0,0,0,0,1j,0,1j,0,0,0,0,0
0,0,0,0,0,0,1j,0,0,0,0,1k,0,1m,0,0
1l,0,1j,0,0,1m,0,0,0,1l,0,1m,1k,0,0,1m
0,0,0,0,0,0,0,0,1j,0,1k,0,1m,0,1m,0
0,0,0,1n,0,1j,0,0,0,0,0,0,0,0,0,1k
0,0,0,0,0,0,0,0,0,1k,0,0,0,1l,0,0
0,1l,0,0,0,0,1l,0,0,0,0,1l,0,0,0,0
0,0,0,1j,0,0,0,0,1k,0,0,0,0,0,1k,0
1m,0,1k,0,0,0,0,0,0,0,1m,0,1j,0,0,0
0,0,0,0,1n,0,0,0,0,0,0,0,0,0,0,0
NAME star10
ITM 1 1,0
EXT 2,0 c 0,0
PAL 0

ROOM c
0,0,0,1q,0,0,0,1q,1m,0,0,0,1q,0,0,0
1q,1q,1q,1j,1q,1q,1k,0,0,1q,1q,1q,0,1q,1j,1q
1m,1l,0,0,0,1k,0,1l,0,0,0,0,0,1m,0,0
0,0,0,0,0,0,0,0,0,0,0,1j,0,0,0,0
0,0,1j,0,1k,0,0,0,0,1k,0,0,0,1l,0,0
1j,0,0,0,0,0,0,0,r,s,t,0,1n,0,0,1k
0,0,0,1k,0,0,0,0,u,v,w,10,11,12,13,0
0,0,0,0,0,0,1j,0,y,x,z,1g,1i,1g,1b,0
1l,0,1j,0,0,1m,0,0,0,14,1h,1g,1f,1g,1c,1m
0,0,0,0,0,0,0,0,16,15,18,18,1e,19,1a,0
0,0,0,1n,0,1j,0,0,0,0,0,0,0,0,0,1k
0,0,0,0,0,0,0,0,0,1k,0,0,0,1l,0,0
0,1l,0,0,0,0,1l,0,0,0,0,1l,0,0,0,0
0,0,0,1j,0,0,0,0,1k,0,0,0,0,0,1k,0
1m,0,1k,0,0,0,0,0,0,0,1m,0,1j,0,0,0
0,0,0,0,1n,0,0,0,0,0,0,0,0,0,0,0
NAME cat_me
ITM 1 1,0
ITM 1 5,0
ITM 1 10,0
ITM 1 14,0
EXT 2,0 d 0,15
EXT 6,0 d 5,15
EXT 11,0 d 9,15
EXT 15,0 d 13,15
PAL 0

ROOM d
0,0,0,0,0,0,0,0,1m,0,0,0,0,0,0,0
1q,1q,1q,1j,1q,1q,1k,0,0,0,0,0,0,0,1j,0
1m,1l,0,0,0,1k,0,1l,0,0,0,0,0,1m,0,0
0,0,0,0,0,0,0,0,0,0,0,1j,0,0,0,0
0,0,1j,0,1k,0,0,0,0,1k,0,0,0,1l,0,0
1j,0,0,0,0,0,0,0,r,s,t,0,1n,0,0,1k
0,0,0,1k,0,0,0,0,u,v,w,10,11,12,13,0
0,0,0,0,0,0,1j,0,y,x,z,1g,1i,1g,1b,0
1l,0,1j,0,0,1m,0,0,0,14,1h,1g,1f,1g,1c,1m
0,0,0,0,0,0,0,0,16,15,18,18,1e,19,1a,0
0,0,0,1n,0,1j,0,0,0,0,0,0,0,0,0,1k
0,0,0,0,0,0,0,0,0,1k,0,0,0,1l,0,0
0,1l,0,0,0,0,1l,0,0,0,0,1l,0,0,0,0
0,0,0,1j,0,0,0,0,1k,0,0,0,0,0,1k,0
1m,1q,1k,1q,0,1q,1q,1q,0,1q,1m,1q,1j,0,0,0
0,0,0,0,1n,0,0,0,1q,0,0,0,1q,0,0,0
NAME cat_it
ITM 1 1,15
ITM 1 6,15
ITM 1 10,15
ITM 1 14,15
EXT 2,15 c 4,0
EXT 7,15 c 9,0
EXT 11,15 c 13,0
EXT 15,15 e 0,15
PAL 0

ROOM e
0,0,0,0,0,0,0,0,0,0,0,0,0,0,0,0
0,0,0,0,0,0,0,0,0,0,0,0,0,0,0,0
0,0,0,0,0,0,0,0,0,0,0,0,0,0,0,0
0,0,0,0,0,0,0,0,0,0,0,2i,2i,0,0,0
0,0,0,0,0,0,0,0,0,0,0,2i,2i,0,0,0
0,0,0,0,0,0,0,0,0,0,0,2i,2i,0,0,0
0,0,0,0,0,0,0,0,0,0,0,0,0,0,0,0
0,0,0,0,0,0,0,0,0,0,0,0,0,0,0,0
0,0,0,0,0,0,0,0,0,0,0,0,0,0,0,0
0,0,0,0,0,0,0,0,0,0,0,0,0,0,0,0
2e,1s,1r,2g,1v,1u,2h,2h,2h,2h,1u,1w,2f,1r,1t,2e
0,0,0,0,0,0,0,0,0,0,0,0,0,0,0,0
0,0,0,0,0,0,0,0,0,0,0,0,0,0,0,0
0,0,0,0,0,0,0,0,0,0,0,0,0,0,0,0
1q,1q,1q,1q,0,0,0,0,0,0,0,0,0,0,0,0
0,0,0,1q,0,0,0,0,0,0,0,0,0,0,0,0
NAME story1
ITM 1 1,15
EXT 2,15 f 2,15
PAL 0

ROOM f
0,0,0,0,0,0,0,0,0,0,0,0,0,0,0,0
0,0,0,0,0,0,0,0,0,0,0,0,0,0,0,0
0,0,0,0,0,0,0,0,0,0,0,0,0,0,0,0
0,0,0,0,0,0,0,0,0,0,0,2i,2i,0,0,0
0,0,0,0,0,0,0,0,0,0,0,2i,2i,0,0,0
0,0,0,0,0,0,0,0,0,0,0,2i,2i,0,0,0
0,0,0,0,0,0,0,0,0,0,0,0,0,0,0,0
0,0,1x,0,0,0,0,0,0,0,0,0,0,0,0,0
0,22,1y,23,0,0,0,0,0,0,0,0,0,0,0,0
0,20,1z,21,0,0,0,0,0,0,0,0,0,0,0,0
2e,1s,1r,2g,1v,1u,2h,2h,2h,2h,1u,1w,2f,1r,1t,2e
0,0,0,0,0,0,0,0,0,0,0,0,0,0,0,0
0,0,0,0,0,0,0,0,0,0,0,0,0,0,0,0
0,0,0,0,0,0,0,0,0,0,0,0,0,0,0,0
0,0,1q,1q,0,0,0,0,0,0,0,0,0,0,0,0
0,1q,0,0,1q,0,0,0,0,0,0,0,0,0,0,0
NAME story2
EXT 3,15 g 4,15
PAL 0

ROOM g
0,0,0,0,0,0,0,0,0,0,0,0,0,0,0,0
0,0,0,0,0,0,0,0,0,0,0,0,0,0,0,0
0,0,0,0,0,0,0,0,0,0,0,0,0,0,0,0
0,0,0,0,0,0,0,0,0,0,0,2i,2i,0,0,0
0,0,0,0,0,0,0,0,0,0,0,2i,2i,0,0,0
0,0,0,0,0,0,0,0,0,0,0,2i,2i,0,0,0
0,0,0,0,0,0,0,0,0,0,0,0,0,0,0,0
0,0,1x,0,0,1x,0,0,0,0,0,0,0,0,0,0
0,22,1y,23,0,24,0,0,0,0,0,0,0,0,0,0
0,20,1z,21,25,1z,2k,0,0,0,0,0,0,0,0,0
2e,1s,1r,2g,1v,1u,2h,2h,2h,2h,1u,1w,2f,1r,1t,2e
0,0,0,0,0,0,0,0,0,0,0,0,0,0,0,0
0,0,0,0,0,0,0,0,0,0,0,0,0,0,0,0
0,0,0,0,0,0,0,0,0,0,0,0,0,0,0,0
0,0,0,0,1q,1q,0,0,0,0,0,0,0,0,0,0
0,0,0,1q,0,0,1q,0,0,0,0,0,0,0,0,0
NAME story3
EXT 5,15 h 6,15
PAL 0

ROOM h
0,0,0,0,0,0,0,0,0,0,0,0,0,0,0,0
0,0,0,0,0,0,0,0,0,0,0,0,0,0,0,0
0,0,0,0,0,0,0,0,0,0,0,0,0,0,0,0
0,0,0,0,0,0,0,0,0,0,0,2i,2i,0,0,0
0,0,0,0,0,0,0,0,0,0,0,2i,2i,0,0,0
0,0,0,0,0,0,0,0,0,0,0,2i,2i,0,0,0
0,0,0,0,0,0,0,0,0,0,0,0,0,0,0,0
0,0,1x,0,0,1x,0,0,0,0,0,0,0,0,0,0
0,22,1y,23,0,24,0,1x,0,0,0,0,0,0,0,0
0,20,1z,21,25,1z,26,1z,0,0,0,0,0,0,0,0
2e,1s,1r,2g,1v,1u,2h,2h,2h,2h,1u,1w,2f,1r,1t,2e
0,0,0,0,0,0,0,0,0,0,0,0,0,0,0,0
0,0,0,0,0,0,0,0,0,0,0,0,0,0,0,0
0,0,0,0,0,0,0,0,0,0,0,0,0,0,0,0
0,0,0,0,0,0,1q,1q,0,0,0,0,0,0,0,0
0,0,0,0,0,1q,0,0,1q,0,0,0,0,0,0,0
NAME story4
EXT 7,15 i 8,15
PAL 0

ROOM i
0,0,0,0,0,0,0,0,0,0,0,0,0,0,0,0
0,0,0,0,0,0,0,0,0,0,0,0,0,0,0,0
0,0,0,0,0,0,0,0,0,0,0,0,0,0,0,0
0,0,0,0,0,0,0,0,0,0,0,2i,2i,0,0,0
0,0,0,0,0,0,0,0,0,0,0,2i,2i,0,0,0
0,0,0,0,0,0,0,0,0,0,0,2i,2i,0,0,0
0,0,0,0,0,0,0,0,0,0,0,0,0,0,0,0
0,0,1x,0,0,1x,0,0,0,0,0,0,0,0,0,0
0,22,1y,23,0,24,0,1x,0,2a,0,0,0,0,0,0
0,20,1z,21,25,1z,26,1z,0,2b,2l,0,0,0,0,0
2e,1s,1r,2g,1v,1u,2h,2h,2h,2h,1u,1w,2f,1r,1t,2e
0,0,0,0,0,0,0,0,0,0,0,0,0,0,0,0
0,0,0,0,0,0,0,0,0,0,0,0,0,0,0,0
0,0,0,0,0,0,0,0,0,0,0,0,0,0,0,0
0,0,0,0,0,0,0,0,1q,1q,0,0,0,0,0,0
0,0,0,0,0,0,0,1q,0,0,1q,0,0,0,0,0
NAME story5
EXT 9,15 j 11,15
PAL 0

ROOM j
0,0,0,0,0,0,0,0,0,0,0,0,0,0,0,0
0,0,0,0,0,0,0,0,0,0,0,0,0,0,0,0
0,0,0,0,0,0,0,0,0,0,0,0,0,0,0,0
0,0,0,0,0,0,0,0,0,0,0,2i,2i,0,0,0
0,0,0,0,0,0,0,0,0,0,0,2i,2i,0,0,0
0,0,0,0,0,0,0,0,0,0,0,2i,2i,0,0,0
0,0,0,0,0,0,0,0,0,0,0,0,0,0,0,0
0,0,1x,0,0,1x,0,0,0,0,0,0,0,0,0,0
0,22,1y,23,0,24,0,1x,0,2a,0,28,0,0,0,0
0,20,1z,21,25,1z,26,1z,0,2b,27,29,0,0,0,0
2e,1s,1r,2g,1v,1u,2h,2h,2h,2h,1u,1w,2f,1r,1t,2e
0,0,0,0,0,0,0,0,0,0,0,0,0,0,0,0
0,0,0,0,0,0,0,0,0,0,0,0,0,0,0,0
0,0,0,0,0,0,0,0,0,0,0,0,0,0,0,0
0,0,0,0,0,0,0,0,0,0,0,1q,1q,0,0,0
0,0,0,0,0,0,0,0,0,0,1q,0,0,1q,0,0
NAME story6
EXT 12,15 k 13,15
PAL 0

ROOM k
0,0,0,0,0,0,0,0,0,0,0,0,0,0,0,0
0,0,0,0,0,0,0,0,0,0,0,0,0,0,0,0
0,0,0,0,0,0,0,0,0,0,0,0,0,0,0,0
0,0,0,0,0,0,0,0,0,0,0,2i,2i,0,0,0
0,0,0,0,0,0,0,0,0,0,0,2i,2i,0,0,0
0,0,0,0,0,0,0,0,0,0,0,2i,2i,0,0,0
0,0,0,0,0,0,0,0,0,0,0,0,0,0,0,0
0,0,1x,0,0,1x,0,0,0,0,0,0,0,0,0,0
0,22,1y,23,0,24,0,1x,0,2a,0,28,0,0,0,0
0,20,1z,21,25,1z,26,1z,0,2b,27,29,0,2c,2d,0
2e,1s,1r,2g,1v,1u,2h,2h,2h,2h,1u,1w,2f,1r,1t,2e
0,0,0,0,0,0,0,0,0,0,0,0,0,0,0,0
0,0,0,0,0,0,0,0,0,0,0,0,0,0,0,0
0,0,0,0,0,0,0,0,0,0,0,0,0,0,0,0
0,0,0,0,0,0,0,0,0,0,0,0,0,1q,1q,1q
0,0,0,0,0,0,0,0,0,0,0,0,1q,0,0,0
NAME story7
EXT 14,15 n 13,15
PAL 0

ROOM m
0,0,0,0,0,0,0,0,0,0,0,0,0,0,0,0
0,0,0,0,0,0,0,0,0,0,0,0,0,0,0,0
0,0,0,0,0,0,0,0,0,0,0,0,0,0,0,0
0,0,0,0,0,0,0,0,0,0,0,2i,2i,0,0,0
0,0,0,0,0,0,0,0,0,0,0,2i,2i,0,0,0
0,0,0,0,0,0,0,0,0,0,0,2i,2i,0,0,0
0,0,0,0,0,0,0,0,0,0,0,0,0,0,0,0
0,0,1x,0,0,1x,0,0,0,0,0,0,0,0,0,0
0,22,1y,23,0,24,0,1x,0,2a,0,28,0,0,0,0
0,20,1z,21,25,1z,26,1z,0,2b,27,29,0,2c,2d,0
2e,1s,1r,2g,1v,1u,2h,2h,2h,2h,1u,1w,2f,1r,1t,2e
0,0,0,0,0,0,0,0,0,0,0,0,0,0,0,0
0,0,0,0,0,0,0,0,0,0,0,0,0,0,0,0
0,0,0,0,0,0,0,0,0,0,0,0,0,0,0,0
0,0,0,0,0,0,0,0,0,0,0,0,0,1q,1q,1q
0,0,0,0,0,0,0,0,0,0,0,0,1q,0,0,0
NAME story8
PAL 0

ROOM n
0,0,0,0,0,0,0,0,0,0,0,0,0,0,0,0
0,0,0,0,0,0,0,0,0,0,0,0,0,0,0,0
0,0,0,0,0,0,0,0,0,0,0,0,0,0,0,0
0,0,0,0,0,0,0,0,0,0,0,2i,2i,0,0,0
0,0,0,0,0,0,0,0,0,0,0,2i,2i,0,0,0
0,0,0,0,0,0,0,0,0,0,0,2i,2i,0,0,0
0,0,0,0,0,0,0,0,0,0,0,0,0,0,0,0
0,0,1x,0,0,1x,0,0,0,0,0,0,0,0,0,0
0,22,1y,23,0,24,0,1x,0,2a,0,28,2o,2n,2p,0
0,20,1z,21,25,1z,26,1z,0,2b,27,29,0,2c,2d,0
2e,1s,1r,2g,1v,1u,2h,2h,2h,2h,1u,1w,2f,1r,1t,2e
0,0,0,0,0,0,0,0,0,0,0,0,0,0,0,0
0,0,0,0,0,0,0,0,0,0,0,0,0,0,0,0
0,0,0,0,0,0,0,0,0,0,0,0,0,0,0,0
0,0,0,0,0,0,0,0,0,0,0,0,0,1q,1q,1q
0,0,0,0,0,0,0,0,0,0,0,0,1q,0,0,0
NAME story8
EXT 14,15 o 0,15
PAL 0

ROOM o
0,0,0,0,0,0,0,0,0,0,0,0,0,0,0,0
0,0,0,0,0,0,0,0,0,0,0,0,0,0,0,0
0,0,0,0,0,0,0,0,0,0,0,0,0,0,0,0
0,0,0,0,0,0,0,0,0,0,0,0,0,0,0,0
0,0,0,0,0,0,0,0,0,0,0,0,0,0,0,0
0,0,0,0,0,0,0,0,0,0,0,0,0,0,0,0
0,0,0,0,0,0,0,0,0,0,0,0,0,0,0,0
0,0,0,0,0,0,0,0,0,0,0,0,0,0,0,0
0,0,0,0,0,0,0,0,0,0,0,0,0,0,0,0
0,0,0,0,0,0,0,0,0,0,0,0,0,0,0,0
0,0,0,0,0,0,0,0,0,0,0,0,0,0,0,0
0,0,0,0,0,0,0,0,0,0,0,0,0,0,0,0
0,0,0,0,0,0,0,0,0,0,0,0,0,0,0,0
0,0,0,0,0,0,0,0,0,0,0,0,0,0,0,0
1q,1q,1q,1q,0,0,0,0,0,0,0,0,0,1q,1q,1q
0,0,0,1q,0,0,0,0,0,0,0,0,0,1q,0,0
NAME hunt1
ITM 1 1,15
EXT 2,15 p 2,0
EXT 15,15 z 3,12
PAL 0

ROOM p
0,3r,0,0,0,1q,0,0,0,0,0,0,0,0,0,0
1q,1q,1q,1q,3r,1q,1q,1q,1q,1q,1q,1q,1q,0,1q,0
0,0,0,0,0,3r,0,0,0,0,0,0,0,0,0,0
0,0,2r,0,0,0,0,0,0,0,0,0,0,0,0,0
0,2t,2s,2u,2v,0,0,0,0,0,0,0,0,0,0,0
0,0,30,2z,2w,0,0,0,0,0,0,0,0,0,0,0
0,0,31,2y,2x,0,0,0,0,0,0,0,0,0,0,0
0,0,0,0,0,0,0,0,0,0,0,0,0,0,0,0
0,0,0,0,0,0,0,0,0,0,0,0,0,0,0,0
0,0,0,0,0,0,0,0,0,0,0,0,0,0,0,0
0,0,0,0,0,0,0,0,0,0,0,0,0,0,0,0
0,0,0,0,0,0,0,0,0,0,0,0,0,0,0,0
0,0,0,0,0,0,0,0,0,0,0,0,0,0,0,0
0,0,0,0,0,0,0,0,0,0,0,0,0,0,0,0
1q,0,1q,1q,1q,1q,1q,1q,0,1q,0,1q,1q,1q,1q,1q
0,0,0,0,0,0,0,0,0,0,0,0,0,0,0,0
NAME hunt2
ITM 1 3,0
EXT 4,0 q 0,15
PAL 9

ROOM q
0,3r,0,0,0,0,0,0,0,0,0,0,0,0,0,0
1q,1q,1q,1q,3r,1q,1q,1q,1q,1q,1q,1q,1q,0,1q,0
0,0,0,0,0,3r,0,0,0,0,0,0,0,0,0,0
0,0,2r,0,0,0,0,0,0,0,0,0,0,0,0,0
0,2t,2s,2u,2v,0,0,0,0,0,0,0,0,0,0,0
0,0,30,2z,2w,0,0,0,0,0,0,0,0,0,0,0
0,0,31,2y,2x,0,0,0,0,0,0,0,0,0,0,0
0,0,0,0,0,0,0,0,0,0,0,0,0,0,0,0
0,0,0,0,0,0,0,0,0,0,0,0,0,0,0,0
0,0,0,0,0,0,0,0,0,0,0,0,0,0,0,0
0,0,0,0,0,0,0,0,0,0,0,0,0,0,0,0
0,0,0,0,0,0,0,0,0,0,0,0,0,0,0,0
0,0,0,0,0,0,0,0,0,0,32,33,34,39,0,0
0,0,0,0,0,0,0,0,0,3s,37,36,35,38,0,0
1q,1q,1q,1q,1q,1q,1q,1q,3s,1q,3s,1q,1q,1q,1q,1q
0,0,0,1q,0,0,0,0,0,0,0,0,0,0,0,0
NAME hunt3
ITM 1 1,15
EXT 2,15 r 4,15
PAL 9

ROOM r
0,3r,0,0,0,0,0,0,0,0,0,0,0,0,0,0
1q,1q,1q,1q,3r,1q,1q,1q,1q,1q,1q,1q,1q,0,1q,0
0,0,0,0,0,3r,0,0,0,0,0,0,0,0,0,0
0,0,2r,0,0,0,0,0,0,0,0,0,0,0,0,0
0,2t,2s,2u,2v,0,0,0,0,0,0,0,0,0,0,0
0,0,30,2z,2w,0,0,0,0,0,0,0,0,0,0,0
0,0,31,2y,2x,0,0,0,0,0,0,0,0,0,0,0
0,0,0,0,0,0,0,0,0,0,0,0,0,0,0,0
0,0,0,0,0,0,0,0,0,0,0,0,0,0,0,0
0,0,0,0,0,0,0,0,0,0,0,0,0,0,0,0
0,0,0,0,0,0,0,0,0,0,0,0,0,0,0,0
0,3e,3c,3a,3b,0,0,0,0,0,0,0,0,0,0,0
0,0,0,3d,0,0,0,0,0,0,32,33,34,39,0,0
0,0,3q,0,0,0,0,0,0,3s,37,36,35,38,0,0
1q,3q,1q,1q,1q,1q,1q,1q,3s,1q,3s,1q,1q,1q,1q,1q
0,0,0,1q,0,0,0,1q,0,0,0,0,0,0,0,0
NAME hunt4
ITM 1 5,15
EXT 6,15 s 6,0
PAL 9

ROOM s
0,3r,0,0,0,1q,0,0,0,1q,0,0,0,0,0,0
1q,1q,1q,1q,3r,1q,1q,1q,1q,1q,1q,1q,1q,3p,1q,3p
0,0,0,0,0,3r,0,0,0,0,0,0,0,0,3p,0
0,0,2r,0,0,0,0,0,0,0,0,3f,0,0,0,0
0,2t,2s,2u,2v,0,0,0,0,0,0,0,2q,0,0,0
0,0,30,2z,2w,0,0,0,0,0,0,0,0,0,0,0
0,0,31,2y,2x,0,0,0,0,0,0,0,0,0,0,0
0,0,0,0,0,0,0,0,0,0,0,0,0,0,0,0
0,0,0,0,0,0,0,0,0,0,0,0,0,0,0,0
0,0,0,0,0,0,0,0,0,0,0,0,0,0,0,0
0,0,0,0,0,0,0,0,0,0,0,0,0,0,0,0
0,3e,3c,3a,3b,0,0,0,0,0,0,0,0,0,0,0
0,0,0,3d,0,0,0,0,0,0,32,33,34,39,0,0
0,0,3q,0,0,0,0,0,0,3s,37,36,35,38,0,0
1q,3q,1q,1q,1q,1q,1q,1q,3s,1q,3s,1q,1q,1q,1q,1q
0,0,0,0,0,0,0,0,0,0,0,0,0,0,0,0
NAME hunt5
ITM 1 7,0
EXT 8,0 t 7,15
PAL 9

ROOM t
0,3r,0,0,0,0,0,0,0,0,0,0,0,0,0,0
1q,1q,1q,1q,3r,1q,1q,1q,1q,1q,1q,1q,1q,3p,1q,3p
0,0,0,0,0,3r,0,0,0,0,0,0,0,0,3p,0
0,0,2r,0,0,0,0,0,0,0,0,3f,0,0,0,0
0,2t,2s,2u,2v,0,0,0,0,0,0,0,2q,0,0,0
0,0,30,2z,2w,0,0,0,0,0,0,0,0,0,0,0
0,0,31,2y,2x,0,0,0,0,0,0,0,0,0,0,0
0,0,0,0,0,0,0,3o,3h,3l,0,0,3p,0,0,3p
0,0,0,0,0,0,0,3k,3g,3j,0,0,0,3p,0,0
0,0,0,0,0,0,0,3n,3i,3m,0,0,0,0,0,0
0,0,0,0,0,0,0,0,0,0,0,0,0,0,0,0
0,3e,3c,3a,3b,0,0,0,0,0,0,0,0,0,0,0
0,0,0,3d,0,0,0,0,0,0,32,33,34,39,0,0
0,0,3q,0,0,0,0,0,0,3s,37,36,35,38,0,0
1q,3q,1q,1q,1q,1q,1q,1q,3s,1q,3s,1q,1q,1q,1q,1q
0,0,0,0,0,0,1q,0,0,0,1q,0,0,0,0,0
NAME hunt6
ITM 1 8,15
EXT 9,15 16 0,15
PAL 9

ROOM u
3v,3v,3v,3v,3v,3v,3v,3v,3v,3v,3v,3v,3v,3v,3v,3v
3v,3v,0,0,0,0,3y,0,0,0,0,3x,0,0,3v,3v
3v,3v,0,3x,3u,0,0,0,3x,0,0,0,0,0,3v,3v
3v,3v,0,0,0,0,0,0,0,3y,0,3u,0,0,3v,3v
3v,3v,0,0,0,3x,0,0,0,0,0,0,3x,0,3v,3v
3v,3v,0,3y,0,0,0,0,0,0,3x,0,0,0,3v,3v
3v,3v,0,0,0,0,0,3u,0,0,0,0,0,0,3v,3v
3v,3v,0,3u,0,0,0,0,0,0,0,0,3x,0,3v,3v
3v,3v,0,0,0,0,0,0,0,3x,0,0,0,0,3v,3v
3v,3v,0,3x,0,0,3y,0,0,0,0,0,3y,0,3v,3v
3v,3v,0,0,0,0,0,0,0,0,0,0,0,0,3v,3v
3v,3v,0,0,0,3u,0,0,0,0,3y,0,3u,0,3v,3v
3v,3v,0,0,3x,0,0,0,3y,0,3u,0,0,0,3v,3v
3v,3v,0,0,0,0,3x,0,0,0,0,0,3x,0,3v,3v
3v,3v,3x,0,0,0,0,0,0,0,0,0,0,0,3v,3v
3v,3v,3v,3v,3v,3v,3v,0,0,3v,3v,3v,3v,3v,3v,3v
NAME garden
ITM 2 3,7
ITM 2 4,2
ITM 2 11,3
ITM 2 7,6
ITM 2 12,11
ITM 2 10,12
ITM 2 5,11
EXT 7,15 v 5,14
EXT 8,15 v 5,14
PAL 1

ROOM v
0,41,0,0,0,3y,3k,3g,3j,0,0,40,0,3o,3h,3l
0,0,3o,3h,3l,0,3n,3i,3z,3h,3l,2q,0,3k,3g,3j
3h,3l,3k,3g,3j,0,40,0,3k,3g,3j,0,3y,0,3i,3m
3g,3j,3n,3i,3m,0,0,3y,3n,3i,3z,3h,3l,0,0,41
3i,3m,0,0,3o,3h,3l,0,41,0,3k,3g,3j,0,42,0
0,0,42,0,3k,3g,3j,0,0,3y,3n,3i,3m,0,0,0
3o,3h,3l,0,3n,3i,3m,3o,3h,3l,0,41,0,3o,3h,3l
3k,3g,3j,3o,3h,3l,0,3k,3g,3j,41,0,0,3k,3g,3j
3n,3i,3m,3k,3g,3j,3y,3n,3i,3m,0,3y,40,3n,3i,3m
0,0,0,3n,3i,3m,0,0,0,0,0,0,0,0,0,0
40,3o,3h,3l,0,0,42,0,0,r,s,t,0,0,0,41
0,3k,3g,3j,3y,0,0,3y,0,u,v,w,10,11,12,13
0,3n,3i,3m,0,41,0,0,0,y,x,z,1g,1i,1g,1b
0,3y,0,0,0,1q,42,1q,0,0,14,1h,1g,1f,1g,1c
0,0,0,3y,1q,0,0,0,1q,16,17,18,18,1e,19,1a
2e,2e,2e,2e,2e,2e,2e,2e,2e,2e,2e,2e,2e,2e,2e,2e
NAME flowers1
ITM 1 6,14
EXT 7,14 w 5,14
PAL 2

ROOM w
0,41,0,0,0,3y,3k,3g,3j,0,0,40,0,3o,3h,3l
0,0,3o,3h,3l,0,3n,3i,3z,3h,3l,2q,0,3k,3g,3j
3h,3l,3k,3g,3j,0,40,0,3k,3g,3j,0,3y,0,3i,3m
3g,3j,3n,3i,3m,0,0,3y,3n,3i,3z,3h,3l,0,0,41
3i,3m,0,0,3o,3h,3l,0,41,0,3k,3g,3j,0,42,0
0,0,42,0,3k,3g,3j,0,0,3y,3n,3i,3m,0,0,0
3o,3h,3l,0,3n,3i,3m,3o,3h,3l,0,41,0,3o,3h,3l
3k,3g,3j,3o,3h,3l,0,3k,3g,3j,41,0,0,3k,3g,3j
3n,3i,3m,3k,3g,3j,3y,3n,3i,3m,0,3y,40,3n,3i,3m
0,0,0,3n,3i,3m,0,0,0,0,0,0,0,0,0,0
40,3o,3h,3l,0,0,42,0,0,r,s,t,0,0,0,41
0,3k,3g,3j,3y,0,0,3y,0,u,v,w,10,11,12,13
0,3n,3i,3m,0,41,0,0,0,y,x,z,1g,1i,1g,1b
0,3y,0,0,0,1q,42,1q,0,0,14,1h,1g,1f,1g,1c
0,0,0,3y,1q,0,0,0,1q,16,17,18,18,1e,19,1a
2e,2e,2e,2e,2e,2e,2e,2e,2e,2e,2e,2e,2e,2e,2e,2e
NAME flowers2
ITM 1 6,14
EXT 7,14 x 5,14
PAL 3

ROOM x
0,41,0,0,0,3y,3k,3g,3j,0,0,40,0,3o,3h,3l
0,0,3o,3h,3l,0,3n,3i,3z,3h,3l,2q,0,3k,3g,3j
3h,3l,3k,3g,3j,0,40,0,3k,3g,3j,0,3y,0,3i,3m
3g,3j,3n,3i,3m,0,0,3y,3n,3i,3z,3h,3l,0,0,41
3i,3m,0,0,3o,3h,3l,0,41,0,3k,3g,3j,0,42,0
0,0,42,0,3k,3g,3j,0,0,3y,3n,3i,3m,0,0,0
3o,3h,3l,0,3n,3i,3m,3o,3h,3l,0,41,0,3o,3h,3l
3k,3g,3j,3o,3h,3l,0,3k,3g,3j,41,0,0,3k,3g,3j
3n,3i,3m,3k,3g,3j,3y,3n,3i,3m,0,3y,40,3n,3i,3m
0,0,0,3n,3i,3m,0,0,0,0,0,0,0,0,0,0
40,3o,3h,3l,0,0,42,0,0,r,s,t,0,0,0,41
0,3k,3g,3j,3y,0,0,3y,0,u,v,w,10,11,12,13
0,3n,3i,3m,0,41,0,0,0,y,x,z,1g,1i,1g,1b
0,3y,0,0,0,1q,42,1q,0,0,14,1h,1g,1f,1g,1c
0,0,0,3y,1q,0,0,0,1q,16,17,18,18,1e,19,1a
2e,2e,2e,2e,2e,2e,2e,2e,2e,2e,2e,2e,2e,2e,2e,2e
NAME flowers3
ITM 1 6,14
EXT 7,14 y 5,14
PAL 4

ROOM y
0,41,0,0,0,3y,3k,3g,3j,0,0,40,0,3o,3h,3l
0,0,3o,3h,3l,0,3n,3i,3z,3h,3l,2q,0,3k,3g,3j
3h,3l,3k,3g,3j,0,40,0,3k,3g,3j,0,3y,0,3i,3m
3g,3j,3n,3i,3m,0,0,3y,3n,3i,3z,3h,3l,0,0,41
3i,3m,0,0,3o,3h,3l,0,41,0,3k,3g,3j,0,42,0
0,0,42,0,3k,3g,3j,0,0,3y,3n,3i,3m,0,0,0
3o,3h,3l,0,3n,3i,3m,3o,3h,3l,0,41,0,3o,3h,3l
3k,3g,3j,3o,3h,3l,0,3k,3g,3j,41,0,0,3k,3g,3j
3n,3i,3m,3k,3g,3j,3y,3n,3i,3m,0,3y,40,3n,3i,3m
0,0,0,3n,3i,3m,0,0,0,0,0,0,0,0,0,0
40,3o,3h,3l,0,0,42,0,0,r,s,t,0,0,0,41
0,3k,3g,3j,3y,0,0,3y,0,u,v,w,10,11,12,13
0,3n,3i,3m,0,41,0,0,0,y,x,z,1g,1i,1g,1b
0,3y,0,0,0,1q,42,1q,0,0,14,1h,1g,1f,1g,1c
0,0,0,3y,1q,0,0,0,1q,16,17,18,18,1e,19,1a
2e,2e,2e,2e,2e,2e,2e,2e,2e,2e,2e,2e,2e,2e,2e,2e
NAME flowers4
EXT 7,14 o 14,15
PAL 5

ROOM z
0,0,0,0,0,0,0,0,0,1q,0,1q,0,0,0,1g
0,0,0,0,0,0,0,0,0,1q,0,1q,0,0,0,1g
0,0,0,0,0,0,0,0,0,1q,0,1q,0,0,0,1g
0,0,0,0,0,0,0,0,0,1q,0,1q,0,0,0,1g
0,0,0,0,0,0,0,0,0,1q,0,1q,0,0,0,1g
0,0,0,0,0,0,0,0,0,1q,0,1q,0,0,43,1g
0,0,0,4f,0,0,0,0,0,1q,0,1q,0,43,1g,1g
0,0,0,4e,4j,0,0,0,0,1q,0,1q,43,1g,1g,1g
0,4b,4k,4d,4g,4c,0,0,0,1q,0,43,1g,1g,1g,1g
0,0,0,4i,4h,0,0,0,0,1q,0,46,0,0,0,1g
0,0,0,0,0,0,0,0,0,1q,0,46,0,0,0,1g
0,0,1q,1q,1q,1q,1q,0,0,1q,0,46,0,0,0,1g
0,0,1q,0,0,0,1q,0,0,1q,0,46,0,0,0,1g
0,0,1q,1q,1q,1q,1q,0,0,1q,48,46,0,0,4m,1g
0,47,0,4l,0,0,47,0,0,45,44,44,44,44,44,1g
1g,1g,1g,1g,1g,1g,1g,1g,1g,1g,1g,1g,1g,1g,1g,1g
NAME witch1
ITM 1 4,12
EXT 5,12 10 10,13
PAL 6

TIL 10
00000000
00000000
00000000
00000000
00000000
00011111
01111111
11111111
WAL true

TIL 11
00000000
00000000
00000000
00001111
11111111
11111111
11111111
11111111
WAL true

TIL 12
00000000
00000000
00000000
11110000
11111110
11111111
11111111
11111111
WAL true

TIL 13
00000000
00000000
00000000
00000000
00000000
11000000
11110000
11111000
WAL true

TIL 14
10000001
11111111
11100111
11100111
11111111
01111111
01111111
00111111
WAL true

TIL 15
00111111
00101010
11111111
11111111
11111111
11111111
00111111
00000000
WAL true

TIL 16
00110000
00111100
00011111
00011111
00001111
00000011
00000000
00000000
WAL true

TIL 17
11111111
10111111
11101010
11111111
11111111
11111111
11111111
00001111
WAL true

TIL 18
11111111
11111111
10101010
11111111
11111111
11111111
11111111
11111111
WAL true

TIL 19
11101111
10111111
11111111
11111111
11111111
11111111
11111100
11100000
WAL true

TIL 20
01100011
11100111
11100111
11100111
11100111
01110111
01110011
00111011

TIL 21
11000000
11100000
11100000
11100000
11100000
11100000
11000000
11000000

TIL 22
00000000
00011000
00001100
00001100
00001100
00011100
00111001
01110001

TIL 23
00000000
00000000
00000000
00000000
00000000
00000000
10000000
10000000

TIL 24
00011000
01100110
11111111
11100111
11100111
11000011
11000011
11100111

TIL 25
00000001
00000001
00000011
00000011
00000011
00000011
00000011
00000001

TIL 26
10000001
10000001
11000011
11000011
11000011
11000011
11000011
10000001

TIL 27
00000000
00000000
10000000
10100000
10110000
11010000
10100001
11000001

TIL 28
00000000
00000000
00000000
00100001
00110011
00111111
00111111
00101101

TIL 29
00111111
00011110
01111110
11111111
11111111
11111111
11111111
11111111

TIL 30
11111100
00001000
00001000
00010001
01100010
10000100
10001100
01110010

TIL 31
00000010
00000001
00000000
00000000
00000000
00000000
00000000
00000000

TIL 32
00000010
00000101
00011101
00100000
01000000
11000000
00110000
00001111

TIL 33
00000000
00000000
11111100
00000011
00000000
00000000
10000000
00000000

TIL 34
00000000
00000001
00000010
11000000
00110000
00001100
00000010
00000001

TIL 35
00000000
00000000
00000001
00000001
11000010
01111100
10010000
00010000

TIL 36
11000000
01110000
01001100
10000011
10000000
00000000
00000000
00000000

TIL 37
00000001
00000010
00000100
00000000
00000000
00000000
00000000
00000000

TIL 38
11110000
11100000
10000000
00000000
00000000
00000000
00000000
00000000

TIL 39
00000000
11100000
00011000
00011000
00001100
00001100
00011000
00111000

TIL 40
00000000
00011000
00011000
01100110
01100110
00011000
00011000
00000000

TIL 41
00000000
00101010
01000001
01001001
00100010
00010100
00001000
00000000

TIL 42
00000000
01010100
00111000
01101100
00111000
01010100
00000000
00000000
WAL true

TIL 43
00000001
00000011
00000111
00001111
00011111
00111111
01111111
11111111
WAL true

TIL 44
11111111
11111111
11111111
01110111
10101010
11011101
10101010
01110111
WAL true

TIL 45
00001111
00000111
00000111
00000111
11111111
01111111
01111111
01111111

TIL 46
00011110
00011110
00011110
00011110
00011110
00011110
00011110
00011110
WAL true

TIL 47
00000000
00000000
00000000
00000000
00000000
00010000
01010100
01010100

TIL 48
00000000
00000000
00000000
00000000
10100000
11101110
11111111
11111111

TIL 49
00000000
00000000
00000000
00111000
00111000
00000000
00000000
00000000

TIL 50
00000000
10000000
11000000
11000000
11000000
10000000
00000000
00000000

TIL 51
00000000
00000001
00000011
00000011
00000011
00000001
00000000
00000000

TIL 52
00000000
00000000
00000000
00000011
00001111
00111110
01111110
11111111

TIL 53
00000000
00000000
00000000
11000000
11110000
01111100
01111110
11111111

TIL 54
11111111
10011110
10011100
11110000
11000000
00000000
00000000
00000000

TIL 55
11111111
01111001
00111001
00001111
00000011
00000000
00000000
00000000

TIL 56
00000001
00000011
00000111
00000111
00001111
00001110
00011110
00011111

TIL 57
00011111
00011001
00001001
00001111
00000111
00000110
00000010
00000001

TIL 58
10000000
11000000
11100000
11100000
11110000
01110000
01111000
11111000

TIL 59
11111000
10011000
10010000
11110000
11100000
01100000
01000000
10000000

TIL 60
00000000
00000000
00000000
00000000
00000011
00011100
11100000
00000000

TIL 61
00000001
00000110
00011000
01100000
10000000
00000000
00000000
00000000

TIL 62
00010000
00001000
00001000
00000100
00000100
00000010
00000010
00000001

TIL 63
10000000
01100000
00011000
00000110
00000001
00000000
00000000
00000000

TIL 64
00000000
00000000
00000000
00000000
11000000
00111000
00000111
00000000

TIL 65
00000000
00000000
00000000
00000000
00000000
00000111
11111000
00000000

TIL 66
00000100
00000100
00000010
00000010
00000010
00000010
00000010
00000010

TIL 67
00000010
00000010
00000010
00000010
00000010
00000100
00000100
00000100

TIL 68
00000100
00000100
00000100
00001000
00001000
00001000
00010000
00010000

TIL 69
00010000
00100000
00100000
01000000
01000000
10000000
00000000
00000000

TIL a
11111111
10000001
10000001
10011001
10011001
10000001
10000001
11111111

TIL b
01111000
01000100
01000100
01111001
10000101
10000101
10000101
11111001

TIL c
00000000
00000000
00000000
01100011
10010100
00000100
00000100
00000011

TIL d
00001000
00001000
00001010
10001100
01010100
01010010
01010001
10010001

TIL e
00000000
00000000
00000000
00111000
01000100
01111001
01000001
00111001

TIL f
00000000
00000000
00000000
11110000
10001000
00001000
00010000
00010000

TIL g
00111000
01000100
01000000
10000001
10000000
10000001
01001010
00110001

TIL h
00000010
00000010
00001111
11000010
00100100
11100100
00100100
11010011

TIL i
00000000
01100000
01000000
00011100
00100000
00011000
00000100
01111000

TIL j
01000000
01000000
01000000
01000001
10000010
10000010
10000010
11111001

TIL k
00000000
00000000
00000000
11000111
00101000
00100110
00100001
11001110

TIL l
00100000
00100000
01110000
00100000
01000000
01000000
01000000
00110000

TIL m
01111101
01000001
01000001
01110001
10000010
10000010
10000010
10000001

TIL n
00000000
00000000
00000000
00111000
01000100
01000101
01000101
00111000

TIL o
00000000
00000000
00000000
10001000
10000101
00100101
00100101
11011000

TIL p
00000000
00000000
00000000
11100101
00010110
11100100
00000100
11100100

TIL q
00000000
00000000
00000000
10001110
01010000
00001110
00000001
00011110

TIL r
00110000
00111000
01111000
01011100
01101100
01011101
11101111
01111111
WAL true

TIL s
00000000
00000000
00000000
00000000
01111110
11100111
11111111
11100111
WAL true

TIL t
00001100
00011100
00011110
00111010
00110110
10111011
11110111
11111110
WAL true

TIL u
11111111
11111111
11000111
10111011
10111101
11011101
11100011
01111111
WAL true

TIL v
11111111
11111111
11111111
11111111
11011011
11111111
11011011
11111111

TIL w
11111111
11111111
11100011
11011101
10111101
10111011
11000111
11111110
WAL true

TIL x
11000011
11100111
11111111
11111111
01100110
10011001
11111111
01111110

TIL y
01111111
01111011
10101111
00111011
01011111
00001111
00010001
00000000
WAL true

TIL z
11111110
11011110
11110101
10111101
11111011
11110111
10001111
01111111

TIL 1a
11111100
11111100
11111000
11110000
11100000
10000000
00000000
00000000
WAL true

TIL 1b
11111000
11111100
11111100
11111110
11111110
11111110
11111111
11111111
WAL true

TIL 1c
11111111
11111111
11111111
11111110
11111110
11111110
11111110
11111100
WAL true

TIL 1d
11111111
11111111
11111111
11111111
11111111
11111111
11111111
11111011

TIL 1e
11011111
11111110
10101011
11111111
11111111
11111111
11111111
11111111
WAL true

TIL 1f
10111111
11111111
01111111
11111111
01111111
11111111
10111111
11111111

TIL 1g
11111111
11111111
11111111
11111111
11111111
11111111
11111111
11111111

TIL 1h
11111111
11111111
11111111
11011111
11111111
11101111
11111111
11101110

TIL 1i
11111111
11111111
11111110
11111011
11101111
11111111
11011111
11111111

TIL 1j
00000000
00010000
00010000
01101100
00010000
00010000
00000000
00000000
>
00000000
00010000
00010000
01111100
00010000
00010000
00000000
00000000
WAL true

TIL 1k
00000000
00000000
00000000
00000000
00100000
01010000
00100000
00000000
>
00000000
00000000
00000000
00000000
00100000
01110000
00100000
00000000
WAL true

TIL 1l
00000000
00000000
00000100
00000100
00011111
00000100
00000100
00000000
>
00000000
00000000
00000100
00001110
00011011
00001110
00000100
00000000
WAL true

TIL 1m
00000000
00000000
00001000
00000000
00000000
00000000
00000000
00000000
WAL true

TIL 1n
00000000
00000000
00000000
00000000
00000000
00010000
00000000
00000000
WAL true

TIL 1o
00000001
00000000
00000100
00000000
00010000
11100000
10100000
11100000
>
00000000
00000010
00000000
00001000
00010000
11100000
11100000
11100000

TIL 1p
00000000
00000000
00000100
00000000
00010000
00000000
01000000
00000000
>
00000000
00000000
00000000
00001000
00000000
00100000
00000000
10000000

TIL 1q
00000000
00000000
00000000
00000000
00000000
00000000
00000000
00000000
NAME blank_wall
WAL true

TIL 1r
00000000
11111111
00000000
00000000
00000000
00000000
00000000
00000000

TIL 1s
00000000
10101111
00000000
00000000
00000000
00000000
00000000
00000000

TIL 1t
00000000
11110101
00000000
00000000
00000000
00000000
00000000
00000000

TIL 1u
00000000
11111111
00000000
11111111
00000000
00000000
00000000
00000000

TIL 1v
00000000
11111111
00000000
10101011
00000000
00000000
00000000
00000000

TIL 1w
00000000
11111111
00000000
11010101
00000000
00000000
00000000
00000000

TIL 1x
10000001
11000011
11111111
11111111
10011001
11111111
11100111
01111110

TIL 1y
00011000
01100110
11111111
11111111
11111111
11111111
11111111
11111111

TIL 1z
11111111
11111111
11111111
11111111
11111111
11111111
11111111
01100110

TIL 2a
10000001
11000011
10111101
01000010
10000001
10100101
10000001
01000010

TIL 2b
00111110
01000001
01000000
10000000
10000000
10000000
10011000
01100111

TIL 2c
10001000
11111000
10101000
11111011
01110111
00000111
01111111
11111111

TIL 2d
00000000
00000000
00000000
00000000
10000000
10000000
11000000
11000000

TIL 2e
00000000
01010101
00000000
00000000
00000000
00000000
00000000
00000000
WAL true

TIL 2f
00000000
11111111
00000000
01010101
00000000
00000000
00000000
00000000

TIL 2g
00000000
11111111
00000000
10101010
00000000
00000000
00000000
00000000

TIL 2h
00000000
11111111
00000000
11111111
00000000
10101010
00000000
00000000

TIL 2i
11111110
11111110
11111110
11111110
11111110
11111110
11111110
00000000

TIL 2j
00000000
01000110
00011110
00111110
00111110
01111110
01111100
00000000

TIL 2k
10000000
10000000
11000000
11000000
11000000
11000000
11000000
10000000

TIL 2l
00000000
00000000
10000000
10100000
10110000
11010000
10100000
11000000

TIL 2m
00000000
00000000
00000000
00000000
00000000
00000000
00000000
00000000

TIL 2n
00000000
00000000
01110101
01000101
01110101
01000101
01110111
00000000
>
00000000
01110101
01000101
01110101
01000101
01110111
00000000
00000000

TIL 2o
00000000
00000000
00011111
00010101
00010101
00010101
00010101
00000000
>
00000000
00011111
00010101
00010101
00010101
00010101
00000000
00000000

TIL 2p
00000000
00000000
01010000
01010000
01010000
01000000
11010000
00000000
>
00000000
01010000
01010000
01010000
01000000
11010000
00000000
00000000

TIL 2q
00000010
00011111
00100110
01001010
01010010
01100100
00111000
00000000

TIL 2r
00001100
00010100
00100110
00100101
01000101
01001001
01001010
01001010

TIL 2s
01000110
10000001
00000000
00101000
00010000
00101000
00000000
00000110

TIL 2t
00000000
00000000
00000001
00000001
00000010
00000010
00000010
00000001

TIL 2u
00111100
11000011
00000000
00000000
00000000
00000000
00000000
00000000

TIL 2v
00000000
00000000
11000000
00110000
00001000
00001000
00000110
00000101

TIL 2w
00000101
00000110
00001000
00001000
00010000
00010000
00010000
00010000

TIL 2x
10001000
00001000
00110000
11000000
10000000
10000000
10000000
00000000

TIL 2y
01000100
10000111
00011000
00100000
00100011
00011100
00000100
00000011

TIL 2z
00000000
00000000
00000000
11100001
10011110
10001010
01001001
01000101

TIL 3a
10000001
10100001
11111111
00000000
00000000
00000000
00000000
10001111

TIL 3b
00000000
00011100
01100100
10000100
00000100
00001000
00111000
11011000

TIL 3c
00000000
00000000
00000001
00000010
00011110
11100010
00000010
00000001

TIL 3d
01110000
00000000
00000000
00000000
00000000
00000000
00000000
00000000

TIL 3e
00000010
00001100
00010000
00010000
00001100
00000011
00000000
00000000

TIL 3f
00000000
00011000
00100100
01111110
00100100
01100110
00111100
01000010

TIL 3g
01001010
10111101
01010110
01101010
11010111
01101010
10111101
01010010

TIL 3h
00011000
00100100
01000010
01010010
10001001
10010001
10001001
01010010
WAL true

TIL 3i
01001010
10010001
10001001
10010001
01001010
01000010
00100100
00011000
WAL true

TIL 3j
01110000
10001100
00000010
10101001
01010001
00000010
10001100
01110000
WAL true

TIL 3k
00001110
00110001
01000000
10010101
10001010
01000000
00110001
00001110
WAL true

TIL 3l
00000000
00000000
00000000
01110000
10001000
00101000
01001000
10010000
WAL true

TIL 3m
10010000
01001000
00101000
10001000
01110000
00000000
00000000
00000000
WAL true

TIL 3n
00001001
00010010
00010100
00010001
00001110
00000000
00000000
00000000
WAL true

TIL 3o
00000000
00000000
00000000
00001110
00010001
00010100
00010010
00001001
WAL true

TIL 3p
00000000
00000000
00010000
00100100
00010000
00000000
00000000
00000000
WAL true

TIL 3q
01000000
10100000
00000000
01000010
00000101
00000000
00000010
00000000
WAL true

TIL 3r
00000000
00000000
00011100
00001000
00100010
00001000
00000000
00000000
WAL true

TIL 3s
00000000
00001000
00000100
00010010
00011000
00000000
00000000
00000000
WAL true

TIL 3t
00000000
00000000
00000000
00000000
00000000
00000000
00000000
00000000

TIL 3u
00000000
00000000
00000000
00001000
00001000
00001000
00101010
00011100

TIL 3v
11101110
00000000
10111011
00000000
11101110
00000000
10111011
00000000
WAL true

TIL 3w
00000000
00000000
00000000
00000000
00000000
00000000
00000000
00000000

TIL 3x
00000000
00000000
00010000
00010000
01010100
01010100
00000000
00000000

TIL 3y
00000000
00000000
00000010
00100000
00001000
00000000
00000000
00000000

TIL 3z
10010000
01001000
00101000
10001110
01111001
00010100
00010010
00001001

TIL 4a
00000000
00000000
00000000
00000000
11111111
11111111
00000000
00000000
>
00000000
00000000
00000000
11111111
11111111
00000000
00000000
00000000

TIL 4b
00000000
00000000
00001111
00010000
00010000
00001110
00010000
00001111
>
00000000
00001111
00010000
00010000
00001110
00010000
00001111
00000000

TIL 4c
00000000
00000000
00000000
00000000
11111110
11111110
00011100
00000000
>
00000000
00000000
00000000
11111110
11111110
00011100
00000000
00000000

TIL 4d
01111111
01111111
01111011
11111111
11111111
11111101
00011111
00000111
>
01111111
01111011
11111111
11111111
11111101
00011111
00000111
00000111

TIL 4e
01111100
01111100
11111000
11111100
00111100
01110110
01111111
01011111
>
01111100
11111000
11111100
00111100
01110110
01111111
01011111
01111111

TIL 4f
00000000
01000000
01100000
01110000
00111001
00111110
00111100
11111100
>
01000000
01100000
01110000
00111001
00111110
00111100
11111100
01111100

TIL 4g
10000000
11000000
11110000
11011000
11111111
11111111
11110000
11100000
>
11000000
11110000
11011000
11111111
11111111
11110000
11100000
01100000

TIL 4h
01100000
11000000
11000000
10000000
10000000
11000000
01100000
00000000
>
11000000
11000000
10000000
10000000
11000000
01100000
00000000
00000000

TIL 4i
00000111
00001111
00011111
00011111
00000110
00000011
00000000
00000000
>
00001111
00011111
00011111
00000110
00000011
00000000
00000000
00000000

TIL 4j
00000000
00000000
00000000
00000000
00000000
00000000
00000000
00000000
>
00000000
00000000
00000000
00000000
00000000
00000000
00000000
10000000

TIL 4k
00000000
00000000
11100000
01011000
01010111
01010111
01011000
11100000
>
00000000
11100000
01011000
01010111
01010111
01011000
11100000
00000000

TIL 4l
00000000
00000000
00000000
00000000
00000000
00000000
00000100
00010101

TIL 4m
00000000
00000000
00000000
00000000
00000000
00000000
00011100
00011100

TIL 4n
10010010
01010100
00111000
11111110
00111000
01010100
10010010
00000000
>
00010000
01010100
00111000
11101110
00111000
01010100
00010000
00000000

TIL 4o
00010000
00000000
00010000
01000100
00010000
00101000
00010000
00000000
>
00000000
00010000
00000000
00010000
00101000
00010000
00101000
00000000

TIL 4p
00010000
00000000
00010000
00000000
00010000
00000000
00010000
00000000
>
00000000
00010000
00000000
00010000
00000000
00010000
00000000
00010000

TIL 4q
00000000
00000000
00010000
00000000
00000000
00000000
00010000
00000000
>
00000000
00000000
00000000
00010000
00000000
00000000
00000000
00010000

TIL 4r
00011000
00011000
00011000
00011000
00011000
00011000
00011000
00011000

TIL 4s
00011000
00111100
01111110
11100111
11000011
10000001
00000000
00000000

TIL 4t
00000000
00000000
00000000
00000000
00000001
00001111
11111110
11110000

TIL 4u
00000000
00000000
00000000
00000000
10000000
11100000
01111111
00011111

TIL 4v
00001000
00001100
00000110
00000111
00000011
00000001
00000000
00000000

TIL 4w
00000000
00000000
00000000
00000000
10000000
11110000
01111111
00001111

TIL 4x
00000000
00000000
00000000
00000000
00000001
00000111
11111110
11111000

TIL 4y
00010000
00110000
01100000
11100000
11000000
10100000
00010000
00010000

TIL 4z
01111110
11111111
11111111
10011001
10011001
11011011
00011000
00000000

TIL 5a
00000000
00000000
01111110
11111111
11111111
01100110
01100110
11111111

TIL 5b
11111111
10011001
10011001
11111111
11111111
01111110
00000000
00000000

TIL 5c
00011111
00111001
00111001
00111111
00111111
00111110
00111110
00011111

TIL 5d
11111000
10011100
10011100
11111100
11111100
01111100
01111100
11111000

TIL 5e
00010000
00010000
00001000
11001000
00110100
00001100
00000010
00000001

TIL 5f
00001000
00001000
00010000
00010011
00101100
00110000
01000000
10000000

TIL 5g
10000000
01000000
00110000
00101100
00010011
00010000
00001000
00001000

TIL 5h
00000001
00000010
00001100
00110100
11001000
00001000
00010000
00010000

TIL 5i
01000000
01000000
01000000
01000000
01000000
01000000
00100000
00100000

TIL 5j
00100000
00100000
00100000
01000000
01000000
01000000
01000000
01000000

TIL 5k
00010000
00010000
00010000
00010000
00100000
00100000
00100000
00100000

TIL 5l
00001000
00001000
00001000
00001000
00000100
00000100
00000100
00000100

TIL 5m
00000100
00000100
00000100
00000010
00000010
00000010
00000010
00000010

TIL 5n
00000010
00000010
00000010
00000010
00000010
00000010
00000100
00000100

TIL 5o
00000000
00011111
11100000
00000000
00000000
00000000
00000000
00000000

TIL 5p
00000000
11100000
00011100
00000011
00000000
00000000
00000000
00000000

TIL 5q
00000000
00000000
00000000
10000000
01110000
00001100
00000010
00000001

TIL 5r
10000000
01000000
00100000
00100000
00010000
00010000
00001000
00001000

TIL 5s
00001000
00000100
00000100
00000010
00000010
00000001
00000010
00000100

TIL 5t
00000000
11111000
00000111
00000000
00000000
00000000
00000000
00000000

TIL 5u
00000000
00000111
00111000
11000000
00000000
00000000
00000000
00000000

TIL 5v
00000000
00000000
00000000
00000001
00001110
00110000
01000000
10000000

TIL 5w
00000001
00000010
00000100
00000100
00001000
00001000
00010000
00010000

TIL 5x
00010000
00100000
00100000
01000000
01000000
10000000
01000000
00100000

TIL 5y
00001000
00010000
00010000
00100000
00100000
01000000
01000000
10000000

TIL 5z
00000000
00000000
00000000
00000000
00000000
11100000
00011111
00000000

TIL 6a
00000000
00000000
00000000
00000000
00000000
00000000
00000001
00000010

TIL 6b
00000000
00000000
00000000
00000000
00000000
00000000
10000000
01000000

TIL 6c
00100000
00100000
01000000
01000000
01000000
01000000
01000000
01000000

TIL 6d
01000000
01000000
01000000
01000000
01000000
00100000
00100000
00100000

TIL 6e
00100000
00100000
00100000
00010000
00010000
00010000
00001000
00001000

TIL 6f
00001000
00000100
00000100
00000010
00000010
00000001
00000000
00000000

TIL 6g
01111111
10000001
00000001
00000001
00000001
00000001
00000001
00000010

TIL 6h
00000010
00000001
00000001
00000001
00000001
00000001
10000001
01111111

TIL 6i
01000000
10000000
10000000
10000000
10000000
10000000
10000001
11111110

TIL 6j
11111110
10000001
10000000
10000000
10000000
10000000
10000000
01000000

TIL 6k
11111111
10011001
10011001
11111111
11111111
01100110
01100110
11111111

TIL 6l
00000101
00101010
01010101
10101010
01010101
10101010
00010101
00001010

TIL 6m
10100000
01010100
10101010
01010101
10101010
01010101
10101000
01010000

TIL 6n
00010100
00101010
01010100
00101010
01010101
10101010
01010101
10101010

TIL 6o
10101010
01010101
10101010
01010101
00101010
01010100
00101010
00010100

SPR A
00000000
00000010
10100001
11100001
11111110
11111100
00111100
00100100
POS 0 0,0

SPR a
00000000
00000000
01010001
01110001
01110010
01111100
00111100
00100100
DLG SPR_0
POS 0 8,12

ITM 0
00000000
00000000
00000000
00111100
01100100
00100100
00011000
00000000
NAME tea
DLG ITM_0

ITM 1
00000000
01111000
01000100
01000010
01000010
01000010
01111110
00000000
NAME dialog
DLG ITM_1

ITM 2
00011000
01110110
01101110
10100011
11000101
01110110
01101110
00011000
NAME flowers
DLG ITM_2

DLG SPR_0
I'm a cat

DLG ITM_0
You found a nice warm cup of tea

DLG ITM_1
"""
{sequence
  - One day, walking home, I saw a shooting star...
  - ...and then, unusually, a cat appeared in the sky.
  - "{clr2}Um, can I help you?{clr2}" I asked.
  - "{wvy}{clr2}I was just checking that you liked the star{clr2}{wvy}" she said.
    "{wvy}{clr2}Oh hey, you speak Cat? How?{clr2}{wvy}" she continued.
  - "{clr2}It's a long story...{clr2}" I began.
  - "{wvy}{clr2}Were you cursed by a forest witch?{clr2}{wvy}" she asked.
  - "{clr2}Actually, yes.{clr2}" I said.
  - "{wvy}{clr2}It's very common{clr2}{wvy}" she said.
  - "{clr2}Oh{clr2}" I said.
  - "{wvy}{clr2}So it will be more interesting if I tell my story{clr2}{wvy}" she said.
  - "{wvy}{clr2}I was once a mortal cat, the smallest of my litter.{clr2}{wvy}"
  - "{wvy}{clr2}But I was not a well made kitten.{clr2}{wvy}
    "{clr2}{wvy}My legs were wobbly and my eyes were blurry. I could not hunt.{clr2}{wvy}"
  - "{wvy}{clr2}My siblings brought gifts for our household; rabbits...{wvy}{clr2}
  - "{wvy}{clr2}...rats...{wvy}{clr2}
  - "{wvy}{clr2}...mice...{wvy}{clr2}
  - "{wvy}{clr2}...even beetles...but all I could catch...{wvy}{clr2}
  - "{wvy}{clr2}...was flowers.{wvy}{clr2}"
  - "{wvy}{clr2}It turns out that you can live a full life without murder.{wvy}{clr2}"
  - "{wvy}{clr2}But my eyes got worse...{wvy}{clr2}
  - "{wvy}{clr2}And everything went dark.{wvy}{clr2}"
  - "{wvy}Until a witch found me.{wvy}"
  - "{wvy}{clr2}Stars are bright enough for me to see...{wvy}{clr2}
  - "{wvy}{clr2}And they never run away.{wvy}{clr2}"
  - "{wvy}{clr2}So now I bring them back home, as love tokens for humanity.{wvy}{clr2}"
  - "{wvy}{clr2}Ok, that's my story!{wvy}{clr2}"
  - "{clr2}Cool,{clr2}" I said, "{clr2}I have some questions about the physics...{clr2}"
  - "{wvy}{clr2}Goodbye human!{wvy}{clr2}" she said.
  - {rbw}{wvy}* * * * * * THE END * * * * * *
    {wvy} {wvy}* * * * * * * * * * * * * * * {wvy}{rbw}
  - {rbw}{wvy}<3{wvy}{rbw} 
}
"""

DLG ITM_2
"""
{sequence
  - "{wvy}{clr2}Flowers were bright enough for me to see...{clr2}{wvy}
  - "{wvy}{clr2}And they didn't run away.{clr2}{wvy}"
  - 
  - 
  - 
  - 
  - "{wvy}{clr2}I loved them!{clr2}{wvy}"
}
"""

VAR a
42


