
Enjoy The Snow

# BITSY VERSION 4.5

! ROOM_FORMAT 1

PAL 0
211,211,255
184,174,66
255,255,255

PAL 1
NAME 02
162,176,252
255,231,3
222,227,254

PAL 2
NAME 03
44,75,143
184,174,66
235,243,254

PAL 3
NAME 04
120,2,2
184,174,66
235,243,254

PAL 4
NAME 05
138,158,250
255,209,5
205,213,253

PAL 5
NAME 06
114,140,248
255,193,77
188,200,252

PAL 6
NAME 07
90,122,246
255,191,3
171,186,251

PAL 7
NAME 001
187,193,253
184,174,66
238,241,254

PAL 8
NAME 08
65,105,245
255,191,3
155,172,251

PAL 9
NAME 09
41,87,243
255,209,5
138,158,250

ROOM 0
0,0,0,0,0,0,0,0,0,0,0,0,0,0,0,0
0,0,0,0,0,0,0,0,0,0,0,0,0,0,0,0
0,0,0,0,0,0,0,0,0,0,0,0,0,0,0,0
0,0,0,0,0,0,0,0,0,0,0,0,0,0,0,0
0,0,0,0,0,0,0,0,0,0,0,0,0,0,0,0
0,0,0,0,0,0,0,0,0,0,0,0,0,0,0,0
0,0,0,0,0,0,0,0,0,0,0,0,0,0,0,0
0,0,0,0,0,0,0,0,0,0,0,0,0,0,0,0
0,0,0,0,0,0,0,0,0,0,0,0,0,0,0,0
0,0,0,0,0,0,0,0,0,0,0,0,0,0,0,0
0,0,0,0,0,0,0,0,0,0,0,0,0,0,0,0
0,0,0,0,0,0,0,0,0,0,0,0,0,0,0,0
0,0,0,0,0,0,0,0,0,0,0,0,0,0,0,0
0,0,0,0,0,0,0,0,0,0,0,0,0,0,0,0
0,0,0,0,0,0,0,0,0,0,h,0,0,0,0,0
0,0,0,0,0,0,0,0,0,0,0,0,0,0,0,0
NAME 01
ITM 1 8,2
ITM 1 2,6
ITM 1 12,9
ITM 1 1,14
EXT 0,13 1 0,0
EXT 1,13 1 1,0
EXT 2,13 1 2,0
EXT 3,13 1 3,0
EXT 4,13 1 4,0
EXT 5,13 1 5,0
EXT 6,13 1 6,0
EXT 7,13 1 7,0
EXT 8,13 1 8,0
EXT 9,13 1 9,0
EXT 10,13 1 10,0
EXT 11,13 1 11,0
EXT 12,13 1 12,0
EXT 13,13 1 13,0
EXT 14,13 1 14,0
EXT 15,13 1 15,0
PAL 0

ROOM 1
0,0,0,0,0,0,0,0,0,0,0,0,0,0,0,0
0,0,0,0,0,0,0,0,0,0,0,0,0,0,0,0
0,0,0,0,0,0,0,0,0,0,0,0,0,0,0,0
0,0,0,0,0,0,0,0,0,0,0,0,0,0,0,0
0,0,0,0,0,0,0,0,0,0,0,0,0,0,0,0
0,0,0,0,0,0,0,0,0,0,0,0,0,0,0,0
0,0,0,0,0,0,0,0,0,0,0,0,0,0,0,0
0,0,0,0,0,0,0,0,0,0,0,0,0,0,0,0
0,0,0,0,0,0,0,0,0,0,0,0,0,0,0,0
0,0,0,0,0,0,0,0,0,0,0,0,0,0,0,0
0,0,0,0,0,0,0,0,0,0,0,0,0,0,0,0
0,0,0,0,0,0,0,0,0,0,0,0,0,0,0,0
0,0,0,0,0,0,0,0,0,0,0,0,0,0,0,0
0,0,0,0,0,0,0,0,0,0,0,0,0,0,0,0
0,0,0,0,0,0,0,0,0,0,h,0,0,0,0,0
0,0,0,0,0,0,0,0,0,0,0,0,0,0,0,0
NAME 02
ITM 1 3,3
ITM 1 10,2
ITM 1 7,8
ITM 1 11,10
EXT 0,12 2 0,0
EXT 1,13 2 1,0
EXT 2,13 2 2,0
EXT 3,13 2 3,0
EXT 4,13 2 4,0
EXT 5,13 2 5,0
EXT 6,13 2 6,0
EXT 7,13 2 7,0
EXT 8,13 2 8,0
EXT 9,13 2 9,0
EXT 10,12 2 10,0
EXT 11,13 2 11,0
EXT 12,13 2 12,0
EXT 13,13 2 13,0
EXT 14,12 2 14,0
EXT 15,12 2 15,0
PAL 7

ROOM 2
0,0,0,0,0,0,0,0,0,0,0,0,0,0,0,0
0,0,0,0,0,0,0,0,0,0,0,0,0,0,0,0
0,0,0,0,0,0,0,0,0,0,0,0,0,0,0,0
0,0,0,0,0,0,0,0,0,0,0,0,0,0,0,0
0,0,0,0,0,0,0,0,0,0,0,0,0,0,0,0
0,0,0,0,0,0,0,0,0,0,0,0,0,0,0,0
0,0,0,0,0,0,0,0,0,0,0,0,0,0,0,0
0,0,0,0,0,0,0,0,0,0,0,0,0,0,0,0
0,0,0,0,0,0,0,0,0,0,0,0,0,0,0,0
0,0,0,0,0,0,0,0,0,0,0,0,0,0,0,0
0,0,0,0,0,0,0,0,0,0,0,0,0,0,0,0
0,0,0,0,0,0,0,0,0,0,0,0,0,0,0,0
0,0,0,0,0,0,0,0,0,0,0,0,0,0,0,0
0,0,0,0,0,0,0,0,0,0,j,j,0,h,k,0
0,0,0,0,0,0,0,0,0,0,h,0,0,i,l,0
0,0,0,0,0,0,0,0,0,0,0,0,0,0,0,0
NAME 03
ITM 1 3,4
ITM 1 6,7
ITM 1 4,11
EXT 0,14 3 0,0
EXT 1,14 3 1,0
EXT 2,14 3 2,0
EXT 3,14 3 3,0
EXT 4,14 3 4,0
EXT 5,14 3 5,0
EXT 6,14 3 6,0
EXT 7,14 3 7,0
EXT 8,14 3 8,0
EXT 9,14 3 9,0
EXT 10,13 3 10,0
EXT 11,13 3 11,0
EXT 12,10 3 12,0
EXT 13,10 3 13,0
EXT 14,10 3 14,0
EXT 15,10 3 15,0
PAL 1

ROOM 3
0,0,0,0,0,0,0,0,0,0,0,0,0,0,0,0
0,0,0,0,0,0,0,0,0,0,0,0,0,0,0,0
0,0,0,0,0,0,0,0,0,0,0,0,0,0,0,0
0,0,0,0,0,0,0,0,0,0,0,0,0,0,0,0
0,0,0,0,0,0,0,0,0,0,0,0,0,0,0,0
0,0,0,0,0,0,0,0,0,0,0,0,0,0,0,0
0,0,0,0,0,0,0,0,0,0,0,0,0,0,0,0
0,0,0,0,0,0,0,0,0,0,0,0,0,13,14,15
0,0,0,0,0,0,0,0,0,0,0,0,0,12,n,16
0,0,0,0,0,0,0,0,0,0,0,0,0,17,0,18
0,0,0,0,0,0,0,0,0,0,0,0,0,0,0,0
0,0,0,0,0,0,0,0,0,0,0,0,0,0,0,0
0,0,0,0,0,0,0,0,0,0,0,0,0,0,0,0
0,0,0,0,0,0,0,0,0,0,0,0,0,0,0,0
0,0,0,0,0,0,0,0,0,0,0,0,0,0,0,0
0,0,0,0,0,0,0,0,0,0,0,0,0,0,0,0
NAME 04
ITM 1 1,5
ITM 1 5,7
ITM 1 11,10
ITM 1 14,5
ITM 1 9,3
ITM 1 5,2
ITM 1 10,6
ITM 1 2,8
EXT 0,11 4 9,0
EXT 1,11 4 10,0
EXT 2,11 4 11,0
EXT 3,11 4 12,0
EXT 4,11 4 13,0
EXT 5,11 4 14,0
EXT 6,11 4 15,0
EXT 7,11 4 9,0
EXT 8,11 4 10,0
EXT 9,11 4 11,0
EXT 10,11 4 12,0
EXT 11,11 4 13,0
EXT 12,11 4 14,0
EXT 13,11 4 15,0
EXT 14,8 4 9,0
EXT 15,11 4 10,0
PAL 4

ROOM 4
0,0,0,0,0,0,0,0,0,0,0,0,0,0,0,0
0,0,0,1h,0,0,0,0,0,0,0,0,0,0,0,0
1k,0,1g,0,1f,0,0,1d,0,1e,0,0,0,0,0,0
0,1i,0,0,0,0,1e,0,0,0,0,0,0,0,0,0
1j,0,0,m,m,0,0,1a,0,1c,0,0,0,0,0,0
0,0,m,m,m,m,0,0,0,0,0,0,0,0,0,0
0,m,m,m,m,m,m,0,1b,0,19,0,0,0,0,0
0,m,m,m,m,m,m,0,0,0,0,0,0,0,0,0
0,m,m,m,m,m,m,0,19,0,0,0,0,0,0,0
0,m,m,m,m,m,m,0,0,0,0,0,0,0,0,0
0,0,m,m,m,m,0,0,1c,0,1a,0,0,0,0,0
1o,0,0,0,0,0,0,1l,0,0,0,0,0,0,0,0
0,1p,0,0,0,0,1m,0,1n,0,0,0,0,0,0,0
0,0,0,0,0,0,0,0,0,0,0,0,0,0,0,0
0,0,0,0,0,0,0,0,0,0,0,0,0,0,0,0
0,0,0,0,0,0,0,0,0,0,0,0,0,0,0,0
NAME 05
ITM 1 11,5
EXT 0,15 5 0,0
EXT 1,5 5 1,0
EXT 2,4 5 2,0
EXT 3,3 5 3,0
EXT 4,3 5 4,0
EXT 5,4 5 5,0
EXT 6,5 5 15,0
EXT 7,15 5 6,0
EXT 8,15 5 7,0
EXT 9,15 5 8,0
EXT 10,15 5 9,0
EXT 11,15 5 10,0
EXT 12,15 5 11,0
EXT 13,15 5 12,0
EXT 14,15 5 13,0
EXT 15,15 5 14,0
EXT 1,15 5 6,0
EXT 2,15 5 9,0
EXT 5,15 5 13,0
EXT 6,15 5 3,0
PAL 5

ROOM 5
0,0,0,0,0,0,0,0,0,0,0,0,0,0,0,0
0,0,0,0,0,0,0,0,0,0,0,0,0,0,0,0
0,0,0,0,0,0,0,0,0,0,0,0,0,0,0,0
0,0,0,0,0,0,0,0,0,0,0,0,0,0,0,0
0,0,0,0,0,0,0,0,0,0,0,0,0,0,0,0
0,0,0,0,0,0,0,0,0,0,0,0,0,0,0,0
0,0,0,0,0,0,0,0,0,0,0,0,0,0,0,0
0,0,0,0,0,0,0,0,0,0,0,0,0,0,0,0
0,0,0,0,0,0,0,0,0,0,0,0,0,0,0,0
0,0,0,0,0,0,0,0,13,14,15,0,0,0,0,0
0,0,0,0,0,0,0,0,12,n,16,0,0,0,0,0
0,0,0,0,0,0,0,0,17,0,18,p,0,0,0,0
0,0,0,0,0,0,0,0,0,0,0,q,0,0,0,0
0,0,0,0,0,0,0,0,0,0,0,r,0,0,0,0
0,0,0,0,0,0,0,0,0,0,0,0,0,0,0,0
0,0,0,0,0,0,0,0,0,0,0,0,0,0,0,0
NAME 06
ITM 1 3,5
ITM 1 6,7
ITM 1 12,2
EXT 0,13 6 0,0
EXT 1,13 6 1,0
EXT 2,14 6 2,0
EXT 3,14 6 3,0
EXT 4,14 6 4,0
EXT 5,13 6 5,0
EXT 6,13 6 6,0
EXT 7,13 6 7,0
EXT 8,13 6 14,0
EXT 9,9 6 8,0
EXT 10,13 6 9,0
EXT 11,12 6 12,0
EXT 12,10 6 10,0
EXT 13,10 6 11,0
EXT 14,14 6 13,0
EXT 15,14 6 15,0
PAL 6

ROOM 6
0,0,0,0,0,0,0,0,0,0,0,0,0,0,0,0
0,0,0,0,0,0,0,0,0,0,0,0,0,0,0,0
0,0,0,0,0,0,0,0,0,0,0,0,0,0,0,0
0,0,0,0,0,0,0,0,0,0,0,0,0,0,0,0
0,0,0,0,0,0,0,0,0,0,0,0,0,0,0,0
0,0,0,0,0,0,0,0,0,0,0,0,0,0,0,0
0,0,0,0,0,0,0,0,0,0,0,0,0,0,0,0
0,0,0,0,0,0,0,0,0,0,0,0,0,0,0,0
0,0,0,0,0,0,0,0,0,0,0,0,0,0,0,0
0,0,0,0,0,0,0,0,0,0,0,0,0,0,0,0
0,0,0,0,0,0,0,0,0,0,0,0,0,0,0,0
0,0,0,0,0,0,0,0,0,0,0,0,0,0,0,0
0,0,0,0,0,0,0,0,0,0,0,0,0,0,0,0
0,10,0,11,0,0,x,w,v,y,0,0,0,0,0,0
0,0,0,0,0,0,0,t,u,0,0,0,0,0,0,0
0,0,0,0,0,0,0,0,0,0,0,0,0,0,0,0
NAME 07
ITM 1 4,6
ITM 1 8,8
ITM 1 8,2
ITM 1 14,4
EXT 0,14 7 0,0
EXT 1,13 7 1,0
EXT 2,14 7 2,0
EXT 3,13 7 3,0
EXT 4,14 7 4,0
EXT 5,10 7 5,0
EXT 6,10 7 6,0
EXT 7,10 7 7,0
EXT 8,10 7 8,0
EXT 9,10 7 9,0
EXT 10,10 7 10,0
EXT 11,12 7 11,0
EXT 12,14 7 12,0
EXT 13,14 7 13,0
EXT 14,14 7 14,0
EXT 15,13 7 15,0
PAL 8

ROOM 7
0,0,0,0,0,0,0,0,0,0,0,0,0,0,0,0
0,0,0,0,0,0,0,0,0,0,0,0,0,0,0,0
0,0,0,0,0,0,0,0,0,0,0,0,0,0,0,0
0,0,0,0,0,0,0,0,0,0,0,0,0,0,0,0
0,0,0,0,0,0,0,0,0,0,0,0,0,0,0,0
0,0,0,0,0,0,0,0,0,0,0,0,0,0,0,0
0,0,0,0,0,0,0,0,0,0,0,0,0,0,0,0
0,0,0,0,0,0,0,0,0,0,0,0,0,0,0,0
0,0,0,0,0,0,0,0,0,0,0,0,0,0,0,0
0,0,0,0,0,0,0,0,0,0,0,0,0,0,0,0
0,0,0,0,0,0,0,0,0,0,0,0,0,0,0,0
0,0,0,0,0,0,0,0,0,0,0,0,0,0,0,0
0,0,0,0,0,0,0,0,0,0,0,0,0,0,0,0
0,0,0,0,0,0,0,0,0,0,0,0,0,0,0,0
0,0,0,0,0,0,0,0,0,0,0,0,0,0,0,0
0,0,0,0,0,0,0,0,0,0,0,0,0,0,0,0
NAME 08
ITM 1 2,4
ITM 1 5,9
ITM 1 14,11
ITM 1 13,4
ITM 1 10,5
ITM 1 7,3
ITM 1 10,9
ITM 1 11,2
ITM 1 3,11
ITM 1 5,7
END 0 0,12
END 0 1,12
END 0 2,13
END 0 3,13
END 0 4,13
END 0 5,13
END 0 6,13
END 0 7,12
END 0 8,12
END 0 9,12
END 0 10,12
END 0 11,12
END 0 12,13
END 0 13,13
END 0 14,13
END 0 15,13
PAL 9

TIL 10
00000000
00000000
00000000
00000000
00000000
00101000
00010000
00101000
>
00000000
00000000
00000000
00000000
00000000
00010000
00111000
00010000

TIL 11
00000000
00000000
00000000
00000000
00000000
00010000
00111000
00010000
>
00000000
00000000
00000000
00000000
00000000
00101000
00010000
00101000

TIL 12
00101010
00000000
00010101
01000010
00001001
00100000
00001010
01000100
>
01010100
00000000
00101010
10000100
00010010
01000000
00010100
10001000

TIL 13
00000000
00000000
00000010
00000000
00001010
00000001
00101000
00000010
>
00000000
00000100
00000000
00010100
00000010
01010000
00000100
00000000

TIL 14
00000000
00000000
00010100
01000001
00000010
10101000
01000010
00010101
>
00000000
00010100
01000001
00000010
10101000
01000010
00010101
00000000

TIL 15
00000000
00000000
01000000
00000000
01010000
00000000
10001000
00100100
>
00000000
00100000
00000000
00101000
00000000
01000100
00010010
00000000

TIL 16
00010000
01000000
10001000
01000000
00101000
10000000
00001000
10100000
>
00001000
00100000
01000100
00100000
00010100
01000000
00000100
01010000

TIL 17
00010001
00000100
00000001
00000100
00000001
00000000
00000000
00000000
>
00000000
00100010
00001000
00000010
00001000
00000010
00000000
00000000

TIL 18
00100000
10001000
00100000
10000000
00000000
00000000
00000000
00000000
>
00000000
00010000
01000100
00010000
01000000
00000000
00000000
00000000

TIL 19
11000000
11000000
00000000
00000000
00000000
00000000
00011000
00011000
>
00110000
00110000
00000000
00000000
00000000
00000000
00000110
00000110

TIL h
00000000
00000000
00000000
01111110
01111110
01111110
01111110
01111110

TIL i
01111110
01111110
01111110
01111110
01111110
01111110
01111110
01111110

TIL j
00000000
00000000
00000000
00000000
00000000
00011000
00111100
00011000
>
00000000
00000000
00000000
00000000
00000000
00100100
00011000
00100100

TIL k
00000000
00000000
00000000
00000000
00001111
00001111
00001111
00001111

TIL l
00000000
00000000
00000000
00000000
00000000
00000000
00001111
00001111

TIL m
11111111
11111111
11111111
11111111
11111111
11111111
11111111
11111111
WAL true

TIL n
01000000
10011010
00111100
01111110
01111110
01111110
01111110
00111100
>
10000001
00011000
00111100
01111110
01111110
01111110
01111110
00111100

TIL o
11111111
11111111
11111111
11111111
11111111
11111111
11111111
11111111

TIL p
00000000
00000000
00000000
00000000
00000000
00000000
00000000
00000001

TIL q
00000001
00000011
00000111
00001111
00000000
00000000
00000000
00000000

TIL r
00000011
00000111
00001111
00011111
00111111
01111111
11111111
00000000

TIL s
00000000
00000000
00000000
00000000
00000000
00000000
00000000
00000000

TIL t
00000111
00000111
00000111
00000111
00000111
00000111
00000111
00000111

TIL u
11100000
11100000
11100000
11100000
11100000
11100000
11100000
11100000

TIL v
00000000
00000000
00000000
00000011
00000011
00000011
00000011
00000011

TIL w
00000000
00000000
00000111
11000111
11000111
11000111
11000111
11000111

TIL x
00000000
00000000
00000000
00001111
00001111
00001111
00001111
00001111

TIL y
00000000
00000000
00000000
11110000
11110000
11110000
11110000
11110000

TIL z
00000000
00000000
00000000
00000000
00000000
00000000
00000000
00000000

TIL 1a
00000000
00000000
11000000
11000000
00000000
00000000
00001100
00001100
>
00000000
00000000
00110000
00110000
00000000
00000000
00000011
00000011

TIL 1b
00000000
00000000
00000000
00000000
11000000
11000000
00000000
00000000
>
00000000
00000000
00000000
00000000
00110000
00110000
00000000
00000000

TIL 1c
00000000
00011000
00011000
00000000
00000000
00000000
00000000
00000000
>
00000000
00000110
00000110
00000000
00000000
00000000
00000000
00000000

TIL 1d
00000000
00000000
11000000
11000000
00000000
00001100
00001100
00000000
>
00110000
00110000
00000000
00000011
00000011
00000000
00000000
00000000

TIL 1e
00000000
00000000
00000000
00000000
00000000
00000000
11000000
11000000
>
00000000
00000000
00000000
00000000
00110000
00110000
00000000
00000000

TIL 1f
00000000
00000000
00000110
00000110
00000000
00000000
11000000
11000000
>
00000110
00000110
00000000
00000000
11000000
11000000
00000000
00000000

TIL 1g
00000000
00000000
00000000
00000000
00011000
00011000
00000000
00000000
>
00000000
00000000
00011000
00011000
00000000
00000000
00000000
00000000

TIL 1h
00000000
00000000
00000000
00000000
00000000
00000000
00000110
00000110
>
00000000
00000000
00000000
00000000
00000110
00000110
00000000
00000000

TIL 1i
00000000
00000000
00000000
00000000
00000000
00000000
00000011
00000011
>
00000000
00000000
00000000
00000000
00001100
00001100
00000000
00000000

TIL 1j
00000000
00000000
00000000
00000000
00000000
00000011
00110011
00110000
>
00000000
00000000
00000000
00001100
11001100
11000000
00000000
00000000

TIL 1k
00000000
00000000
00000000
00000000
00000000
00000000
00001100
00001100
>
00000000
00000000
00000000
00000000
00110000
00110000
00000000
00000000

TIL 1l
00000000
00000000
00000000
01100000
01100000
00000000
00000000
00000000
>
00000000
00000000
00000000
00000000
00000000
00011000
00011000
00000000

TIL 1m
00000000
00000000
00000000
01100000
01100000
00000000
00000000
00000000
>
00000000
00000000
00000000
00000000
00000000
00011000
00011000
00000000

TIL 1n
00000000
00001100
00001100
00000000
11000000
11000000
00000000
00000000
>
00000000
00000000
00000000
00000011
00000011
00000000
00110000
00110000

TIL 1o
00110000
00110011
00000011
00000000
00000000
00000000
00000000
00000000
>
00000000
00000000
11000000
11001100
00001100
00000000
00000000
00000000

TIL 1p
00000000
00000110
00000110
00000000
00000000
00000000
00000000
00000000
>
00000000
00000000
00000000
00011000
00011000
00000000
00000000
00000000

SPR 10
11111111
11111111
11111111
11111111
11111111
11111111
11111111
11111111
POS 0 6,15

SPR 11
11111111
11111111
11111111
11111111
11111111
11111111
11111111
11111111
POS 0 5,15

SPR 12
11111111
11111111
11111111
11111111
11111111
11111111
11111111
11111111
POS 0 4,15

SPR 13
11111111
11111111
11111111
11111111
11111111
11111111
11111111
11111111
POS 0 2,15

SPR 14
11111111
11111111
11111111
11111111
11111111
11111111
11111111
11111111
POS 0 3,15

SPR 15
11111111
11111111
11111111
11111111
11111111
11111111
11111111
11111111
POS 0 1,15

SPR 16
11111111
11111111
11111111
11111111
11111111
11111111
11111111
11111111
POS 0 0,15

SPR 17
11111111
11111111
11111111
11111111
11111111
11111111
11111111
11111111
POS 1 0,15

SPR 18
11111111
11111111
11111111
11111111
11111111
11111111
11111111
11111111
POS 1 1,15

SPR 19
11111111
11111111
11111111
11111111
11111111
11111111
11111111
11111111
POS 1 2,15

SPR 20
11111111
11111111
11111111
11111111
11111111
11111111
11111111
11111111
POS 1 8,14

SPR 21
11111111
11111111
11111111
11111111
11111111
11111111
11111111
11111111
POS 1 9,14

SPR 22
11111111
11111111
11111111
11111111
11111111
11111111
11111111
11111111
POS 1 10,14

SPR 23
11111111
11111111
11111111
11111111
11111111
11111111
11111111
11111111
POS 1 11,14

SPR 24
11111111
11111111
11111111
11111111
11111111
11111111
11111111
11111111
POS 1 12,14

SPR 25
11111111
11111111
11111111
11111111
11111111
11111111
11111111
11111111
POS 1 13,14

SPR 26
11111111
11111111
11111111
11111111
11111111
11111111
11111111
11111111
POS 1 14,14

SPR 27
11111111
11111111
11111111
11111111
11111111
11111111
11111111
11111111
POS 1 15,14

SPR 28
00000000
00000000
00000000
00000000
00000000
00000000
11111100
11111111
POS 1 0,13

SPR 29
00000000
00000000
00000000
00000000
00000000
00000000
00111100
11111111
POS 1 10,13

SPR 30
10000000
11000000
11100000
11110000
11111000
11111100
11111111
11111111
POS 2 15,11

SPR 31
10101010
11111111
11111111
11111111
11111111
11111111
11111111
11111111
POS 2 14,11

SPR 32
10101010
11111111
11111111
11111111
11111111
11111111
11111111
11111111
POS 2 13,11

SPR 33
00000001
00000011
00000111
00001111
00011111
00111111
11111111
11111111
POS 2 12,11

SPR 34
00100000
00100000
00100000
00100000
00100000
00100000
00100000
00100000
POS 2 12,13

SPR 35
00100000
00100000
00100000
00100000
00100000
00100000
00100000
00100000
POS 2 12,12

SPR 36
00011000
00011000
00011000
00011000
00011000
00011000
00011000
00011000
POS 2 10,14

SPR 37
01111111
00101101
00001000
00000000
00000000
00000000
00000000
00000000
POS 2 13,12

SPR 38
11111111
11111111
11111111
11111111
11111111
11111111
11111111
11111111

SPR 39
11111111
11111111
11111111
11111111
11111111
11111111
11111111
11111111

SPR 40
11111111
11111111
11111111
11111111
11111111
11111111
11111111
11111111
POS 3 10,14

SPR 41
11111111
11111111
11111111
11111111
11111111
11111111
11111111
11111111
POS 3 11,14

SPR 42
11111111
11111111
11111111
11111111
11111111
11111111
11111111
11111111
POS 3 12,14

SPR 43
11111111
11111111
11111111
11111111
11111111
11111111
11111111
11111111
POS 3 13,14

SPR 44
11111111
11111111
11111111
11111111
11111111
11111111
11111111
11111111
POS 3 14,14

SPR 45
11111111
11111111
11111111
11111111
11111111
11111111
11111111
11111111
POS 3 15,14

SPR 46
11111111
11111111
11111111
11111111
11111111
11111111
11111111
11111111
POS 3 15,13

SPR 47
11111111
11111111
11111111
11111111
11111111
11111111
11111111
11111111
POS 3 14,13

SPR 48
11111111
11111111
11111111
11111111
11111111
11111111
11111111
11111111
POS 3 13,13

SPR 49
11111111
11111111
11111111
11111111
11111111
11111111
11111111
11111111
POS 3 12,13

SPR 50
00011000
00011000
00011000
00011000
00011000
00011000
00011000
00011000
POS 3 14,9

SPR 51
00001000
00001000
00001000
00001000
00001000
00001000
00001000
00001000

SPR 52
11111111
11111111
11111111
11111111
11111111
11111111
11111111
11111111
POS 4 4,11

SPR 53
11111111
11111111
11111111
11111111
11111111
11111111
11111111
11111111
POS 4 4,12

SPR 54
11111111
11111111
11111111
11111111
11111111
11111111
11111111
11111111
POS 4 4,13

SPR 55
11111111
11111111
11111111
11111111
11111111
11111111
11111111
11111111
POS 4 4,14

SPR 56
11111111
11111111
11111111
11111111
11111111
11111111
11111111
11111111
POS 4 4,15

SPR 57
11111111
11111111
11111111
11111111
11111111
11111111
11111111
11111111
POS 4 3,11

SPR 58
11111111
11111111
11111111
11111111
11111111
11111111
11111111
11111111
POS 4 3,12

SPR 59
11111111
11111111
11111111
11111111
11111111
11111111
11111111
11111111
POS 4 3,13

SPR 60
00011000
00011000
00011000
00011000
00011000
00111110
11111111
11111111
POS 5 9,14

SPR 61
00000000
00000000
00000000
00000000
00000000
00000000
00000111
11111111
POS 5 8,14

SPR 62
00000000
00000000
00000000
00000000
00000000
00000000
11100000
11110000
POS 5 10,14

SPR 63
00011000
00011000
00011000
00011000
00011000
00011000
00011000
00011000
POS 5 12,14

SPR 64
11111111
11111111
11111111
11111111
11111111
11111111
11111111
00011000

SPR 65
00011000
00011000
00011000
00011000
00011000
00011000
00011000
00011000

SPR 66
00000011
00000111
00001111
00011111
00111111
01111111
11111111
00000000

SPR 67
11000000
11100000
11110000
11111000
11111100
11111110
11111111
00000000

SPR 68
11111111
11111111
11111111
11111111
00111100
01111110
11111111
11111111
POS 5 12,12

SPR 69
00000000
00000000
00000000
00000000
00000000
00000000
00000000
00000001

SPR 70
11111111
11111111
11111111
11111111
11111111
11111111
11111111
11111111
POS 6 15,15

SPR 71
01000000
01000000
01000000
01000000
01000000
01000000
01000000
01000000

SPR 72
01000000
01000000
01000000
01000000
01000000
01000000
01000000
01000000

SPR 73
01000000
01000000
01000000
01000000
01000000
01000000
01000000
01000000

SPR 74
00000000
00000000
10101010
11111111
11111111
11111111
11111111
11111111

SPR 75
00000000
00000000
10101010
11111111
11111111
11111111
11111111
11111111

SPR 76
00000000
00000000
10101010
11111111
11111111
11111111
11111111
11111111

SPR 77
00000000
00000000
10101010
11111111
11111111
11111111
11111111
11111111
POS 6 9,11

SPR 78
00000010
00000010
00000010
00000010
00000010
00000010
00000010
00000010

SPR 79
00000000
00000000
00000000
00000000
00000000
00000000
00000000
00000000

SPR 80
11111111
11111111
11111111
11111111
11111111
11111111
11111111
11111111
POS 7 1,15

SPR 81
11111111
11111111
11111111
11111111
11111111
11111111
11111111
11111111
POS 7 2,15

SPR 82
11111111
11111111
11111111
11111111
11111111
11111111
11111111
11111111
POS 7 3,15

SPR 83
11111111
11111111
11111111
11111111
11111111
11111111
11111111
11111111
POS 7 4,15

SPR 84
11111111
11111111
11111111
11111111
11111111
11111111
11111111
11111111
POS 7 5,15

SPR 85
11111111
11111111
11111111
11111111
11111111
11111111
11111111
11111111
POS 7 6,15

SPR 86
11111111
11111111
11111111
11111111
11111111
11111111
11111111
11111111
POS 7 7,15

SPR 87
11111111
11111111
11111111
11111111
11111111
11111111
11111111
11111111
POS 7 8,15

SPR 88
11111111
11111111
11111111
11111111
11111111
11111111
11111111
11111111
POS 7 9,15

SPR 89
11111111
11111111
11111111
11111111
11111111
11111111
11111111
11111111
POS 7 10,15

SPR 90
00000000
00000000
00000000
00000000
00000000
00000000
11111100
11111111
POS 7 10,13

SPR 91
00000000
00000000
00000000
00000000
00000000
00000000
00000000
11110000
POS 7 11,13

SPR 92
01000010
01100010
01000010
01000010
01000010
01000010
01000010
01000010
POS 2 13,14

SPR 93
00000000
00000000
00000000
01111110
01000010
01000010
01000010
01000010
POS 2 13,13

SPR 94
00000000
00011111
00010001
00010001
00010001
00010001
00010001
00011111
POS 2 14,13

SPR 95
00000100
00000110
00000100
00000100
00000100
00000100
00000100
00000100
POS 6 7,14

SPR 96
00000000
00000000
00000111
00000100
00000100
00000100
00000100
00000100
POS 6 7,13

SPR 97
00000000
00000000
11100000
00100000
00100000
00100000
00100000
00100000
POS 6 8,13

SPR 98
00100000
00100000
00100000
00100000
00100000
00100000
00100000
00100000
POS 6 8,14

SPR A
01000000
00000010
00010000
00000000
00000000
01000010
00000000
00000000
>
00000000
01000000
00000010
00010000
00000000
00000000
01000010
00000000
POS 0 8,0

SPR a
00000000
00000000
00000000
00000000
00111110
01111111
11111111
11111111
POS 0 4,14

SPR b
00000000
00000000
00000000
00000000
00000110
11100111
11111111
11111111
POS 0 5,14

SPR c
00000000
00000000
00000000
00000011
00001111
11111111
11111111
11111111
POS 0 6,14

SPR d
00000000
00000000
00000000
11111001
11111111
11111111
11111111
11111111
POS 0 7,14

SPR e
00000000
00000000
00000000
11111111
11111111
11111111
11111111
11111111
POS 0 8,14

SPR f
00000000
00001110
01111111
11111111
11111111
11111111
11111111
11111111
POS 0 9,14

SPR g
00000000
00000000
00000000
11000000
11111111
11111111
11111111
11111111
POS 0 10,14

SPR h
00000000
00000000
00000000
00000110
11000111
11101111
11111111
11111111
POS 0 11,14

SPR i
00000000
00000000
00000000
00000001
11100011
11111111
11111111
11111111
POS 0 12,14

SPR j
00000000
00000000
00000000
11111100
11111111
11111111
11111111
11111111
POS 0 13,14

SPR k
00000000
00000000
00000000
00000000
11111000
11111100
11111110
11111111
POS 0 14,14

SPR l
00000000
00000000
00000000
00000000
00000000
00000100
00011110
11111111
POS 0 15,14

SPR m
00000000
00000000
00000000
00000000
00000000
00000000
00000000
00000000

SPR n
00000000
00000000
00000000
00000000
00000000
00111100
11111111
11111111
POS 0 3,14

SPR o
00000000
00000000
00000000
00000000
01111100
11111110
11111111
11111111
POS 0 2,14

SPR p
00000000
00000000
00001000
01111100
11111110
11111111
11111111
11111111
POS 0 1,14

SPR q
00000000
00000000
00000000
00000000
00001111
01111111
11111111
11111111
POS 0 0,14

SPR r
11111111
11111111
11111111
11111111
11111111
11111111
11111111
11111111
POS 0 15,15

SPR s
11111111
11111111
11111111
11111111
11111111
11111111
11111111
11111111
POS 0 14,15

SPR t
11111111
11111111
11111111
11111111
11111111
11111111
11111111
11111111
POS 0 13,15

SPR u
11111111
11111111
11111111
11111111
11111111
11111111
11111111
11111111
POS 0 12,15

SPR v
11111111
11111111
11111111
11111111
11111111
11111111
11111111
11111111
POS 0 11,15

SPR w
11111111
11111111
11111111
11111111
11111111
11111111
11111111
11111111
POS 0 10,15

SPR x
11111111
11111111
11111111
11111111
11111111
11111111
11111111
11111111
POS 0 9,15

SPR y
11111111
11111111
11111111
11111111
11111111
11111111
11111111
11111111
POS 0 8,15

SPR z
11111111
11111111
11111111
11111111
11111111
11111111
11111111
11111111
POS 0 7,15

SPR 1a
11111111
11111111
11111111
11111111
11111111
11111111
11111111
11111111
POS 1 3,15

SPR 1b
11111111
11111111
11111111
11111111
11111111
11111111
11111111
11111111
POS 1 4,15

SPR 1c
11111111
11111111
11111111
11111111
11111111
11111111
11111111
11111111
POS 1 5,15

SPR 1d
11111111
11111111
11111111
11111111
11111111
11111111
11111111
11111111
POS 1 6,15

SPR 1e
11111111
11111111
11111111
11111111
11111111
11111111
11111111
11111111
POS 1 7,15

SPR 1f
11111111
11111111
11111111
11111111
11111111
11111111
11111111
11111111
POS 1 8,15

SPR 1g
11111111
11111111
11111111
11111111
11111111
11111111
11111111
11111111
POS 1 9,15

SPR 1h
11111111
11111111
11111111
11111111
11111111
11111111
11111111
11111111
POS 1 10,15

SPR 1i
11111111
11111111
11111111
11111111
11111111
11111111
11111111
11111111
POS 1 11,15

SPR 1j
11111111
11111111
11111111
11111111
11111111
11111111
11111111
11111111
POS 1 12,15

SPR 1k
11111111
11111111
11111111
11111111
11111111
11111111
11111111
11111111
POS 1 13,15

SPR 1l
11111111
11111111
11111111
11111111
11111111
11111111
11111111
11111111
POS 1 14,15

SPR 1m
11111111
11111111
11111111
11111111
11111111
11111111
11111111
11111111
POS 1 15,15

SPR 1n
00000000
00000000
00000000
00000000
00001111
01111111
11111111
11111111

SPR 1o
00000000
00000000
00000000
00000000
00000110
11100111
11111111
11111111

SPR 1p
00000000
00000000
00000000
00000000
00111110
01111111
11111111
11111111

SPR 1q
00000000
00000000
00000000
00000011
00001111
11111111
11111111
11111111

SPR 1r
00000000
00000000
00000000
11111001
11111111
11111111
11111111
11111111

SPR 1s
11111111
11111111
11111111
11111111
11111111
11111111
11111111
11111111
POS 1 0,14

SPR 1t
11111111
11111111
11111111
11111111
11111111
11111111
11111111
11111111
POS 1 1,14

SPR 1u
11111111
11111111
11111111
11111111
11111111
11111111
11111111
11111111
POS 1 2,14

SPR 1v
11111111
11111111
11111111
11111111
11111111
11111111
11111111
11111111
POS 1 3,14

SPR 1w
11111111
11111111
11111111
11111111
11111111
11111111
11111111
11111111
POS 1 4,14

SPR 1x
11111111
11111111
11111111
11111111
11111111
11111111
11111111
11111111
POS 1 5,14

SPR 1y
11111111
11111111
11111111
11111111
11111111
11111111
11111111
11111111
POS 1 6,14

SPR 1z
11111111
11111111
11111111
11111111
11111111
11111111
11111111
11111111
POS 1 7,14

SPR 2a
00000000
00000000
00000000
00000000
00000000
00000000
01111111
11111111
POS 1 14,13

SPR 2b
00000000
00000000
00000000
00000000
00000000
00000000
11111111
11111111
POS 1 15,13

SPR 2c
11111111
11111111
11111111
11111111
11111111
11111111
11111111
11111111
POS 2 0,15

SPR 2d
11111111
11111111
11111111
11111111
11111111
11111111
11111111
11111111
POS 2 1,15

SPR 2e
00000000
00000000
00000000
00000000
00000000
00000000
00000000
00000000

SPR 2f
11111111
11111111
11111111
11111111
11111111
11111111
11111111
11111111
POS 2 2,15

SPR 2g
11111111
11111111
11111111
11111111
11111111
11111111
11111111
11111111
POS 2 3,15

SPR 2h
11111111
11111111
11111111
11111111
11111111
11111111
11111111
11111111
POS 2 4,15

SPR 2i
11111111
11111111
11111111
11111111
11111111
11111111
11111111
11111111
POS 2 5,15

SPR 2j
11111111
11111111
11111111
11111111
11111111
11111111
11111111
11111111
POS 2 6,15

SPR 2k
11111111
11111111
11111111
11111111
11111111
11111111
11111111
11111111
POS 2 7,15

SPR 2l
11111111
11111111
11111111
11111111
11111111
11111111
11111111
11111111
POS 2 8,15

SPR 2m
11111111
11111111
11111111
11111111
11111111
11111111
11111111
11111111
POS 2 9,15

SPR 2n
11111111
11111111
11111111
11111111
11111111
11111111
11111111
11111111
POS 2 10,15

SPR 2o
11111111
11111111
11111111
11111111
11111111
11111111
11111111
11111111
POS 2 11,15

SPR 2p
11111111
11111111
11111111
11111111
11111111
11111111
11111111
11111111
POS 2 12,15

SPR 2q
11111111
11111111
11111111
11111111
11111111
11111111
11111111
11111111
POS 2 13,15

SPR 2r
11111111
11111111
11111111
11111111
11111111
11111111
11111111
11111111
POS 2 14,15

SPR 2s
11111111
11111111
11111111
11111111
11111111
11111111
11111111
11111111
POS 2 15,15

SPR 2t
00011000
00011000
00011000
00011000
00011000
00011000
00011111
11111111
POS 2 11,14

SPR 2u
00100000
00100000
00100000
00100000
00100000
00100000
11111111
11111111
POS 2 12,14

SPR 2v
00000000
00000000
00000000
00000000
00000000
00000000
11111111
11111111

SPR 2w
00000000
00000000
00000000
00000000
00000000
00000000
11111111
11111111
POS 2 14,14

SPR 2x
00000100
00000100
00000100
00000100
00000100
00000100
11111111
11111111
POS 2 15,14

SPR 2y
00000100
00000100
00000100
00000100
00000100
00000100
00000100
00000100
POS 2 15,13

SPR 2z
00000100
00000100
00000100
00000100
00000100
00000100
00000100
00000100
POS 2 15,12

SPR 3a
11111111
11111111
11111111
11111111
11111111
11111111
11111111
11111111
POS 3 0,15

SPR 3b
11111111
11111111
11111111
11111111
11111111
11111111
11111111
11111111
POS 3 1,15

SPR 3c
11111111
11111111
11111111
11111111
11111111
11111111
11111111
11111111
POS 3 2,15

SPR 3d
11111111
11111111
11111111
11111111
11111111
11111111
11111111
11111111
POS 3 3,15

SPR 3e
11111111
11111111
11111111
11111111
11111111
11111111
11111111
11111111
POS 3 4,15

SPR 3f
11111111
11111111
11111111
11111111
11111111
11111111
11111111
11111111
POS 3 5,15

SPR 3g
11111111
11111111
11111111
11111111
11111111
11111111
11111111
11111111
POS 3 6,15

SPR 3h
11111111
11111111
11111111
11111111
11111111
11111111
11111111
11111111
POS 3 7,15

SPR 3i
11111111
11111111
11111111
11111111
11111111
11111111
11111111
11111111
POS 3 8,15

SPR 3j
11111111
11111111
11111111
11111111
11111111
11111111
11111111
11111111
POS 3 9,15

SPR 3k
11111111
11111111
11111111
11111111
11111111
11111111
11111111
11111111
POS 3 10,15

SPR 3l
11111111
11111111
11111111
11111111
11111111
11111111
11111111
11111111
POS 3 11,15

SPR 3m
11111111
11111111
11111111
11111111
11111111
11111111
11111111
11111111
POS 3 12,15

SPR 3n
11111111
11111111
11111111
11111111
11111111
11111111
11111111
11111111
POS 3 13,15

SPR 3o
11111111
11111111
11111111
11111111
11111111
11111111
11111111
11111111
POS 3 14,15

SPR 3p
11111111
11111111
11111111
11111111
11111111
11111111
11111111
11111111
POS 3 15,15

SPR 3q
11111111
11111111
11111111
11111111
11111111
11111111
11111111
11111111
POS 3 0,14

SPR 3r
11111111
11111111
11111111
11111111
11111111
11111111
11111111
11111111
POS 3 1,14

SPR 3s
11111111
11111111
11111111
11111111
11111111
11111111
11111111
11111111
POS 3 2,14

SPR 3t
11111111
11111111
11111111
11111111
11111111
11111111
11111111
11111111
POS 3 3,14

SPR 3u
11111111
11111111
11111111
11111111
11111111
11111111
11111111
11111111
POS 3 4,14

SPR 3v
11111111
11111111
11111111
11111111
11111111
11111111
11111111
11111111
POS 3 5,14

SPR 3w
11111111
11111111
11111111
11111111
11111111
11111111
11111111
11111111
POS 3 6,14

SPR 3x
11111111
11111111
11111111
11111111
11111111
11111111
11111111
11111111
POS 3 8,14

SPR 3y
11111111
11111111
11111111
11111111
11111111
11111111
11111111
11111111
POS 3 7,14

SPR 3z
11111111
11111111
11111111
11111111
11111111
11111111
11111111
11111111
POS 3 9,14

SPR 4a
11111111
11111111
11111111
11111111
11111111
11111111
11111111
11111111
POS 3 11,13

SPR 4b
11111111
11111111
11111111
11111111
11111111
11111111
11111111
11111111
POS 3 10,13

SPR 4c
11111111
11111111
11111111
11111111
11111111
11111111
11111111
11111111
POS 3 9,13

SPR 4d
11111111
11111111
11111111
11111111
11111111
11111111
11111111
11111111
POS 3 8,13

SPR 4e
11111111
11111111
11111111
11111111
11111111
11111111
11111111
11111111
POS 3 7,13

SPR 4f
11111111
11111111
11111111
11111111
11111111
11111111
11111111
11111111
POS 3 6,13

SPR 4g
11111111
11111111
11111111
11111111
11111111
11111111
11111111
11111111
POS 3 5,13

SPR 4h
11111111
11111111
11111111
11111111
11111111
11111111
11111111
11111111
POS 3 4,13

SPR 4i
11111111
11111111
11111111
11111111
11111111
11111111
11111111
11111111
POS 3 3,13

SPR 4j
11111111
11111111
11111111
11111111
11111111
11111111
11111111
11111111
POS 3 2,13

SPR 4k
11111111
11111111
11111111
11111111
11111111
11111111
11111111
11111111
POS 3 1,13

SPR 4l
11111111
11111111
11111111
11111111
11111111
11111111
11111111
11111111
POS 3 0,13

SPR 4m
00000000
00000000
00000000
10001111
11111111
11111111
11111111
11111111
POS 3 0,12

SPR 4n
00000000
00000000
00000000
11100000
11111000
11111111
11111111
11111111
POS 3 1,12

SPR 4o
00000000
00000000
00000000
00011000
00111011
11111111
11111111
11111111
POS 3 2,12

SPR 4p
00000000
00000000
00000000
00000000
11110000
11111000
11111100
11111111
POS 3 3,12

SPR 4q
00000000
00000000
00000000
00000000
00000000
00000000
00000000
11000000
POS 3 4,12

SPR 4r
00000000
00000000
00000000
00000000
00000001
00000011
00000111
00011111
POS 3 8,12

SPR 4s
00000000
00000000
00000000
00111110
11111111
11111111
11111111
11111111
POS 3 9,12

SPR 4t
00000000
00000000
00000000
00000000
11111000
11111100
11111110
11111111
POS 3 10,12

SPR 4u
00000000
00000000
00000000
00000000
00000000
00000000
00000111
11111111
POS 3 13,12

SPR 4v
00011000
00011000
00011000
00011000
00011000
00111110
11111111
11111111
POS 3 14,12

SPR 4w
00000000
00000000
00000000
00000000
00000000
00000000
11100000
11110000
POS 3 15,12

SPR 4x
00000000
00000000
00000000
00000000
00000000
00000000
00000000
00000000

SPR 4y
00011000
00011000
00011000
00011000
00011000
00011000
00011000
00011000
POS 3 14,11

SPR 4z
00011000
00011000
00011000
00011000
00011000
00011000
00011000
00011000
POS 3 14,10

SPR 5a
11111111
11111111
11111111
11111111
11111111
11111111
11111111
11111111
POS 4 3,14

SPR 5b
11111111
11111111
11111111
11111111
11111111
11111111
11111111
11111111
POS 4 3,15

SPR 5c
11111111
11111111
11111111
11111111
11111111
11111111
11111111
11111111
POS 5 0,15

SPR 5d
11111111
11111111
11111111
11111111
11111111
11111111
11111111
11111111
POS 5 1,15

SPR 5e
11111111
11111111
11111111
11111111
11111111
11111111
11111111
11111111
POS 5 2,15

SPR 5f
11111111
11111111
11111111
11111111
11111111
11111111
11111111
11111111
POS 5 3,15

SPR 5g
11111111
11111111
11111111
11111111
11111111
11111111
11111111
11111111
POS 5 4,15

SPR 5h
11111111
11111111
11111111
11111111
11111111
11111111
11111111
11111111
POS 5 5,15

SPR 5i
11111111
11111111
11111111
11111111
11111111
11111111
11111111
11111111
POS 5 6,15

SPR 5j
11111111
11111111
11111111
11111111
11111111
11111111
11111111
11111111
POS 5 7,15

SPR 5k
11111111
11111111
11111111
11111111
11111111
11111111
11111111
11111111
POS 5 8,15

SPR 5l
11111111
11111111
11111111
11111111
11111111
11111111
11111111
11111111
POS 5 9,15

SPR 5m
11111111
11111111
11111111
11111111
11111111
11111111
11111111
11111111
POS 5 10,15

SPR 5n
11111111
11111111
11111111
11111111
11111111
11111111
11111111
11111111
POS 5 11,15

SPR 5o
11111111
11111111
11111111
11111111
11111111
11111111
11111111
11111111
POS 5 12,15

SPR 5p
11111111
11111111
11111111
11111111
11111111
11111111
11111111
11111111
POS 5 13,15

SPR 5q
11111111
11111111
11111111
11111111
11111111
11111111
11111111
11111111
POS 5 14,15

SPR 5r
11111111
11111111
11111111
11111111
11111111
11111111
11111111
11111111
POS 5 15,15

SPR 5s
00000000
00000000
00000000
00000000
11111100
11111111
11111111
11111111
POS 5 0,14

SPR 5t
00000000
00000000
00000000
00000000
00000000
11111000
11111110
11111111
POS 5 1,14

SPR 5u
00000000
00000000
00000000
00000000
00000000
00000000
00011111
11111111
POS 5 5,14

SPR 5v
00000000
00000000
00000000
00000000
00000000
00000000
11111000
11111111
POS 5 6,14

SPR 5w
00011000
00011000
00011000
00011000
00011000
00011000
00011000
00011000

SPR 5x
00011000
00011000
00011000
00011000
00011000
00011000
00011000
00011000
POS 5 9,13

SPR 5y
00011000
00011000
00011000
00011000
00011000
00011000
00011000
00011000
POS 5 9,12

SPR 5z
00011000
00011000
00011000
00011000
00011000
00011000
00011000
00011000
POS 5 9,11

SPR 6a
00000000
00000000
00000000
00000000
00000000
00000000
00000000
10000000

SPR 6b
00000011
00000111
00001111
00011111
00000000
00000000
00000000
00000001

SPR 6c
11000000
11100000
11110000
11111000
00000000
00000000
00000000
10000000
POS 5 13,12

SPR 6d
00011000
00111000
00111110
01111110
00011000
00111100
11111110
11111111
POS 5 12,11

SPR 6e
00000000
00000000
00000000
00000000
00000000
00000000
00000000
10000000
POS 5 13,11

SPR 6f
00000000
00000000
00000000
00000000
00000000
00000000
00000000
00000001

SPR 6g
00000001
00000011
00000011
00000111
00001111
00011111
00111111
00000000
POS 5 11,13

SPR 6h
10000000
11000000
11100000
11110000
11111000
11111100
11111110
11110000
POS 5 13,13

SPR 6i
11111111
11111111
11111111
11111111
11111111
11111111
11111001
11011000
POS 5 12,13

SPR 6j
11110000
11000000
00000000
00000000
00000000
00000000
00000000
00000000
POS 5 13,14

SPR 6k
00000000
00000000
00000000
00000000
00000000
00000000
00000000
00000000

SPR 6l
11111111
11111111
11111111
11111111
11111111
11111111
11111111
11111111
POS 6 0,15

SPR 6m
11111111
11111111
11111111
11111111
11111111
11111111
11111111
11111111
POS 6 1,15

SPR 6n
11111111
11111111
11111111
11111111
11111111
11111111
11111111
11111111
POS 6 2,15

SPR 6o
11111111
11111111
11111111
11111111
11111111
11111111
11111111
11111111
POS 6 3,15

SPR 6p
11111111
11111111
11111111
11111111
11111111
11111111
11111111
11111111
POS 6 4,15

SPR 6q
11111111
11111111
11111111
11111111
11111111
11111111
11111111
11111111
POS 6 5,15

SPR 6r
11111111
11111111
11111111
11111111
11111111
11111111
11111111
11111111
POS 6 6,15

SPR 6s
11111111
11111111
11111111
11111111
11111111
11111111
11111111
11111111
POS 6 7,15

SPR 6t
11111111
11111111
11111111
11111111
11111111
11111111
11111111
11111111
POS 6 8,15

SPR 6u
11111111
11111111
11111111
11111111
11111111
11111111
11111111
11111111
POS 6 9,15

SPR 6v
11111111
11111111
11111111
11111111
11111111
11111111
11111111
11111111
POS 6 10,15

SPR 6w
11111111
11111111
11111111
11111111
11111111
11111111
11111111
11111111
POS 6 11,15

SPR 6x
11111111
11111111
11111111
11111111
11111111
11111111
11111111
11111111
POS 6 12,15

SPR 6y
11111111
11111111
11111111
11111111
11111111
11111111
11111111
11111111
POS 6 13,15

SPR 6z
11111111
11111111
11111111
11111111
11111111
11111111
11111111
11111111
POS 6 14,15

SPR 7a
00000010
00000010
00000010
00000010
00000010
00000010
00000010
00000010

SPR 7b
00000010
00000010
00000010
00000010
00000010
00000010
00000010
00000010

SPR 7c
10000000
10000000
10000000
10000000
10000000
10000000
10000000
10000000

SPR 7d
10000000
10000000
10000000
10000000
10000000
10000000
10000000
10000000
POS 6 10,13

SPR 7e
10000000
10000000
10000000
10000000
10000000
10000000
10000000
10000000

SPR 7f
00000001
00000001
00000001
00000001
00000001
00000001
00000001
00000001

SPR 7g
00000001
00000001
00000001
00000001
00000001
00000001
00000001
00000001
POS 6 5,13

SPR 7h
00000001
00000001
00000001
00000001
00000001
00000001
00000001
00000001

SPR 7i
00000000
00000000
00000000
00000000
10000000
11000000
11100000
11111000
POS 6 10,11

SPR 7j
10100000
10100000
10100000
10000000
10000000
10000000
10000000
10000000
POS 6 10,12

SPR 7k
00010101
00010101
00000101
00000101
00000001
00000001
00000001
00000001
POS 6 5,12

SPR 7l
00000000
00000000
00000000
00000000
00000001
00000011
00000111
00011111
POS 6 5,11

SPR 7m
11111111
00111001
00001001
00001000
00000000
00000000
00000000
00000000
POS 6 7,12

SPR 7n
00001100
01111111
11111111
11111111
11111111
11111111
11111111
11111111
POS 6 8,11

SPR 7o
01111110
11111111
11111111
11111111
11111111
11111111
11111111
11111111
POS 6 7,11

SPR 7p
00000000
00000011
00111111
11111111
11111111
11111111
11111111
11111111
POS 6 6,11

SPR 7q
10000000
10000000
10000000
10000000
10000000
11000000
11111100
11111111
POS 6 10,14

SPR 7r
00000001
00000001
00000001
00000111
00011111
00111111
01111111
11111111
POS 6 5,14

SPR 7s
00000000
00000000
00000000
10000000
11000000
11100000
11110000
11111000
POS 6 6,14

SPR 7t
00000000
00000000
00000000
00000000
00000000
00000000
00000001
00000011
POS 6 9,14

SPR 7u
10000000
10000000
10000000
10000000
10000000
10000000
10000000
10000000
POS 6 11,14

SPR 7v
00000000
00000000
00000000
00000000
00000000
11110000
11110000
11110000
POS 6 11,13

SPR 7w
00010000
00010000
00010000
00010000
00010000
00010000
00010000
00010000
POS 6 3,14

SPR 7x
00010000
00010000
00010000
00010000
00010000
00010000
00010000
00010000
POS 6 1,14

SPR 7y
00000000
00000000
00000000
00000000
00000000
00000011
00011111
11111111
POS 6 15,14

SPR 7z
11111111
11111111
11111111
11111111
11111111
11111111
11111111
11111111
POS 7 0,15

SPR 8a
11111111
11111111
11111111
11111111
11111111
11111111
11111111
11111111
POS 7 11,15

SPR 8b
11111111
11111111
11111111
11111111
11111111
11111111
11111111
11111111
POS 7 12,15

SPR 8c
11111111
11111111
11111111
11111111
11111111
11111111
11111111
11111111
POS 7 13,15

SPR 8d
11111111
11111111
11111111
11111111
11111111
11111111
11111111
11111111
POS 7 14,15

SPR 8e
11111111
11111111
11111111
11111111
11111111
11111111
11111111
11111111
POS 7 15,15

SPR 8f
11111111
11111111
11111111
11111111
11111111
11111111
11111111
11111111
POS 7 15,14

SPR 8g
11111111
11111111
11111111
11111111
11111111
11111111
11111111
11111111
POS 7 14,14

SPR 8h
11111111
11111111
11111111
11111111
11111111
11111111
11111111
11111111
POS 7 13,14

SPR 8i
11111111
11111111
11111111
11111111
11111111
11111111
11111111
11111111
POS 7 12,14

SPR 8j
11111111
11111111
11111111
11111111
11111111
11111111
11111111
11111111
POS 7 11,14

SPR 8k
11111111
11111111
11111111
11111111
11111111
11111111
11111111
11111111
POS 7 10,14

SPR 8l
11111111
11111111
11111111
11111111
11111111
11111111
11111111
11111111
POS 7 9,14

SPR 8m
11111111
11111111
11111111
11111111
11111111
11111111
11111111
11111111
POS 7 8,14

SPR 8n
11111111
11111111
11111111
11111111
11111111
11111111
11111111
11111111
POS 7 7,14

SPR 8o
11111111
11111111
11111111
11111111
11111111
11111111
11111111
11111111
POS 7 5,14

SPR 8p
11111111
11111111
11111111
11111111
11111111
11111111
11111111
11111111
POS 7 6,14

SPR 8q
11111111
11111111
11111111
11111111
11111111
11111111
11111111
11111111
POS 7 4,14

SPR 8r
11111111
11111111
11111111
11111111
11111111
11111111
11111111
11111111
POS 7 3,14

SPR 8s
11111111
11111111
11111111
11111111
11111111
11111111
11111111
11111111
POS 7 2,14

SPR 8t
11111111
11111111
11111111
11111111
11111111
11111111
11111111
11111111
POS 7 1,14

SPR 8u
11111111
11111111
11111111
11111111
11111111
11111111
11111111
11111111
POS 7 0,14

SPR 8v
00000000
00000000
00000000
00000000
00000000
01111100
11111111
11111111
POS 7 0,13

SPR 8w
00000000
00000000
00000000
00000000
00000000
00000000
10000000
11000000
POS 7 1,13

SPR 8x
00000000
00000000
00000000
00000001
00000011
00011111
00111111
01111111
POS 7 7,13

SPR 8y
00000000
01111100
11111110
11111111
11111111
11111111
11111111
11111111
POS 7 8,13

SPR 8z
00000000
00000000
00000000
11111100
11111110
11111111
11111111
11111111
POS 7 9,13

ITM 1
00000000
00000000
00000010
01000000
00000000
00000000
00010001
00000000
>
00000000
00000000
00000000
00000010
01000000
00000000
00000000
00010001
NAME Snow
DLG ITM_0

DLG ITM_0
"""
{
  - {item "Snow"} == 1 ?
    People are always telling me to go where there is no snow...
  - {item "Snow"} == 2 ?
    as if all of my hopes and dreams will be buried by it.
  - {item "Snow"} == 3 ?
    It keeps me up at night.
  - {item "Snow"} == 4 ?
    You see, I want to make music for games...
  - {item "Snow"} == 5 ?
    And art, installations, film...
  - {item "Snow"} == 6 ?
    But here, in Indiana, where there's snow...
  - {item "Snow"} == 7 ?
    There aren't many opportunities.
  - {item "Snow"} == 8 ?
    But I've made a life of creating opportunities...
  - {item "Snow"} == 9 ?
    but what is it to be surrounded by them?
  - {item "Snow"} == 10 ?
    A snowflake in a blizzard.
  - {item "Snow"} == 11 ?
    I watch other people's films...
  - {item "Snow"} == 12 ?
    and play their games...
  - {item "Snow"} == 13 ?
    And I want other people to do the same with mine...
  - {item "Snow"} == 14 ?
    But why do I wish to be in the blizzard?
  - {item "Snow"} == 15 ?
    To make art for that storm.
  - {item "Snow"} == 16 ?
    For my games to be played by the storm.
  - {item "Snow"} == 17 ?
    My films, consumed by it.
  - {item "Snow"} == 18 ?
    Why strive to survive in the blizzard...
  - {item "Snow"} == 19 ?
    when what I love is to see a single flake in the yellow streetlight?
  - {item "Snow"} == 20 ?
    A tree branch, alone...
  - {item "Snow"} == 21 ?
    ...glowing in that streetlight.
  - {item "Snow"} == 22 ?
    The hum of car radios, roaming through the dark-white.
  - {item "Snow"} == 23 ?
    ...when what I love is to come home to my Sarah...
  - {item "Snow"} == 24 ?
    Warm house.
  - {item "Snow"} == 25 ?
    Cat purring.
  - {item "Snow"} == 26 ?
    Snow fall.
  - {item "Snow"} == 27 ?
    Right now, I have the privilege to make what I want.
  - {item "Snow"} == 28 ?
    All it costs is time and effort.
  - {item "Snow"} == 29 ?
    And when death is coming...
  - {item "Snow"} == 30 ?
    I might as well enjoy life.
}
"""

END 0
I might as well enjoy the snow.

VAR a
42


