you can do this

# BITSY VERSION 3.1

! ROOM_FORMAT 1

PAL 0
0,0,0
128,128,128
128,128,128

PAL 1
0,0,0
192,192,192
192,192,192

PAL 2
20,17,14
193,199,206
193,199,206

PAL 3
19,21,28
201,191,182
201,191,182

PAL 4
18,43,80
255,255,255
255,255,255

PAL 5
232,189,19
0,0,0
0,0,0

PAL 6
51,83,210
255,255,255
255,255,255

ROOM 0
0,0,0,0,0,0,0,0,0,0,0,0,g,0,0,0
0,0,0,0,0,0,0,0,0,0,0,c,0,e,0,0
0,0,0,0,0,0,0,0,0,0,0,0,0,e,0,0
0,0,0,0,0,0,0,0,0,0,0,0,0,0,0,0
0,0,0,0,0,0,0,0,0,0,0,0,0,0,0,0
0,0,0,0,0,0,0,0,0,0,0,0,0,0,0,0
0,0,0,0,0,0,0,0,0,0,0,0,0,0,0,0
0,0,0,0,0,0,0,0,0,0,0,0,0,0,0,0
0,0,0,0,0,0,0,0,0,0,0,0,0,0,0,0
0,0,0,0,0,0,0,0,0,0,0,0,0,0,0,0
0,0,0,0,0,0,0,0,0,0,0,0,0,0,0,0
0,0,0,0,0,0,0,0,0,0,0,0,0,0,0,0
0,0,0,0,0,0,0,0,0,0,0,0,0,0,0,0
0,0,0,0,0,0,0,0,0,0,0,0,0,0,0,0
0,0,0,0,0,0,0,0,0,0,0,0,0,0,0,0
0,0,0,0,0,0,0,0,0,0,0,0,0,0,0,0
WAL b,c,d,e,g,j,o,p,q,w
EXT 12,3 1 12,3
PAL 0

ROOM 1
0,0,0,0,0,0,0,0,0,0,0,0,g,0,0,0
0,0,0,0,0,0,0,0,0,0,0,c,0,e,0,0
0,0,0,0,0,0,0,0,0,0,n,u,t,t,r,0
0,0,0,0,0,0,0,0,0,0,k,0,0,0,e,0
0,0,0,0,0,0,0,0,0,0,c,j,j,j,e,0
0,0,0,0,0,0,0,0,0,0,0,0,0,0,0,0
0,0,0,0,0,0,0,0,0,0,0,0,0,0,0,0
0,0,0,0,0,0,0,0,0,0,0,0,0,0,0,0
0,0,0,0,0,0,0,0,0,0,0,0,0,0,0,0
0,0,0,0,0,0,0,0,0,0,0,0,0,0,0,0
0,0,0,0,0,0,0,0,0,0,0,0,0,0,0,0
0,0,0,0,0,0,0,0,0,0,0,0,0,0,0,0
0,0,0,0,0,0,0,0,0,0,0,0,0,0,0,0
0,0,0,0,0,0,0,0,0,0,0,0,0,0,0,0
0,0,0,0,0,0,0,0,0,0,0,0,0,0,0,0
0,0,0,0,0,0,0,0,0,0,0,0,0,0,0,0
WAL b,c,d,e,g,j,o,p,q,w
EXT 13,3 2 13,3
EXT 11,3 2 11,3
PAL 1

ROOM 2
0,0,0,0,0,0,0,0,0,0,0,0,0,0,0,0
0,0,0,0,0,0,0,0,0,0,0,0,0,0,0,0
0,0,0,0,0,0,0,0,0,0,n,h,0,h,r,0
0,0,0,0,0,0,0,0,0,0,k,0,0,0,e,0
0,0,0,0,0,0,0,0,0,0,c,j,j,j,e,0
0,0,0,0,0,0,0,0,0,0,0,0,0,0,0,0
0,0,0,0,0,0,0,0,0,0,0,0,0,0,0,0
0,0,0,0,0,0,0,0,0,0,0,0,0,0,0,0
0,0,0,0,0,0,0,0,0,0,0,0,0,0,0,0
0,0,0,0,0,0,0,0,0,0,0,0,0,0,0,0
0,0,0,0,0,0,0,0,0,0,0,0,0,0,0,0
0,0,0,0,0,0,0,0,0,0,0,0,0,0,0,0
0,0,0,0,0,0,0,0,0,0,0,0,0,0,0,0
0,0,0,0,0,0,0,0,0,0,0,0,0,0,0,0
0,0,0,0,0,0,0,0,0,0,0,0,0,0,0,0
0,0,0,0,0,0,0,0,0,0,0,0,0,0,0,0
WAL b,c,d,e,g,j,o,p,q,w
EXT 10,3 3 10,3
PAL 1

ROOM 3
0,0,0,0,0,0,0,0,0,0,0,0,0,0,0,0
0,0,0,0,0,0,0,0,0,0,0,0,0,0,0,0
0,0,0,0,0,0,0,n,g,g,g,h,h,h,r,0
0,0,0,0,0,0,0,k,0,0,k,0,0,0,e,0
0,0,0,0,0,0,0,s,q,0,p,j,j,j,e,0
0,0,0,0,0,0,0,0,0,0,0,0,0,0,0,0
0,0,0,0,0,0,0,0,0,0,0,0,0,0,0,0
0,0,0,0,0,0,0,0,0,0,0,0,0,0,0,0
0,0,0,0,0,0,0,0,0,0,0,0,0,0,0,0
0,0,0,0,0,0,0,0,0,0,0,0,0,0,0,0
0,0,0,0,0,0,0,0,0,0,0,0,0,0,0,0
0,0,0,0,0,0,0,0,0,0,0,0,0,0,0,0
0,0,0,0,0,0,0,0,0,0,0,0,0,0,0,0
0,0,0,0,0,0,0,0,0,0,0,0,0,0,0,0
0,0,0,0,0,0,0,0,0,0,0,0,0,0,0,0
0,0,0,0,0,0,0,0,0,0,0,0,0,0,0,0
WAL b,c,d,e,g,j,m,o,p,q,w
EXT 9,3 4 9,3
PAL 2

ROOM 4
0,0,0,0,0,0,0,0,0,0,0,0,0,0,0,0
0,0,0,0,0,0,0,0,0,0,0,0,0,0,0,0
0,0,0,0,0,0,0,n,g,g,g,r,0,0,0,0
0,0,0,0,0,0,0,k,0,0,0,0,0,0,0,0
0,0,0,0,0,0,0,s,w,0,v,x,0,0,0,0
0,0,0,0,0,0,0,0,c,0,e,0,0,0,0,0
0,0,0,0,0,0,0,0,s,i,x,0,0,0,0,0
0,0,0,0,0,0,0,0,0,0,0,0,0,0,0,0
0,0,0,0,0,0,0,0,0,0,0,0,0,0,0,0
0,0,0,0,0,0,0,0,0,0,0,0,0,0,0,0
0,0,0,0,0,0,0,0,0,0,0,0,0,0,0,0
0,0,0,0,0,0,0,0,0,0,0,0,0,0,0,0
0,0,0,0,0,0,0,0,0,0,0,0,0,0,0,0
0,0,0,0,0,0,0,0,0,0,0,0,0,0,0,0
0,0,0,0,0,0,0,0,0,0,0,0,0,0,0,0
0,0,0,0,0,0,0,0,0,0,0,0,0,0,0,0
WAL b,c,d,e,g,j,m,o,p,q,v,w
EXT 9,6 5 9,6
PAL 3

ROOM 5
0,0,0,0,0,0,0,0,0,0,0,0,0,0,0,0
0,0,0,0,0,0,0,0,0,0,0,0,0,0,0,0
0,0,0,0,0,0,0,n,g,g,g,r,0,0,0,0
0,0,0,0,0,0,0,k,0,0,0,10,0,0,0,0
0,0,0,0,0,0,0,s,w,0,v,x,0,0,0,0
0,0,0,0,0,0,r,h,z,0,y,h,n,0,0,0
0,0,0,0,0,0,0,0,0,i,0,0,0,0,0,0
0,0,0,0,0,0,0,0,12,0,11,0,0,0,0,0
0,0,0,0,0,0,0,0,0,0,0,0,0,0,0,0
0,0,0,0,0,0,0,0,0,0,0,0,0,0,0,0
0,0,0,0,0,0,0,0,0,0,0,0,0,0,0,0
0,0,0,0,0,0,0,0,0,0,0,0,0,0,0,0
0,0,0,0,0,0,0,0,0,0,0,0,0,0,0,0
0,0,0,0,0,0,0,0,0,0,0,0,0,0,0,0
0,0,0,0,0,0,0,0,0,0,0,0,0,0,0,0
0,0,0,0,0,0,0,0,0,0,0,0,0,0,0,0
WAL b,c,d,e,g,j,m,o,p,q,v,w,y,z
EXT 9,7 6 9,7
PAL 4

ROOM 6
0,0,0,0,0,0,0,0,0,0,0,0,0,0,0,0
0,0,0,0,0,0,0,0,0,0,0,0,0,0,0,0
0,0,0,0,0,0,0,0,0,0,0,0,0,0,0,0
0,0,0,0,0,0,0,0,0,0,0,0,0,0,0,0
0,0,0,0,0,0,0,0,0,0,0,0,0,0,0,0
0,n,g,g,g,g,g,g,g,h,g,g,g,g,r,0
0,c,0,0,0,a,a,0,a,0,a,0,0,a,e,0
0,c,0,a,0,a,a,0,a,0,a,0,a,0,e,0
0,c,a,0,0,0,0,0,0,0,0,0,0,0,e,0
0,c,0,a,a,0,a,0,a,a,0,a,0,a,e,0
0,c,0,0,0,0,0,0,0,0,a,0,0,0,e,0
0,c,0,a,0,a,0,a,0,0,0,0,a,0,e,0
0,c,0,a,0,0,a,0,a,0,a,0,0,0,e,0
0,s,o,o,i,o,o,o,o,o,o,o,o,o,x,0
0,0,0,0,0,0,0,0,0,0,0,0,0,0,0,0
0,0,0,0,0,0,0,0,0,0,0,0,0,0,0,0
WAL b,c,d,e,g,j,m,o,p,q,v,w,y,z,h,a
EXT 9,8 7 9,8
EXT 11,8 7 11,8
EXT 11,6 7 11,6
EXT 13,8 7 11,6
EXT 13,10 7 13,10
EXT 13,12 7 13,12
EXT 11,12 7 11,12
EXT 11,10 7 11,10
EXT 10,11 7 10,11
EXT 9,10 7 9,10
EXT 8,11 7 8,11
EXT 7,10 7 7,10
EXT 7,8 7 7,6
EXT 7,6 7 7,6
EXT 9,6 7 9,6
EXT 5,8 7 5,8
EXT 3,8 7 3,8
EXT 4,7 7 4,7
EXT 3,6 7 3,6
EXT 2,7 7 2,7
EXT 2,9 7 2,9
EXT 3,10 7 2,11
EXT 2,11 7 2,11
EXT 4,11 7 4,11
EXT 5,10 7 7,8
EXT 6,11 7 6,11
EXT 5,12 7 5,12
EXT 12,9 7 12,9
EXT 13,6 7 13,6
EXT 8,7 7 8,7
EXT 10,7 7 10,7
EXT 6,7 7 6,7
EXT 5,6 7 5,6
EXT 4,9 7 4,9
EXT 3,12 7 3,12
EXT 7,12 7 7,12
EXT 9,12 7 9,12
EXT 12,11 7 12,11
EXT 10,9 7 10,9
EXT 8,9 7 8,9
EXT 6,9 7 6,9
EXT 12,7 7 12,7
EXT 4,13 8 4,13
PAL 5

ROOM 7
0,0,0,0,0,0,0,0,0,0,0,0,0,0,0,0
0,0,0,0,0,0,0,0,0,0,0,0,0,0,0,0
0,0,0,0,0,0,0,0,0,0,0,0,0,0,0,0
0,0,0,0,0,0,0,0,0,0,0,0,0,0,0,0
0,0,0,0,0,0,0,0,0,0,0,0,0,0,0,0
0,n,g,g,g,g,g,g,g,h,g,g,g,g,r,0
0,c,0,0,0,a,a,0,a,0,a,0,0,a,e,0
0,c,0,a,0,a,a,0,a,0,a,0,a,0,e,0
0,c,a,0,0,0,0,0,0,0,0,0,0,0,e,0
0,c,0,a,a,0,a,0,a,a,0,a,0,a,e,0
0,c,0,0,0,0,0,0,0,0,a,0,0,0,e,0
0,c,0,a,0,a,0,a,0,0,0,0,a,0,e,0
0,c,0,a,0,0,a,0,a,0,a,0,0,0,e,0
0,s,o,o,i,o,o,o,o,o,o,o,o,o,x,0
0,0,0,0,0,0,0,0,0,0,0,0,0,0,0,0
0,0,0,0,0,0,0,0,0,0,0,0,0,0,0,0
WAL b,c,d,e,g,j,m,o,p,q,v,w,y,z,h,a
EXT 2,6 6 2,10
EXT 4,6 6 4,6
EXT 6,6 6 6,6
EXT 8,6 6 8,6
EXT 10,6 6 10,6
EXT 12,6 6 12,6
EXT 13,7 6 13,7
EXT 11,7 6 11,7
EXT 9,7 6 9,7
EXT 7,7 6 9,7
EXT 5,7 6 5,7
EXT 3,7 6 3,7
EXT 2,8 6 2,8
EXT 4,8 6 4,8
EXT 6,8 6 6,8
EXT 8,8 6 8,8
EXT 10,8 6 10,8
EXT 12,8 6 12,8
EXT 13,9 6 13,9
EXT 11,9 6 11,9
EXT 9,9 6 9,9
EXT 7,9 6 7,9
EXT 5,9 6 5,9
EXT 3,9 6 3,9
EXT 2,10 6 2,10
EXT 4,10 6 4,10
EXT 6,10 6 6,8
EXT 8,10 6 8,10
EXT 10,10 6 10,10
EXT 12,10 6 12,12
EXT 13,11 6 13,11
EXT 11,11 6 11,11
EXT 9,11 6 9,11
EXT 7,11 6 7,11
EXT 5,11 6 5,11
EXT 3,11 6 3,11
EXT 2,12 6 4,11
EXT 4,12 6 4,12
EXT 6,12 6 6,12
EXT 8,12 6 8,12
EXT 10,12 6 10,12
EXT 12,12 6 12,12
PAL 6

ROOM 8
0,0,0,0,0,0,0,0,0,0,0,0,0,0,0,0
0,0,0,0,0,0,0,0,0,0,0,0,0,0,0,0
0,0,0,0,0,0,0,0,0,0,0,0,0,0,0,0
0,0,0,0,0,0,0,0,0,0,0,0,0,0,0,0
0,0,0,0,0,0,0,0,0,0,0,0,0,0,0,0
0,0,0,0,0,0,0,0,0,0,0,0,0,0,0,0
0,0,0,0,0,0,0,0,0,0,0,0,0,0,0,0
0,0,0,0,0,0,0,0,0,0,0,0,0,0,0,0
0,0,0,0,0,0,0,0,0,0,0,0,0,0,0,0
0,n,0,0,0,0,0,0,0,0,0,0,0,0,0,0
0,n,0,0,0,0,0,0,0,0,0,0,0,0,0,0
0,k,0,13,0,14,0,0,0,0,0,0,0,0,0,0
0,c,0,a,0,0,0,0,0,0,0,0,0,0,0,0
0,s,o,o,i,i,1c,0,0,0,0,0,0,0,0,0
0,0,0,0,0,0,0,0,0,0,0,0,0,0,0,0
s,16,15,15,15,15,16,x,0,0,0,0,0,0,0,0
WAL b,c,d,e,g,j,m,o,p,q,v,w,y,z,h,a,i
EXT 4,14 9 4,14
PAL 4

ROOM 9
0,0,0,0,0,0,0,0,0,0,0,0,0,0,0,0
0,0,0,0,0,0,0,0,0,0,0,0,0,0,0,0
0,0,0,0,0,0,0,0,0,0,0,0,0,0,0,0
0,0,0,0,0,0,0,0,0,0,0,0,0,0,0,0
0,c,17,17,17,17,17,17,17,17,17,17,17,17,e,0
0,c,17,17,17,17,17,17,17,17,17,17,17,17,e,0
0,c,17,17,17,17,17,17,17,17,17,17,17,17,e,0
0,c,17,17,17,17,17,17,17,17,17,17,17,17,e,0
0,c,17,17,17,17,17,17,17,17,17,17,17,17,e,0
0,c,17,17,17,17,17,17,17,17,17,17,17,17,e,0
0,c,17,17,17,17,17,17,17,17,17,17,17,17,e,0
0,c,17,17,17,17,17,17,17,17,17,17,17,17,e,0
0,c,17,17,17,17,17,17,17,17,17,17,17,17,e,0
0,s,o,o,i,o,o,18,18,19,1a,o,o,o,x,0
0,0,0,0,0,0,0,0,0,0,0,0,1b,0,0,0
15,15,15,15,15,15,15,15,15,15,15,15,15,15,15,15
WAL b,d,g,j,m,p,q,v,w,y,z,h,a,17,15,c,e
END 0 0,14
END 0 0,13
PAL 3

TIL 10
10000000
10000000
10000000
10000000
10000000
10000000
00000000
10000000

TIL 11
00000000
00011000
00011000
00110000
00100100
00000000
00001000
00000000
>
00000000
00000000
00011000
00010000
00110010
00100000
00000000
00001000

TIL 12
00000000
00000000
00011010
00011100
00000000
00010000
01000000
00000000
>
00000000
00011000
00011100
00000010
00000000
01000000
00010000
00000000

TIL 13
00000000
00100000
00000000
00000000
10001000
00011000
00111000
00101000
>
00000000
00000000
00010000
01000000
00001000
00011000
00111000
00101000

TIL 14
00000000
00000000
00010000
00000000
00000000
01100000
01110100
01010000
>
00000000
00000000
00000000
00001000
00100000
01101000
01100000
01010000

TIL 15
11111111
00000000
00000000
01100110
00000000
00000000
00000000
00000000

TIL 16
01101110
00000000
00000000
01000100
00000000
00000000
00000000
00000000

TIL 17
11111111
11111111
11111111
11111111
11111111
11111111
11111111
11111111

TIL 18
11111111
00011000
00011000
00111100
00111100
01111110
00111100
00100100

TIL 19
11111111
00011000
00011000
00111000
00111000
00111100
00111000
00101000

TIL a
11111111
10000001
10000001
10011001
10011001
10000001
10000001
11111111

TIL b
00000000
01111110
01111110
01000010
01000010
00100100
00011000
00000000

TIL c
00000001
00000001
00000001
00000001
00000001
00000001
00000001
00000001

TIL e
10000000
10000000
10000000
10000000
10000000
10000000
10000000
10000000

TIL g
00000000
00000000
00000000
00000000
00000000
00000000
00000000
11111111

TIL h
00000000
00000000
00000000
00000000
00000000
00000000
00000000
10111111

TIL i
10111111
00000000
00000000
00000000
00000000
00000000
00000000
00000000

TIL j
00000000
00000000
00111100
01000010
01000010
00011000
01011010
11111111

TIL k
00000001
00000001
00000001
00000001
00000001
00000001
00000000
00000001

TIL l
00000000
00000000
00000000
00000000
00000000
00000000
00000000
00000000

TIL m
00000001
00000001
00000001
00000001
00000001
00000001
00000000
00000001

TIL n
00000000
00000000
00000000
00000000
00000000
00000000
00000000
00000001

TIL o
11111111
00000000
00000000
00000000
00000000
00000000
00000000
00000000

TIL p
11111111
10000001
10000001
00000001
10000001
00000001
00000001
10000001

TIL q
11111111
00000001
00000001
00000000
00000000
00000001
00000000
00000001

TIL r
00000000
00000000
00000000
00000000
00000000
00000000
00000000
10000000

TIL s
00000001
00000000
00000000
00000000
00000000
00000000
00000000
00000000

TIL t
10000000
10000000
10000000
10000000
10000000
10000000
10000000
10111111

TIL u
00000001
00000001
00000001
00000001
00000001
00000001
00000001
10111111

TIL v
11111111
10000000
10000000
10000000
10000000
10000000
10000000
10000000

TIL w
11111111
00000001
00000001
00000001
00000001
00000001
00000001
00000001

TIL x
10000000
00000000
00000000
00000000
00000000
00000000
00000000
00000000

TIL y
10000000
10000000
10000000
10000000
10000000
10000000
10000000
11111111

TIL z
00000001
00000001
00000001
00000001
00000001
00000001
00000001
11111111

TIL 1a
11111111
00000000
00110000
00110000
00111000
00111000
01111100
00101000

TIL 1b
00000000
00110000
00110000
00111000
01111100
01111100
00111000
00101000

TIL 1c
10110001
00000000
00010000
00010000
00111100
01111000
01110100
00100000

SPR 10
00000000
00000110
00000110
00001111
00000110
00000111
00000111
00001001
>
00000000
00000000
00000011
00001011
00001111
00000110
00000111
00001001
POS 6 3,9

SPR 11
00000000
00000000
11000000
11010000
11100000
01100000
11100000
10010000
>
00000000
01100000
01100000
11100000
01110000
11100000
11100000
10010000
POS 6 4,9

SPR 12
00000000
00000000
00001100
00011000
11111110
00111100
01111110
10000010
>
00000000
00000000
00011000
10110000
01111100
01111000
01111110
10000001
POS 6 6,9

SPR 13
00000110
00000111
00000011
00000011
00000011
00000011
00000011
00000101
>
00000000
00000111
00000111
00000011
00000011
00000011
00000011
00000101
POS 6 13,9

SPR 14
00000000
01001000
01001000
00111110
00111110
00110111
00000111
00001001
>
00000000
00110000
00111110
00111111
01001111
00000011
00000111
00001001
POS 6 10,10

SPR 15
00000000
00110000
10110010
01111100
00111000
00111000
00111000
00101000
>
00000000
00000000
00110000
00111000
01111100
10111010
00111000
00101000
POS 6 9,9

SPR 16
00000000
00000000
00000000
00111000
00110000
11111110
01111100
01100100
>
00000000
00111000
00011000
11111000
00111110
01111100
10001100
00000100
POS 6 8,9

SPR 17
00000000
00110000
00110000
01111110
01111000
01111100
01111000
01001000
>
00000000
00000000
00110000
00110000
01111100
01111000
01111110
01001000
POS 6 5,6

SPR 18
00000110
00000110
00111110
00001110
00011110
00011110
00010010
00000000
>
00000011
00000011
00001110
00011111
00011111
00001111
00010010
00000000
POS 6 6,6

SPR 19
00000000
00000000
10011001
10011001
01111110
00111100
00100100
00100100
>
00000000
00011000
00100100
01011010
01011010
00111100
00111100
00100100
POS 6 11,9

SPR 20
00000110
00000110
00111110
00001110
00011110
00011110
00010010
00000000
>
00000011
00000011
00001110
00011111
00011111
00001111
00010010
00000000
POS 7 6,6

SPR 21
00000000
00000000
10011001
10011001
01111110
00111100
00100100
00100100
>
00000000
00011000
00100100
01011010
01011010
00111100
00111100
00100100
POS 7 11,9

SPR 22
00000000
00001100
00011110
00101100
00011111
00111100
00111100
00010010
>
00000000
00011000
00111100
00011001
01111110
00001111
00001111
00010010
POS 7 6,7

SPR 23
00000000
00001100
00001100
01111111
00011110
00011110
00011110
00001010
>
00000000
00011000
00011000
00111100
01111111
00111100
00111100
01000010
POS 7 5,7

SPR 24
00000000
00001100
00001100
00101100
00011110
00011100
00111110
01000001
>
00000000
00000000
00001100
00001110
00011100
00111100
00011100
00110110
POS 7 3,7

SPR 25
00000000
00011000
00011000
01011010
00111100
00111000
00111000
01000100
>
00010100
00010100
00011111
00011111
00011100
00011100
00100100
00000100
POS 7 8,12

SPR 26
00011000
00011000
00111100
01111110
00111100
00111100
00100100
00000000
>
00011000
00011000
00111110
00111100
01111100
00111100
00100100
00000000
POS 7 2,8

SPR 27
00000000
00110000
00111000
01111100
00111110
00111100
00100100
00000000
>
00000000
00001100
00011100
00111110
01111100
00111100
00100100
00000000
POS 7 7,11

SPR 28
00000000
00000000
00011000
01011000
00111000
01111000
01110100
01010000
>
00000000
01100000
01100000
11111000
01110000
01110000
01110000
01010000
POS 7 5,11

SPR 29
10011000
01011000
00111000
00111100
01111010
01111000
10001000
00000000
>
01000000
10110000
01110000
01111100
11110000
10001000
10001000
00000000
POS 7 6,12

SPR A
00000000
00011000
00011000
00111100
00111100
01111110
00100100
00000000
POS 0 12,2

SPR b
01111110
01111110
01000010
01000010
00100100
00011000
00000000
00000000
POS 0 12,1

SPR c
00000001
00000001
00000001
00000001
00000001
00000001
00000001
00010111
POS 0 11,2

SPR d
10000000
10000000
10000000
10000000
10000000
10000000
10000000
11101000
POS 0 13,2

SPR h
01111110
01111110
01000010
01000010
00100100
00011000
00000000
00000000
POS 1 12,1

SPR i
00000000
00000000
00111100
01000010
01000010
00011000
01011010
11111111
POS 1 12,4

SPR j
00000000
00000000
00000000
00000000
00000000
00000000
00000000
10111111
POS 1 12,2

SPR k
00000000
00000000
00000000
00000000
00000000
00000000
00000000
10111111
POS 2 13,2

SPR l
00000000
00000000
00000000
00000000
00000000
00000000
00000000
10111111
POS 2 12,2

SPR m
00000000
00000000
00000000
00000000
00000000
00000000
00000000
10111111
POS 2 11,2

SPR n
00000000
00000000
00111100
01000010
01000010
00011000
01011010
11111111
POS 2 12,4

SPR o
01000010
11100111
01000010
11100111
11100111
11100111
00000000
11111111
POS 4 9,2

SPR p
00000001
00000001
00000001
00000001
00000001
00000001
00000000
00000001
POS 4 7,3

SPR q
00000000
00000000
00000000
00000000
00000000
00000000
00000000
00000000
POS 3 11,3

SPR r
10000000
10000000
10000000
10000000
10000000
10000000
00000000
10000000
POS 4 11,3

SPR s
00000000
00000000
00000000
00000000
00000000
00000000
00000000
00000000
POS 5 9,5

SPR t
00000000
00011000
10011000
01111100
00111110
00111101
00111100
00100100
>
00000000
00001100
00011000
00111100
01111111
10111100
00111100
01000100
POS 5 8,6

SPR u
00000000
00011000
00111100
01111110
01111110
01111110
00111100
00100100
>
00000000
00000000
00011000
00111100
01111110
01111110
01111110
00100100
POS 5 10,6

SPR v
00000000
00011000
10011000
01111100
00111110
00111101
00111100
00100100
>
00000000
00001100
00011000
00111100
01111111
10111100
00111100
01000100
POS 6 8,6

SPR w
00000000
00011000
00111100
01111110
01111110
01111110
00111100
00100100
>
00000000
00000000
00011000
00111100
01111110
01111110
01111110
00100100
POS 6 10,6

SPR x
00000000
00011000
00011000
00111000
00111110
01111100
00111100
00100010
>
00000000
00000000
00011000
00011000
01111100
00111110
00111100
00100100
POS 6 10,7

SPR y
00000000
00000000
00011010
00011100
01111100
00111100
01111100
00000100
>
00000000
00011000
00011000
00111110
00111100
01111100
00111110
00100000
POS 6 8,7

SPR z
00000000
00000000
00000000
00000000
00000000
00000000
00000000
10111111
POS 7 9,5

SPR 1a
00000000
00001100
00011110
00101100
00011111
00111100
00111100
00010010
>
00000000
00011000
00111100
00011001
01111110
00001111
00001111
00010010
POS 6 6,7

SPR 1b
00000000
00001100
00001100
01111111
00011110
00011110
00011110
00001010
>
00000000
00011000
00011000
00111100
01111111
00111100
00111100
01000010
POS 6 5,7

SPR 1c
00000000
00001100
00001100
00101100
00011110
00011100
00111110
01000001
>
00000000
00000000
00001100
00001110
00011100
00111100
00011100
00110110
POS 6 3,7

SPR 1d
00000000
00011000
00011000
01011010
00111100
00111000
00111000
01000100
>
00010100
00010100
00011111
00011111
00011100
00011100
00100100
00000100
POS 6 8,12

SPR 1e
00011000
00011000
00111100
01111110
00111100
00111100
00100100
00000000
>
00011000
00011000
00111110
00111100
01111100
00111100
00100100
00000000
POS 6 2,8

SPR 1f
00000000
00110000
00111000
01111100
00111110
00111100
00100100
00000000
>
00000000
00001100
00011100
00111110
01111100
00111100
00100100
00000000
POS 6 7,11

SPR 1g
00000000
00000000
00011000
01011000
00111000
01111000
01110100
01010000
>
00000000
01100000
01100000
11111000
01110000
01110000
01110000
01010000
POS 6 5,11

SPR 1h
10011000
01011000
00111000
00111100
01111010
01111000
10001000
00000000
>
01000000
10110000
01110000
01111100
11110000
10001000
10001000
00000000
POS 6 6,12

SPR 1i
00001100
00001110
01111110
01011100
00011110
00111110
00111110
00100010
>
00011000
10011000
11111111
00111101
00111100
00111110
01000010
00100010
POS 6 12,7

SPR 1j
00000000
00110000
00110010
11111110
10111000
00111000
00111000
00101000
>
00000000
00011000
10011000
11111110
00111010
00111000
00111000
00101000
POS 6 3,11

SPR 1k
00000000
00110000
00110000
11110000
01111000
01110000
01001000
00000000
>
00000000
00011000
01011000
00111110
00111000
00111000
01000100
00000000
POS 6 10,12

SPR 1l
00011000
00011000
00111100
00111100
00111100
01111110
01111110
00100100
>
00000000
00011000
00011000
00111100
01111110
01111110
00111100
00100100
POS 6 3,12

SPR 1m
00000000
00000000
00011000
01111110
10111101
10111101
01111110
00100100
>
01000010
10011001
10011001
01111110
00111100
00111100
00111100
00100100
POS 6 13,6

SPR 1n
00001100
00001100
00011100
00011100
00111110
11111111
00000000
00000000
>
00000000
00000000
00001100
00101100
00011110
00011100
00011100
00100100
POS 6 12,11

SPR 1o
00000000
00011000
10011000
01111100
00111110
00111101
00111100
00100100
>
00000000
00001100
00011000
00111100
01111111
10111100
00111100
01000100
POS 7 8,6

SPR 1p
00000000
00011000
00111100
01111110
01111110
01111110
00111100
00100100
>
00000000
00000000
00011000
00111100
01111110
01111110
01111110
00100100
POS 7 10,6

SPR 1q
00000000
00011000
00011000
00111000
00111110
01111100
00111100
00100010
>
00000000
00000000
00011000
00011000
01111100
00111110
00111100
00100100
POS 7 10,7

SPR 1r
00000000
00000000
00011010
00011100
01111100
00111100
01111100
00000100
>
00000000
00011000
00011000
00111110
00111100
01111100
00111110
00100000
POS 7 8,7

SPR 1s
00000000
00000110
00000110
00001111
00000110
00000111
00000111
00001001
>
00000000
00000000
00000011
00001011
00001111
00000110
00000111
00001001
POS 7 3,9

SPR 1t
00000000
00000000
11000000
11010000
11100000
01100000
11100000
10010000
>
00000000
01100000
01100000
11100000
01110000
11100000
11100000
10010000
POS 7 4,9

SPR 1u
00000000
00000000
00001100
00011000
11111110
00111100
01111110
10000010
>
00000000
00000000
00011000
10110000
01111100
01111000
01111110
10000001
POS 7 6,9

SPR 1v
00000110
00000111
00000011
00000011
00000011
00000011
00000011
00000101
>
00000000
00000111
00000111
00000011
00000011
00000011
00000011
00000101
POS 7 13,9

SPR 1w
00000000
01001000
01001000
00111110
00111110
00110111
00000111
00001001
>
00000000
00110000
00111110
00111111
01001111
00000011
00000111
00001001
POS 7 10,10

SPR 1x
00000000
00110000
10110010
01111100
00111000
00111000
00111000
00101000
>
00000000
00000000
00110000
00111000
01111100
10111010
00111000
00101000
POS 7 9,9

SPR 1y
00000000
00000000
00000000
00111000
00110000
11111110
01111100
01100100
>
00000000
00111000
00011000
11111000
00111110
01111100
10001100
00000100
POS 7 8,9

SPR 1z
00000000
00110000
00110000
01111110
01111000
01111100
01111000
01001000
>
00000000
00000000
00110000
00110000
01111100
01111000
01111110
01001000
POS 7 5,6

SPR 2a
00001100
00001110
01111110
01011100
00011110
00111110
00111110
00100010
>
00011000
10011000
11111111
00111101
00111100
00111110
01000010
00100010
POS 7 12,7

SPR 2b
00000000
00110000
00110010
11111110
10111000
00111000
00111000
00101000
>
00000000
00011000
10011000
11111110
00111010
00111000
00111000
00101000
POS 7 3,11

SPR 2c
00000000
00110000
00110000
11110000
01111000
01110000
01001000
00000000
>
00000000
00011000
01011000
00111110
00111000
00111000
01000100
00000000
POS 7 10,12

SPR 2d
00011000
00011000
00111100
00111100
00111100
01111110
01111110
00100100
>
00000000
00011000
00011000
00111100
01111110
01111110
00111100
00100100
POS 7 3,12

SPR 2e
00000000
00000000
00011000
01111110
10111101
10111101
01111110
00100100
>
01000010
10011001
10011001
01111110
00111100
00111100
00111100
00100100
POS 7 13,6

SPR 2f
00001100
00001100
00011100
00011100
00111110
11111111
00000000
00000000
>
00000000
00000000
00001100
00101100
00011110
00011100
00011100
00100100
POS 7 12,11

SPR 2g
00000000
00000000
00000000
00000000
00000000
00000000
00000000
00000000
POS 8 4,12

SPR 2h
00011000
00011000
00111100
00111100
00111100
01111110
01111110
00100100
>
00000000
00011000
00011000
00111100
01111110
01111110
00111100
00100100
POS 8 3,12

SPR 2i
00011000
00011000
00111100
00111100
01111110
00111100
00100100
00000000
POS 9 7,14

SPR 2j
11111111
00011000
00011000
00111100
00111100
01111110
00111100
00100100
POS 9 5,13

SPR 2k
11111111
00000000
00011000
00011000
00111100
01111110
01111110
00100100
POS 9 6,13

SPR 2l
00000000
00000000
00011000
00011000
01111110
10111101
10100101
00100100
POS 9 2,14

SPR 2m
00000000
00000000
00011000
00011000
01111110
10111101
10100101
00100100
POS 8 2,14

SPR 2n
11111111
00011000
00011000
00111100
00111100
01111110
00111100
00100100
POS 8 5,13

DLG 10
umm, probably shouldn't get in their way

DLG 11
uhh, probably shouldn't get in their way

DLG 12
"hey"                                                           "wanna dance?"

DLG 13
they're off in their own world

DLG 14
"WOO"

DLG 15
"i love this song!"

DLG 16
"yeah this is my jam!"

DLG 17
"go! go! go!"

DLG 18
"uh huh uh huh"

DLG 19
*clap* *clap*

DLG 20
"uh huh uh huh"

DLG 21
*clap* *clap*

DLG 22
"UMM maybe back-off yeah?"

DLG 23
"what are you looking at?"

DLG 24
"don't be such a buzzkill!"

DLG 25
"yo"

DLG 26
"hi"

DLG 27
"sup"

DLG 28
"get down!"

DLG 29
"what's the matter?"

DLG a
I'm a cat

DLG b
you don't actually have to go

DLG c
it's not ok                   you're not going to be ok

DLG d
it's ok                         you're going to be ok

DLG i
*fshhhhhh*                                                      hands can't get any cleaner

DLG j
no, you can do this

DLG k
it's out of order

DLG l
no, you can do this

DLG m
"occupied!"

DLG n
*fshhhhhh*                                                      hands can't get any cleaner

DLG o
never know what to make of fancy signs like these...              always just wait for someone else to go in first

DLG p
can't just barge in there!

DLG q
c'mon, you can do it

DLG r
can't just hide in there forever, gotta keep going

DLG s
uh-uh, people will notice if you turn back now

DLG t
"excuse you!"

DLG u
"what do you want"

DLG v
"excuse you!"

DLG w
"what do you want"

DLG z
uh-uh, people will notice if you go in there again

DLG y
"watch it, i'm dancing here!"

DLG x
they're not paying any attention to you

DLG 1a
"UMM maybe back-off yeah?"

DLG 1b
"what are you looking at?"

DLG 1c
"don't be such a buzzkill!"

DLG 1e
"hi"

DLG 1f
"sup"

DLG 1d
"yo"

DLG 1g
"get down!"

DLG 1h
"what's the matter?"

DLG 1i
they're not going to talk to you

DLG 1j
are they really doing the robot?

DLG 1k
why do you even bother?

DLG 1l
"looking for the exit? it's right there"

DLG 1m
\\o/

DLG 1n
"hup!"

DLG 1o
"excuse you!"

DLG 1p
"what do you want"

DLG 1q
they're not paying any attention to you

DLG 1r
"watch it, i'm dancing here!"

DLG 1s
umm, probably shouldn't get in their way

DLG 1t
uhh, probably shouldn't get in their way

DLG 1u
"hey"                                                           "wanna dance?"

DLG 1v
they're off in their own world

DLG 1w
"WOO"

DLG 1x
"i love this song!"

DLG 1y
"yeah this is my jam!"

DLG 1z
"go! go! go!"

DLG 2a
they're not going to talk to you

DLG 2b
are they really doing the robot?

DLG 2c
why do you even bother?

DLG 2d
"looking for the exit? it's right there"

DLG 2e
\\o/

DLG 2f
"hup!"

DLG 2g
almost there!

DLG 2j
"leaving so soon?"

DLG 2i
"SHUT UP"

DLG 2k
"got a light?"

DLG 2l
"long night?"

END 0
told you

