
you decided to stay there, with her

# BITSY VERSION 4.5

! ROOM_FORMAT 1

PAL 0
131,90,171
255,34,241
93,254,251

PAL 1
188,254,244
98,50,145
255,34,241

PAL 2
255,3,189
205,58,232
134,84,163

ROOM 0
d,d,d,d,d,d,d,d,d,d,d,d,d,d,d,d
d,a,a,a,a,a,a,e,a,a,a,y,z,a,a,d
d,a,b,c,0,0,0,0,0,a,o,t,u,q,a,d
d,a,0,0,0,0,0,j,h,a,p,v,w,0,a,d
d,a,k,0,0,0,0,0,i,a,0,0,0,0,a,d
d,a,l,0,0,0,0,0,0,a,0,j,r,0,a,d
d,a,a,a,a,0,0,a,a,a,0,0,s,x,a,d
d,a,a,a,a,0,0,a,a,f,0,0,0,0,a,d
d,a,14,10,a,0,0,a,a,g,0,0,0,0,a,d
d,a,11,0,a,0,0,a,a,a,a,a,0,0,a,d
d,a,12,0,a,0,0,0,0,0,0,0,0,0,a,d
d,a,0,0,a,0,0,0,0,0,0,0,0,0,15,0
d,a,13,0,a,a,a,a,0,0,0,0,0,0,16,0
d,a,0,0,0,0,0,0,0,0,0,0,0,0,a,d
d,a,a,a,a,a,a,a,a,a,a,a,a,a,a,d
d,d,d,d,d,d,d,d,d,d,d,d,d,d,d,d
EXT 14,11 1 1,11
EXT 14,12 1 1,12
PAL 0

ROOM 1
17,17,17,17,17,17,17,17,17,17,17,17,17,17,17,17
17,17,17,17,17,17,17,17,17,17,17,17,17,17,17,17
17,17,17,17,17,17,17,17,17,17,17,17,17,17,17,17
17,17,17,17,17,17,17,17,17,17,17,17,17,17,17,17
17,17,17,17,17,17,17,17,17,17,17,17,17,17,17,17
18,18,19,18,1a,18,18,1b,1a,18,19,18,1a,1b,1a,19
0,0,0,0,0,0,0,0,0,0,0,0,0,0,0,0
0,0,0,0,0,0,0,0,0,0,0,0,0,0,0,0
0,0,0,0,0,0,0,0,0,0,0,0,0,0,0,0
a,0,0,0,0,0,0,0,0,0,0,0,0,0,0,0
a,0,0,0,0,0,0,0,0,0,0,0,0,0,0,0
a,0,0,0,0,0,0,0,0,0,0,0,0,0,0,0
a,0,0,0,0,0,0,0,0,0,0,0,0,0,0,0
0,0,0,0,0,0,0,0,0,0,0,0,0,0,0,0
0,0,0,0,0,0,0,0,0,0,0,0,0,0,0,0
0,0,0,0,0,0,0,0,0,0,0,0,0,0,0,0
EXT 0,6 2 15,6
EXT 0,7 2 15,7
EXT 0,8 2 15,8
EXT 0,13 2 15,13
EXT 0,14 2 15,14
EXT 0,15 2 15,15
PAL 1

ROOM 2
17,17,17,17,17,17,17,17,17,17,17,17,17,17,17,17
17,17,17,17,17,17,17,17,17,17,17,17,17,17,17,17
17,17,17,17,17,17,17,17,17,17,17,17,17,17,17,17
17,17,17,17,17,17,17,17,17,17,17,17,17,17,17,17
17,17,17,17,17,17,17,17,17,17,17,17,17,17,17,17
1b,18,1a,18,1a,1b,1a,19,18,18,19,18,19,18,1a,1b
0,0,0,0,0,0,0,0,0,0,0,0,0,0,0,0
0,0,0,0,0,0,0,0,0,0,0,0,0,0,0,0
0,0,0,0,0,0,0,0,0,0,0,0,0,0,0,0
0,0,0,0,0,0,0,0,0,0,0,0,a,a,a,a
0,0,0,0,0,0,0,0,0,0,0,a,a,a,a,a
0,0,0,0,0,0,0,0,0,0,0,a,a,a,a,a
0,0,0,0,0,0,0,0,0,0,0,a,a,a,a,a
0,0,0,0,0,0,0,0,0,0,0,0,0,0,0,0
0,0,0,0,0,0,0,0,0,0,0,0,0,0,0,0
0,0,0,0,0,0,0,0,0,0,0,0,0,0,0,0
EXT 0,6 3 15,6
EXT 0,7 3 15,7
EXT 0,8 3 15,8
EXT 0,9 3 15,9
EXT 0,10 3 15,10
EXT 0,11 3 15,11
EXT 0,12 3 15,12
EXT 0,13 3 15,13
EXT 0,14 3 15,14
EXT 0,15 3 15,15
PAL 1

ROOM 3
17,17,17,17,17,17,17,17,17,17,17,17,17,17,17,17
17,17,17,17,17,17,17,17,17,17,17,17,17,17,17,17
17,17,17,17,17,17,17,17,17,17,17,17,17,17,17,17
17,17,17,17,17,17,17,17,17,17,17,17,17,17,17,17
17,17,17,17,17,17,17,17,17,17,17,17,17,17,17,17
17,17,17,17,17,17,1d,19,18,18,19,18,19,18,1a,1b
a,a,a,a,a,a,0,0,0,0,0,0,0,0,0,0
a,a,a,a,a,a,0,0,0,0,0,0,0,0,0,0
a,a,a,a,a,a,0,0,0,0,0,0,0,0,0,0
a,a,a,a,a,a,0,0,0,0,0,0,0,0,0,0
a,a,a,a,a,a,0,1g,1f,0,0,0,0,0,0,0
a,a,a,a,a,a,a,0,0,0,0,0,0,0,0,0
a,a,a,a,a,a,a,a,0,0,0,0,0,0,0,0
a,a,a,a,a,a,a,a,a,a,a,0,0,0,0,0
a,a,a,a,a,a,a,a,a,a,a,a,a,0,0,0
a,a,a,a,a,a,a,a,a,a,a,a,a,a,a,0
EXT 7,10 4 8,13
PAL 1

ROOM 4
d,d,d,d,d,d,d,d,d,d,d,d,d,d,d,d
d,d,d,0,1p,0,1m,1x,1z,1u,1m,0,1p,0,d,d
d,d,0,0,0,20,1m,1r,1q,1t,1m,20,0,0,0,d
d,0,0,1o,0,0,0,0,0,0,0,0,0,1o,0,0
0,0,0,0,0,1l,0,0,0,0,0,22,0,0,0,0
0,0,0,0,0,1l,0,0,0,0,0,22,0,0,0,0
0,0,1o,0,0,0,1l,0,0,0,22,0,0,0,1o,0
0,0,0,0,0,0,1l,0,0,0,22,0,0,0,0,0
0,0,0,0,0,0,0,0,0,0,0,0,0,0,0,0
0,0,1l,0,0,1p,0,0,0,0,0,1p,0,0,22,0
0,0,0,0,0,0,0,0,0,0,0,0,0,0,0,0
0,0,0,0,0,0,0,1n,0,1n,0,0,0,0,0,0
0,0,0,1o,0,0,20,0,0,0,20,0,0,1o,0,0
0,0,0,0,0,0,0,1k,0,1j,0,0,0,0,0,0
0,0,0,0,0,0,0,1h,0,1i,0,0,0,0,0,0
0,0,0,0,0,0,0,1h,0,1i,0,0,0,0,0,0
ITM 4 8,12
ITM 5 8,11
ITM 3 6,10
ITM 1 10,10
ITM 6 8,3
ITM b 8,7
ITM a 9,9
ITM 9 6,9
ITM 8 8,8
ITM 7 8,10
ITM c 7,6
ITM d 9,5
ITM e 7,4
END undefined 8,1
PAL 2

ROOM 5
0,0,0,0,0,0,0,0,0,0,0,0,0,0,0,0
0,0,0,0,0,0,0,0,0,0,0,0,0,0,0,0
0,0,0,0,0,0,0,0,0,0,0,0,0,0,0,0
0,0,0,0,0,0,0,0,0,0,0,0,0,0,0,0
0,0,0,0,0,0,0,0,0,0,0,0,0,0,0,0
0,0,0,0,0,0,0,0,0,0,0,0,0,0,0,0
0,0,0,0,0,0,0,0,0,0,0,0,0,0,0,0
0,0,0,0,0,0,0,0,0,0,0,0,0,0,0,0
0,0,0,0,0,0,0,0,0,0,0,0,0,0,0,0
0,0,0,0,0,0,0,0,0,0,0,0,0,0,0,0
0,0,0,0,0,0,0,0,0,0,0,0,0,0,0,0
0,0,0,0,0,0,0,0,0,0,0,0,0,0,0,0
0,0,0,0,0,0,0,0,0,0,0,0,0,0,0,0
0,0,0,0,0,0,0,0,0,0,0,0,0,0,0,0
0,0,0,0,0,0,0,0,0,0,0,0,0,0,0,0
0,0,0,0,0,0,0,0,0,0,0,0,0,0,0,0
PAL 0

TIL 10
10000011
11111111
00100100
01100110
01000010
01000010
01100110
00111100
WAL true

TIL 11
00000000
11111110
00000010
00110110
01001010
01001110
11001010
11001110
WAL true

TIL 12
01001010
01001110
01001010
01001110
00110010
11111110
00110010
11111111
WAL true

TIL 13
00000000
11110000
10011100
00000100
11010100
00000100
10011100
11110000
WAL true

TIL 14
01000010
01111110
01100110
00111100
00000000
00000000
00000000
00000000
WAL true

TIL 15
11111111
00100010
00100010
00100010
00100010
00100010
00100010
00100010

TIL 16
00111110
00100010
00100010
00100010
00100010
00100010
00100010
00100010

TIL 17
11101110
11111011
11111111
10111111
11111010
11111111
11011111
11111011
>
11111111
11101101
10111111
11110111
11111111
11101110
11111011
10111111

TIL 18
11111111
11111111
11001111
10000111
00000011
00000001
00000000
00000000
WAL true

TIL 19
11111111
11111111
11111001
11110000
11100000
11000000
00000000
00000000
WAL true

TIL 20
00000000
00000100
00001010
00000100
00000000
00100000
00000000
00000000
>
00000000
00001000
00000000
01000000
10100000
01000000
00000000
00000000
WAL true

TIL 21
00000001
00000110
00001000
00000110
00000000
00000000
00000000
00000000

TIL 22
00000100
00011000
00100000
00010000
00001000
00001000
00000100
00001000
>
00001000
00110000
01000000
00110000
00001000
00010000
00100000
00010000
WAL true

TIL a
11111111
11111111
11111111
11111111
11111111
11111111
11111111
11111111
WAL true

TIL b
00000000
00000000
10000000
11100000
11110111
11111111
10000111
10000111
WAL true

TIL c
00000000
00000000
00000000
00000001
11111101
11111111
11111001
11110001
WAL true

TIL d
00000000
01000100
00000000
00010001
00000000
01000100
00000000
00010001
>
00000000
00010001
00000000
01000100
00000000
00010001
00000000
01000100
WAL true

TIL e
11111111
11001001
11001001
11111111
11001101
11101001
11111111
11111111
>
11111111
11001011
11011001
11111111
11001001
11001011
11111111
11111111
WAL true

TIL f
00000010
00000010
00000010
00000010
00000011
00000011
00000010
11111110
WAL true

TIL g
00000010
00000011
00000011
00000010
00000010
00000010
00000010
11111110
WAL true

TIL h
11111111
10000000
10111110
11100010
11100010
11111110
11111100
10000000
WAL true

TIL i
10000000
10000000
10011110
10010110
10001100
10000000
10000000
11111111
WAL true

TIL j
00000000
01000000
01000000
01000000
01000000
01111100
01000100
01000100
WAL true

TIL k
00000000
11111000
00001000
01001000
00101000
00101100
00001100
01101000
WAL true

TIL l
00001000
01001100
11101100
01001000
00001000
00001000
11111000
00000000
WAL true

TIL m
00111100
01000010
10000001
10000001
10000001
10000001
01000010
00111100

TIL n
11111111
10000000
10000000
10000000
10000000
10000000
10000000
10000000

TIL o
00000001
01101101
01101101
00000001
01101101
01101101
00000001
11111111
WAL true

TIL p
00100100
00000000
00000000
00000000
00000000
00000000
00000000
00000000

TIL q
01011010
11111111
10010001
10000001
11111111
11111111
01000010
01000010
WAL true

TIL r
00000000
00000000
00111100
01000010
10001101
10111111
10101101
10100101
WAL true

TIL s
10100101
11110101
11110101
10111101
10000001
01000010
00111100
00000000
WAL true

TIL t
00100000
00001111
01001111
01001111
00000000
11111111
00000000
00000000
WAL true

TIL u
00000000
00100000
00110000
00001000
00000000
11111111
00000000
00000000
WAL true

TIL v
00111111
01000000
10010000
10001111
10001111
10010000
01000000
00111111

TIL w
11111100
00000010
00001001
11110001
11110001
00001001
00000010
11111100

TIL x
00000000
00001000
00001000
00001000
00001000
11111000
10001000
10001000
WAL true

TIL y
11111111
11010000
11000000
11000010
11000000
11001000
11111111
11011101
>
11111111
11000001
11000000
11001000
11000000
11000010
11111111
11011101
WAL true

TIL z
11111111
00001011
01000011
00000011
00010011
00000011
11111111
11111111
>
11111111
00000011
00010011
00000011
00000111
01000011
11111111
11111111
WAL true

TIL 1a
11111111
11111111
11111111
11111111
11111111
11111110
01111100
00000000
WAL true

TIL 1b
11111111
11111111
11111111
11111111
11111001
10110000
00100000
00000000
WAL true

TIL 1c
11111111
11111111
11111111
11111111
11111001
10110000
00100000
00000000
WAL true

TIL 1d
11111111
11111111
11111111
11111111
11111111
11111110
11111100
00000000
WAL true

TIL 1e
00010101
01010101
01010101
01010101
01010101
01010101
01010101
01010101
WAL true

TIL 1f
00000000
00000000
10000000
00000000
00000000
00000000
00000000
00000000

TIL 1g
00000000
00000000
00000001
00011000
00000011
00110000
00000000
00000000
WAL false

TIL 1h
01000010
00001001
01000010
00001001
01000010
00001001
01000010
00001001
WAL true

TIL 1i
01000010
10010000
01000010
10010000
01000010
10010000
01000010
10010000
WAL true

TIL 1j
00000000
00000000
00000010
00010000
01000010
10010000
01000010
10010000
WAL true

TIL 1k
00000000
00000000
01000000
00001000
01000010
00001001
01000010
00001001
WAL true

TIL 1l
00100000
00011000
00000100
00001000
00010000
00010000
00001000
00010000
>
00010000
00001100
00000010
00001100
00010000
00001000
00010000
00100000
WAL true

TIL 1m
00000100
01001010
10101001
00010000
00000000
00000000
00000000
00000000
>
00000000
00000000
00000101
10101010
01010010
00000000
00000000
00000000
WAL true

TIL 1n
00000000
00100101
00101010
00101000
00010000
00010000
00000000
00000000
>
00000000
00100101
00101010
00101010
00101000
00010000
00000000
00000000
WAL true

TIL 1o
00000000
00001110
00010001
00001110
00100000
01010000
00100000
00000000
>
00000000
00000100
00001110
00000100
01100000
10010000
10010000
01100000
WAL true

TIL 1p
00000000
00001110
00011111
00011111
00001110
01100000
01100000
00000000
>
00000000
00000100
00001110
00000100
01100000
11110000
11110000
01100000
WAL true

TIL 1q
00000000
11111111
01010101
01010101
00010000
01010101
00000000
00010000

TIL 1r
00000010
00000001
00000001
00000001
00000010
00000111
00011100
11100000
WAL true

TIL 1s
00000000
00000000
00000000
00000000
00000000
10000001
11101110
00111000

TIL 1t
10000000
00000000
00000000
00000000
00000000
10000000
11100000
00011110
WAL true

TIL 1u
00000000
11000000
00110000
00001000
00001000
00001000
00010000
01100000
WAL true

TIL 1v
00000000
11100000
00110000
00011000
00001000
00000100
00000100
00000100
WAL true

TIL 1w
00000000
01111110
10000001
00000000
00000000
00000000
00000000
00000000
WAL true

TIL 1x
00000000
00000000
00000011
00001100
00011000
00100000
00100000
00011100
WAL true

TIL 1y
10101011
01110101
10101011
01110101
10101011
01110101
10111011
01110101

TIL 1z
01111100
10000011
00101000
01010100
00101000
01010100
00000000
00000000
WAL false

SPR 10
11111111
10111111
11111011
11111111
11011111
11111111
11111011
11111111
>
11111111
11111111
11011111
11111101
11111111
10111111
11111111
11111011
POS 3 9,13

SPR 11
11111111
10111111
11111011
11111111
11011111
11111111
11111011
11111111
>
11111111
11111111
11011111
11111101
11111111
10111111
11111111
11111011
POS 3 8,13

SPR 12
11111111
10111111
11111011
11111111
11011111
11111111
11111011
11111111
>
11111111
11111111
11011111
11111101
11111111
10111111
11111111
11111011
POS 3 13,15

SPR 13
11111111
10111111
11111011
11111111
11011111
11111111
11111011
11111111
>
11111111
11111111
11011111
11111101
11111111
10111111
11111111
11111011
POS 3 12,15

SPR 14
11111111
10111111
11111011
11111111
11011111
11111111
11111011
11111111
>
11111111
11111111
11011111
11111101
11111111
10111111
11111111
11111011
POS 3 11,14

SPR 15
11111111
10111111
11111011
11111111
11011111
11111111
11111011
11111111
>
11111111
11111111
11011111
11111101
11111111
10111111
11111111
11111011
POS 3 10,14

SPR 16
11111111
10111111
11111011
11111111
11011111
11111111
11111011
11111111
>
11111111
11111111
11011111
11111101
11111111
10111111
11111111
11111011
POS 3 7,12

SPR 17
11111111
10111111
11111011
11111111
11011111
11111111
11111011
11111111
>
11111111
11111111
11011111
11111101
11111111
10111111
11111111
11111011
POS 3 6,11

SPR 18
11111111
10111111
11111011
11111111
11011111
11111111
11111011
11111111
>
11111111
11111111
11011111
11111101
11111111
10111111
11111111
11111011
POS 3 5,10

SPR 19
11111111
10111111
11111011
11111111
11011111
11111111
11111011
11111111
>
11111111
11111111
11011111
11111101
11111111
10111111
11111111
11111011
POS 3 11,15

SPR 20
11111111
10111111
11111011
11111111
11011111
11111111
11111011
11111111
>
11111111
11111111
11011111
11111101
11111111
10111111
11111111
11111011
POS 3 5,14

SPR 21
11111111
10111111
11111011
11111111
11011111
11111111
11111011
11111111
>
11111111
11111111
11011111
11111101
11111111
10111111
11111111
11111011
POS 3 5,15

SPR 22
11111111
10111111
11111011
11111111
11011111
11111111
11111011
11111111
>
11111111
11111111
11011111
11111101
11111111
10111111
11111111
11111011
POS 3 4,13

SPR 23
11111111
10111111
11111011
11111111
11011111
11111111
11111011
11111111
>
11111111
11111111
11011111
11111101
11111111
10111111
11111111
11111011
POS 3 3,10

SPR 24
11111111
10111111
11111011
11111111
11011111
11111111
11111011
11111111
>
11111111
11111111
11011111
11111101
11111111
10111111
11111111
11111011
POS 3 1,8

SPR 25
11111111
10111111
11111011
11111111
11011111
11111111
11111011
11111111
>
11111111
11111111
11011111
11111101
11111111
10111111
11111111
11111011
POS 3 2,8

SPR 26
11111111
10111111
11111011
11111111
11011111
11111111
11111011
11111111
>
11111111
11111111
11011111
11111101
11111111
10111111
11111111
11111011
POS 3 2,9

SPR 27
11111111
10111111
11111011
11111111
11011111
11111111
11111011
11111111
>
11111111
11111111
11011111
11111101
11111111
10111111
11111111
11111011
POS 3 3,11

SPR 28
11111111
10111111
11111011
11111111
11011111
11111111
11111011
11111111
>
11111111
11111111
11011111
11111101
11111111
10111111
11111111
11111011
POS 3 2,10

SPR 29
11111111
10111111
11111011
11111111
11011111
11111111
11111011
11111111
>
11111111
11111111
11011111
11111101
11111111
10111111
11111111
11111011
POS 3 1,9

SPR 30
11111111
10111111
11111011
11111111
11011111
11111111
11111011
11111111
>
11111111
11111111
11011111
11111101
11111111
10111111
11111111
11111011
POS 3 0,15

SPR 31
11111111
10111111
11111011
11111111
11011111
11111111
11111011
11111111
>
11111111
11111111
11011111
11111101
11111111
10111111
11111111
11111011
POS 3 1,15

SPR 32
11000011
01111110
00011000
01011010
11111111
01011010
00011000
00011000
POS 1 11,6

SPR 33
00011000
00011000
01111110
01011010
01111110
00011000
00111100
00100100
POS 1 11,7

SPR 34
00000000
00000010
00000100
00001110
00001111
00000100
00000010
00000000
POS 1 10,6

SPR 35
00010000
00111000
00010000
01010100
11111110
01010100
00000100
00000000
POS 1 12,6

SPR 36
00011000
00011000
00011000
00011000
00100100
00100100
01011010
01000010
POS 1 11,5

SPR 37
00011000
00011000
01111110
11111111
01111110
00111100
00000000
00000000
POS 1 11,8

SPR 38
00001000
00001000
00011100
00011100
00011100
00111110
00111110
00111110
POS 3 14,12

SPR 39
00111110
00111110
01111111
01111111
01111111
01111111
01111111
00111110
POS 3 14,13

SPR 40
00000000
00000010
00000011
01000111
01101111
01111111
00111110
00111100
POS 1 4,14

SPR 41
00111000
00111000
00111000
00111000
00111000
00101111
00111111
00000000
POS 1 4,15

SPR 42
00000000
00000000
00000000
00000000
00000000
10000000
11111100
00000000
POS 1 5,15

SPR 43
00000000
00000000
00001111
00111111
01111111
01111111
00111111
00000000
POS 2 9,13

SPR 44
00000000
00000000
11111111
11111111
11111111
11111111
11111111
00000000
POS 2 10,13

SPR 45
00000000
00000000
11111000
11111110
11111111
11111111
11111110
00000000
POS 2 11,13

SPR 46
00000000
01111111
00000000
00011111
00000000
11111111
00000000
00001111
POS 1 13,15

SPR 47
00000000
00000000
00000000
00011111
00000000
11111111
00000000
00001111
POS 1 14,14

SPR 48
00111111
11111111
01111111
11111111
11111111
11111111
01111111
11111111
POS 1 14,15

SPR 49
00111111
11111111
01111111
11111111
11111111
11111111
01111111
11111111
POS 1 15,14

SPR A
00111100
01110010
01111110
00111100
01101110
10111101
00100100
00100100
>
00111100
01110010
01111110
00111100
01111110
10111101
00100100
00100100
POS 0 4,4

SPR a
00000000
00000000
01010001
01110001
01110010
01111100
00111100
00100100
DLG SPR_0
POS 0 11,12

SPR b
00010000
00010000
00010000
00010000
00010000
00010000
00010000
00111100

SPR c
00000000
00000100
00000100
00010100
01110110
00110100
00011000
00011100
>
00000100
00000100
00000100
00000100
01110110
00110100
00011000
00011100
DLG SPR_1
POS 1 5,9

SPR d
11111111
00000000
11111110
00000000
11111111
00000000
11111110
00000000
>
11111110
00000000
11111100
00000000
11111110
00000000
11111100
00000000
POS 3 6,6

SPR e
11111110
00000000
11111100
00000000
11111110
00000000
11111100
00000000
>
11111100
00000000
11111000
00000000
11111100
00000000
11111000
00000000
POS 3 6,7

SPR f
11111100
00000000
11111000
00000000
11111100
10000000
11111000
10000000
>
11111000
00000000
11110000
00000000
11111000
10000000
11110000
10000000
POS 3 6,8

SPR g
11111100
10000000
11111000
11000000
11111100
11000000
11111000
11100000
>
11111110
10000000
11111100
11000000
11111110
11000000
11111100
11100000
POS 3 6,9

SPR h
11111110
11100000
11111100
11100000
11111110
11110000
11111100
11110000
>
11111111
11100000
11111110
11100000
11111111
11110000
11111110
11110000
POS 3 6,10

SPR i
11111000
00000000
11110000
00000000
11111000
10000000
11110000
11000000
>
11110000
00000000
11100000
00000000
11110000
10000000
11100000
11000000
POS 3 7,11

SPR j
11000000
00000000
10000000
00000000
11000000
00000000
10000000
11100000
>
11100000
00000000
11000000
00000000
11100000
00000000
11000000
11100000
POS 3 8,12

SPR k
11000000
00000000
11111000
00000000
11111100
00000000
11111000
10000000
>
11000000
00000000
11110000
00000000
11111000
00000000
11110000
10000000
POS 3 10,13

SPR l
11111110
00000000
11111100
00000000
11111110
00000000
11111100
11111000
>
11111111
00000000
11111110
00000000
11111111
00000000
11111110
11111000
POS 3 12,14

SPR m
11111111
00000000
11111110
00000000
11111111
00000000
11111110
11111111
>
11111110
00000000
11111100
00000000
11111110
00000000
11111100
11111111
POS 3 14,15

SPR n
11111111
10111111
11111011
11111111
11011111
11111111
11111011
11111111
>
11111111
11111111
11011111
11111101
11111111
10111111
11111111
11111011
POS 3 5,6

SPR o
11111111
10111111
11111011
11111111
11011111
11111111
11111011
11111111
>
11111111
11111111
11011111
11111101
11111111
10111111
11111111
11111011
POS 3 5,7

SPR p
11111111
10111111
11111011
11111111
11011111
11111111
11111011
11111111
>
11111111
11111111
11011111
11111101
11111111
10111111
11111111
11111011
POS 3 4,6

SPR q
11111111
10111111
11111011
11111111
11011111
11111111
11111011
11111111
>
11111111
11111111
11011111
11111101
11111111
10111111
11111111
11111011
POS 3 5,8

SPR r
11111111
10111111
11111011
11111111
11011111
11111111
11111011
11111111
>
11111111
11111111
11011111
11111101
11111111
10111111
11111111
11111011
POS 3 5,9

SPR s
11111111
10111111
11111011
11111111
11011111
11111111
11111011
11111111
>
11111111
11111111
11011111
11111101
11111111
10111111
11111111
11111011
POS 3 3,6

SPR t
11111111
10111111
11111011
11111111
11011111
11111111
11111011
11111111
>
11111111
11111111
11011111
11111101
11111111
10111111
11111111
11111011
POS 3 4,7

SPR u
11111111
10111111
11111011
11111111
11011111
11111111
11111011
11111111
>
11111111
11111111
11011111
11111101
11111111
10111111
11111111
11111011
POS 3 3,7

SPR v
11111111
10111111
11111011
11111111
11011111
11111111
11111011
11111111
>
11111111
11111111
11011111
11111101
11111111
10111111
11111111
11111011
POS 3 2,7

SPR w
00000000
00000000
00000000
00000000
00000000
00000000
00000000
00000000

SPR x
00000000
00000000
00000000
00000000
00000000
00000000
00000000
00000000

SPR y
11111111
10111111
11111011
11111111
11011111
11111111
11111011
11111111
>
11111111
11111111
11011111
11111101
11111111
10111111
11111111
11111011
POS 3 2,6

SPR z
11111111
10111111
11111011
11111111
11011111
11111111
11111011
11111111
>
11111111
11111111
11011111
11111101
11111111
10111111
11111111
11111011
POS 3 1,6

SPR 1a
11111111
10111111
11111011
11111111
11011111
11111111
11111011
11111111
>
11111111
11111111
11011111
11111101
11111111
10111111
11111111
11111011
POS 3 10,15

SPR 1b
11111111
10111111
11111011
11111111
11011111
11111111
11111011
11111111
>
11111111
11111111
11011111
11111101
11111111
10111111
11111111
11111011
POS 3 9,14

SPR 1c
11111111
10111111
11111011
11111111
11011111
11111111
11111011
11111111
>
11111111
11111111
11011111
11111101
11111111
10111111
11111111
11111011
POS 3 9,15

SPR 1d
11111111
10111111
11111011
11111111
11011111
11111111
11111011
11111111
>
11111111
11111111
11011111
11111101
11111111
10111111
11111111
11111011
POS 3 8,14

SPR 1e
11111111
10111111
11111011
11111111
11011111
11111111
11111011
11111111
>
11111111
11111111
11011111
11111101
11111111
10111111
11111111
11111011
POS 3 8,15

SPR 1f
11111111
10111111
11111011
11111111
11011111
11111111
11111011
11111111
>
11111111
11111111
11011111
11111101
11111111
10111111
11111111
11111011
POS 3 7,13

SPR 1g
11111111
10111111
11111011
11111111
11011111
11111111
11111011
11111111
>
11111111
11111111
11011111
11111101
11111111
10111111
11111111
11111011
POS 3 6,12

SPR 1h
11111111
10111111
11111011
11111111
11011111
11111111
11111011
11111111
>
11111111
11111111
11011111
11111101
11111111
10111111
11111111
11111011
POS 3 5,12

SPR 1i
00000000
00000000
00000000
00000000
00000000
00000000
00000000
00000000

SPR 1j
11111111
10111111
11111011
11111111
11011111
11111111
11111011
11111111
>
11111111
11111111
11011111
11111101
11111111
10111111
11111111
11111011
POS 3 5,11

SPR 1k
11111111
10111111
11111011
11111111
11011111
11111111
11111011
11111111
>
11111111
11111111
11011111
11111101
11111111
10111111
11111111
11111011
POS 3 4,8

SPR 1l
11111111
10111111
11111011
11111111
11011111
11111111
11111011
11111111
>
11111111
11111111
11011111
11111101
11111111
10111111
11111111
11111011
POS 3 4,9

SPR 1m
11111111
10111111
11111011
11111111
11011111
11111111
11111011
11111111
>
11111111
11111111
11011111
11111101
11111111
10111111
11111111
11111011
POS 3 4,10

SPR 1n
11111111
10111111
11111011
11111111
11011111
11111111
11111011
11111111
>
11111111
11111111
11011111
11111101
11111111
10111111
11111111
11111011
POS 3 4,11

SPR 1o
11111111
10111111
11111011
11111111
11011111
11111111
11111011
11111111
>
11111111
11111111
11011111
11111101
11111111
10111111
11111111
11111011
POS 3 4,12

SPR 1p
11111111
10111111
11111011
11111111
11011111
11111111
11111011
11111111
>
11111111
11111111
11011111
11111101
11111111
10111111
11111111
11111011
POS 3 0,6

SPR 1q
11111111
10111111
11111011
11111111
11011111
11111111
11111011
11111111
>
11111111
11111111
11011111
11111101
11111111
10111111
11111111
11111011
POS 3 7,14

SPR 1r
11111111
10111111
11111011
11111111
11011111
11111111
11111011
11111111
>
11111111
11111111
11011111
11111101
11111111
10111111
11111111
11111011
POS 3 7,15

SPR 1s
11111111
10111111
11111011
11111111
11011111
11111111
11111011
11111111
>
11111111
11111111
11011111
11111101
11111111
10111111
11111111
11111011
POS 3 6,13

SPR 1t
11111111
10111111
11111011
11111111
11011111
11111111
11111011
11111111
>
11111111
11111111
11011111
11111101
11111111
10111111
11111111
11111011
POS 3 6,14

SPR 1u
11111111
10111111
11111011
11111111
11011111
11111111
11111011
11111111
>
11111111
11111111
11011111
11111101
11111111
10111111
11111111
11111011
POS 3 6,15

SPR 1v
11111111
10111111
11111011
11111111
11011111
11111111
11111011
11111111
>
11111111
11111111
11011111
11111101
11111111
10111111
11111111
11111011
POS 3 0,7

SPR 1w
11111111
10111111
11111011
11111111
11011111
11111111
11111011
11111111
>
11111111
11111111
11011111
11111101
11111111
10111111
11111111
11111011
POS 3 1,7

SPR 1x
11111111
10111111
11111011
11111111
11011111
11111111
11111011
11111111
>
11111111
11111111
11011111
11111101
11111111
10111111
11111111
11111011
POS 3 3,8

SPR 1y
11111111
10111111
11111011
11111111
11011111
11111111
11111011
11111111
>
11111111
11111111
11011111
11111101
11111111
10111111
11111111
11111011
POS 3 5,13

SPR 1z
11111111
10111111
11111011
11111111
11011111
11111111
11111011
11111111
>
11111111
11111111
11011111
11111101
11111111
10111111
11111111
11111011
POS 3 3,9

SPR 2a
11111111
10111111
11111011
11111111
11011111
11111111
11111011
11111111
>
11111111
11111111
11011111
11111101
11111111
10111111
11111111
11111011
POS 3 0,8

SPR 2b
11111111
10111111
11111011
11111111
11011111
11111111
11111011
11111111
>
11111111
11111111
11011111
11111101
11111111
10111111
11111111
11111011
POS 3 0,9

SPR 2c
11111111
10111111
11111011
11111111
11011111
11111111
11111011
11111111
>
11111111
11111111
11011111
11111101
11111111
10111111
11111111
11111011
POS 3 0,10

SPR 2d
11111111
10111111
11111011
11111111
11011111
11111111
11111011
11111111
>
11111111
11111111
11011111
11111101
11111111
10111111
11111111
11111011
POS 3 1,10

SPR 2e
11111111
10111111
11111011
11111111
11011111
11111111
11111011
11111111
>
11111111
11111111
11011111
11111101
11111111
10111111
11111111
11111011
POS 3 2,11

SPR 2f
11111111
10111111
11111011
11111111
11011111
11111111
11111011
11111111
>
11111111
11111111
11011111
11111101
11111111
10111111
11111111
11111011
POS 3 3,12

SPR 2g
11111111
10111111
11111011
11111111
11011111
11111111
11111011
11111111
>
11111111
11111111
11011111
11111101
11111111
10111111
11111111
11111011
POS 3 4,14

SPR 2h
11111111
10111111
11111011
11111111
11011111
11111111
11111011
11111111
>
11111111
11111111
11011111
11111101
11111111
10111111
11111111
11111011
POS 3 4,15

SPR 2i
11111111
10111111
11111011
11111111
11011111
11111111
11111011
11111111
>
11111111
11111111
11011111
11111101
11111111
10111111
11111111
11111011
POS 3 3,13

SPR 2j
11111111
10111111
11111011
11111111
11011111
11111111
11111011
11111111
>
11111111
11111111
11011111
11111101
11111111
10111111
11111111
11111011
POS 3 2,12

SPR 2k
11111111
10111111
11111011
11111111
11011111
11111111
11111011
11111111
>
11111111
11111111
11011111
11111101
11111111
10111111
11111111
11111011
POS 3 1,11

SPR 2l
11111111
10111111
11111011
11111111
11011111
11111111
11111011
11111111
>
11111111
11111111
11011111
11111101
11111111
10111111
11111111
11111011
POS 3 3,15

SPR 2m
00000000
00000000
00000000
00000000
00000000
00000000
00000000
00000000

SPR 2n
11111111
10111111
11111011
11111111
11011111
11111111
11111011
11111111
>
11111111
11111111
11011111
11111101
11111111
10111111
11111111
11111011
POS 3 3,14

SPR 2o
11111111
10111111
11111011
11111111
11011111
11111111
11111011
11111111
>
11111111
11111111
11011111
11111101
11111111
10111111
11111111
11111011
POS 3 2,13

SPR 2p
11111111
10111111
11111011
11111111
11011111
11111111
11111011
11111111
>
11111111
11111111
11011111
11111101
11111111
10111111
11111111
11111011
POS 3 0,11

SPR 2q
11111111
10111111
11111011
11111111
11011111
11111111
11111011
11111111
>
11111111
11111111
11011111
11111101
11111111
10111111
11111111
11111011

SPR 2r
11111111
10111111
11111011
11111111
11011111
11111111
11111011
11111111
>
11111111
11111111
11011111
11111101
11111111
10111111
11111111
11111011
POS 3 1,12

SPR 2s
11111111
10111111
11111011
11111111
11011111
11111111
11111011
11111111
>
11111111
11111111
11011111
11111101
11111111
10111111
11111111
11111011
POS 3 0,12

SPR 2t
11111111
10111111
11111011
11111111
11011111
11111111
11111011
11111111
>
11111111
11111111
11011111
11111101
11111111
10111111
11111111
11111011
POS 3 1,13

SPR 2u
11111111
10111111
11111011
11111111
11011111
11111111
11111011
11111111
>
11111111
11111111
11011111
11111101
11111111
10111111
11111111
11111011
POS 3 1,14

SPR 2v
00000000
00000000
00000000
00000000
00000000
00000000
00000000
00000000

SPR 2w
11111111
10111111
11111011
11111111
11011111
11111111
11111011
11111111
>
11111111
11111111
11011111
11111101
11111111
10111111
11111111
11111011
POS 3 0,13

SPR 2x
11111111
10111111
11111011
11111111
11011111
11111111
11111011
11111111
>
11111111
11111111
11011111
11111101
11111111
10111111
11111111
11111011
POS 3 2,14

SPR 2y
11111111
10111111
11111011
11111111
11011111
11111111
11111011
11111111
>
11111111
11111111
11011111
11111101
11111111
10111111
11111111
11111011
POS 3 0,14

SPR 2z
11111111
10111111
11111011
11111111
11011111
11111111
11111011
11111111
>
11111111
11111111
11011111
11111101
11111111
10111111
11111111
11111011
POS 3 2,15

SPR 3a
00001000
00001000
00011100
00011100
00111110
00111110
00111110
00011100
POS 2 13,7

SPR 3b
00001000
00001000
00011100
00011100
00111110
00111110
00111110
00011100
POS 2 1,13

SPR 3c
00001000
00001000
00011100
00011100
00111110
00111110
00111110
00011100
POS 3 13,6

SPR 3d
01101011
01111111
01101011
00001000
01110111
00101010
00011100
00101010
POS 1 12,10

SPR 3e
00000000
00000000
00000000
00101010
00011100
00001000
00101010
00001000
POS 1 12,9

SPR 3f
00001000
00011100
00011100
00111110
01110111
00111110
00011100
00011100
POS 1 12,11

SPR 3g
11111111
00111110
00111110
11111111
00010100
01010101
00000100
00000000
POS 1 12,12

SPR 3h
00001111
00011100
00011100
00011101
00001000
00000000
00000000
00000000
POS 1 11,12

SPR 3i
11111000
00011100
00011100
11011100
00001000
00000000
00000000
00000000
POS 1 13,12

SPR 3j
00000000
00000000
00000100
00010100
00010100
01011100
11111110
11111111
POS 2 4,15

SPR 3k
00000000
00000000
00000100
00010100
00010100
01011100
11111110
00111100
POS 1 15,6

SPR 3l
00011000
00011000
00011000
00011000
00011000
00011000
00011000
00011000
POS 1 15,7

SPR 3m
00011000
00011000
00111100
01011010
00011000
00001000
01001000
01000000
POS 1 15,8

SPR 3n
01000000
11100100
11100100
01001110
00001010
00001010
00011011
00010001
POS 2 7,7

SPR 3o
00010001
00010001
00010001
00010001
00011011
00001010
00000100
00000100
POS 2 7,8

SPR 3p
00000100
00000100
00100100
00100100
01110100
01110100
00100100
00000100
POS 2 7,9

SPR 3q
00000100
00000100
01111111
00000000
00000000
00000000
00000000
00000000
POS 2 7,10

SPR 3r
00000000
00100010
00010100
00011100
00001000
00001000
00111110
00001000
POS 2 1,7

SPR 3s
00001000
00001000
00001000
00001000
00010100
00010100
00011100
00001000
POS 2 1,8

SPR 3t
00010000
00010000
00111000
00111000
00111000
00111000
00111000
00101000
POS 3 10,5

SPR 3u
00101000
01101100
01101100
01101100
01111100
01111100
01111100
00111000
POS 3 10,6

SPR 3v
00000010
00000010
00110010
01001010
01001010
00101010
00001110
00000000
POS 3 10,8

SPR 3w
11010000
01110001
00000011
00000010
00000010
00000010
00000010
00000010
POS 3 10,7

SPR 3x
00000000
11000000
01100100
00101010
00100100
00100100
00110100
00011100
POS 3 11,7

SPR 3y
00011000
00111100
00011000
01111110
00011000
01111110
00011000
00111100
POS 1 14,12

SPR 3z
00011000
11111111
00011000
00111100
00011000
00111100
00011000
11111111
POS 1 14,13

SPR 4a
11111111
11111111
11111111
11111111
11111111
11111111
11111111
11111111
POS 1 15,15

SPR 4b
00000000
00000000
00111100
01011010
10000001
01111110
00101010
00000000
>
00000000
00000000
00000000
01111110
10001101
01111110
00101010
00000000
DLG SPR_3
POS 1 8,10

SPR 4c
00000000
00000000
00111100
01011010
10000001
01111110
00101010
00000000
>
00000000
00000000
00000000
01111110
10001101
01111110
00101010
00000000
DLG SPR_2
POS 3 11,11

SPR 4d
00000000
00000000
00000000
00000000
00000000
00000000
00000000
00000000

SPR 4e
00111100
01110010
01111110
00111100
01101110
10111101
00100100
00100100
>
00111100
01110010
01111110
00111100
01111110
10111101
00100100
00100100

SPR 4f
00000000
00100000
00100000
00000100
00000100
00000000
00100000
00100000
POS 4 8,14

SPR 4g
00000000
00000100
00000100
00000000
00100000
00100000
00000000
00000000
POS 4 8,15

SPR 4h
01111110
00110100
00100100
00100100
00000100
00000100
00000000
01101110
>
01111110
00110100
00100100
00000100
00000100
00100000
00000000
01101110

SPR 4i
11110000
11111000
11101000
11101000
11101000
11111000
11101000
11101000

ITM 0
00000000
00000000
00000000
00111100
01100100
00100100
00011000
00000000
NAME tea
DLG ITM_0

ITM 1
00000000
00011000
00100100
00011000
00000000
00000000
00000010
00000100
>
00000000
00111000
01000100
01000100
00111000
00000010
00000111
00000010
DLG ITM_3

ITM 2
00000000
00000000
01010100
00101010
00000000
01010101
10101010
00000000
>
00000000
00000000
10101010
01010101
00000000
00101010
01010100
00000000

ITM 3
00000001
00000010
00000100
00100100
01011000
01000000
01000000
10000000
>
00000000
00100000
01010000
01010001
01001110
01000000
01000000
10000000
DLG ITM_d

ITM 4
00000000
00000000
00000000
00000000
00000000
00000000
00000000
00000000
DLG ITM_1

ITM 5
00000000
00000000
00000010
01000010
00100100
00101000
00010000
00000000
>
00000000
00000000
00000010
01000010
00100010
00100100
00101000
00010000
DLG ITM_4

ITM 6
00000000
00000000
00000000
00000000
00000000
00000000
00000000
00000000
DLG ITM_2

ITM 7
00000000
00000000
00000000
00000000
00000000
00000000
00000000
00000000
DLG ITM_5

ITM 8
00000000
00000000
00000000
00000000
00000000
00000000
00000000
00000000
DLG ITM_6

ITM 9
00000000
00000000
00000000
00000000
00000000
00000000
00000000
00000000
DLG ITM_7

ITM a
00000000
00000000
00000000
00000000
00000000
00000000
00000000
00000000
DLG ITM_8

ITM b
00000000
00000000
00000000
00000000
00000000
00000000
00000000
00000000
DLG ITM_9

ITM c
00000000
00000000
00000000
00000000
00000000
00000000
00000000
00000000
DLG ITM_a

ITM d
00000000
00000000
00000000
00000000
00000000
00000000
00000000
00000000
DLG ITM_b

ITM e
00000000
00000000
00000000
00000000
00000000
00000000
00000000
00000000
DLG ITM_c

DLG ITM_0
You found a nice warm cup of tea

DLG SPR_0
"""
{shuffle
  - {shk}mrrp{shk}
  - {wvy}mow{wvy}
  - mrehh
  - mrow mrow mrow?
}
"""

DLG SPR_1
near the exit of your apartment, one of her small outgrowths rises out of the ground like a hand, shyly waving good morning, vibrating like a tuning fork

DLG ITM_1
you step down deep into her, wading up to your thighs

DLG ITM_2
there's a soft platform, positioned for you to climb onto, the lower half tensed like a muscle, waiting for your weight

DLG ITM_3
"""
boiling, bubbling, popping bubbles hissing
(it sounds like laughter)
"""

DLG ITM_4
"""
you reach out to dip your hand into a tendril of ooze, like you did the first time you met each other on your own terms. 
It's like the surface grabs your hand, pulling you forward
"""

DLG ITM_5
you press through, legs leaving troughs that close up behind you

DLG ITM_6
trudging

DLG ITM_7
her weight

DLG ITM_8
pressure

DLG ITM_9
a thick {shk}squelch{shk}

DLG ITM_a
shifting like breath

DLG ITM_b
the motions of her massive body move the air like {wvy}sighs{wvy}

DLG ITM_c
sometimes the act of pulling your boot out of her feels like a sharp inhale

DLG SPR_3
the spires and shapes that shoot out of her extend in a field all around your apartment. steam coming off of them cools and condenses into snowflakes. you didn't know this could happen.

DLG SPR_2
the apartment faces away from her nearest shore. even though you don't always understand her, even after all this time, touching her in this form still feels intimate, straightforward. so it'd be awkward to face it all day, right?

DLG ITM_d
slick fluid running down a tensed wall

END 0


END undefined
momentum cradles your body against the soft, dense texture as she stretches to lift you up over the snow. as it falls below you, away from you, you see the hazy outline of the apartment that she built out of your imagination, an island in her everything. as you begin to sink back down you remember to scan the dome of space above you for the satellite where you first met, but the last light on it has long stopped blinking

VAR a
42


