Leaky Tap

# BITSY VERSION 4.2

! ROOM_FORMAT 1

PAL 0
NAME The-one-palette-to-rule-them-all
60,61,62
121,121,121
53,114,215

ROOM 0
0,0,0,0,0,0,0,0,0,0,0,0,0,0,0,0
0,0,0,0,0,0,0,0,0,0,0,0,r,q,s,h
0,0,0,0,0,0,0,0,0,0,0,m,l,k,i,g
0,0,0,0,0,0,0,0,0,0,0,n,o,0,j,f
0,0,0,0,0,0,0,0,0,0,0,p,0,p,0,0
c,d,e,0,0,0,0,0,0,0,0,p,0,p,0,0
a,0,0,0,0,0,0,0,0,0,0,p,0,p,0,0
b,0,0,0,0,0,0,0,0,0,0,p,0,p,0,0
a,0,0,0,0,0,0,0,0,0,0,p,0,p,0,0
b,0,0,0,0,0,0,0,0,0,0,p,0,p,0,0
a,0,0,0,0,0,0,0,0,0,0,p,0,p,0,0
b,0,0,0,0,0,0,0,0,0,0,p,0,p,0,0
a,0,0,0,0,0,0,0,0,0,0,p,0,p,0,0
b,0,0,0,0,0,0,0,0,0,0,p,0,p,0,0
a,0,0,0,0,0,0,0,0,0,0,p,0,p,0,0
b,0,0,0,0,0,0,0,0,0,0,p,0,p,0,0
NAME 0boops
WAL p,o
EXT 12,15 1 12,4
PAL 0

ROOM 1
0,0,0,0,0,0,0,0,0,0,0,0,0,0,0,0
0,0,0,0,0,0,0,0,0,0,0,0,r,q,s,h
0,0,0,0,0,0,0,0,0,0,0,m,l,k,i,g
0,0,0,0,0,0,0,0,0,0,0,n,o,0,j,f
0,0,0,0,0,0,0,0,0,0,0,p,0,p,0,0
c,d,e,0,0,0,0,0,0,0,0,p,0,p,0,0
a,0,0,0,0,0,0,0,0,0,0,p,0,p,0,0
b,0,0,0,0,0,0,0,0,0,0,p,0,p,0,0
a,0,0,0,0,0,0,0,0,0,0,p,0,p,0,0
b,0,0,0,0,0,0,0,0,0,0,p,0,p,0,0
a,0,0,0,0,0,0,0,0,0,0,p,0,p,0,0
b,0,0,0,0,0,0,0,0,0,0,p,0,p,0,0
a,0,0,0,0,0,0,0,0,0,0,p,0,p,0,0
b,0,0,0,0,0,0,0,0,0,0,p,0,p,0,0
a,0,0,0,0,0,0,0,0,0,0,p,0,p,0,0
b,0,0,0,0,0,0,0,0,0,0,p,0,p,0,0
NAME 1boop
WAL p,o
ITM 1 15,15
ITM 1 14,15
ITM 1 13,15
ITM 1 12,15
ITM 1 10,15
ITM 1 11,15
ITM 1 9,15
ITM 1 8,15
ITM 1 6,15
ITM 1 7,15
ITM 1 5,15
ITM 1 4,15
ITM 1 3,15
ITM 1 2,15
ITM 1 1,15
ITM 1 0,15
EXT 12,15 2 12,4
PAL 0

ROOM 2
0,0,0,0,0,0,0,0,0,0,0,0,0,0,0,0
0,0,0,0,0,0,0,0,0,0,0,0,r,q,s,h
0,0,0,0,0,0,0,0,0,0,0,m,l,k,i,g
0,0,0,0,0,0,0,0,0,0,0,n,o,0,j,f
0,0,0,0,0,0,0,0,0,0,0,p,0,p,0,0
c,d,e,0,0,0,0,0,0,0,0,p,0,p,0,0
a,0,0,0,0,0,0,0,0,0,0,p,0,p,0,0
b,0,0,0,0,0,0,0,0,0,0,p,0,p,0,0
a,0,0,0,0,0,0,0,0,0,0,p,0,p,0,0
b,0,0,0,0,0,0,0,0,0,0,p,0,p,0,0
a,0,0,0,0,0,0,0,0,0,0,p,0,p,0,0
b,0,0,0,0,0,0,0,0,0,0,p,0,p,0,0
a,0,0,0,0,0,0,0,0,0,0,p,0,p,0,0
b,0,0,0,0,0,0,0,0,0,0,p,0,p,0,0
a,0,0,0,0,0,0,0,0,0,0,p,0,p,0,0
b,0,0,0,0,0,0,0,0,0,0,p,0,p,0,0
NAME 2boops
WAL p,o
ITM 0 15,15
ITM 0 14,15
ITM 0 13,15
ITM 0 12,15
ITM 0 11,15
ITM 0 9,15
ITM 0 10,15
ITM 0 8,15
ITM 0 7,15
ITM 0 6,15
ITM 0 5,15
ITM 0 3,15
ITM 0 4,15
ITM 0 1,15
ITM 0 2,15
ITM 0 0,15
ITM 1 13,14
ITM 1 12,14
ITM 1 11,14
ITM 1 9,14
ITM 1 6,14
ITM 1 4,14
ITM 1 3,14
ITM 1 2,14
ITM 3 14,14
ITM 3 7,14
ITM 3 5,14
ITM 3 1,14
ITM 2 0,14
ITM 2 8,14
ITM 2 10,14
ITM 2 15,14
EXT 12,14 3 12,4
PAL 0

ROOM 3
0,0,0,0,0,0,0,0,0,0,0,0,0,0,0,0
0,0,0,0,0,0,0,0,0,0,0,0,r,q,s,h
0,0,0,0,0,0,0,0,0,0,0,m,l,k,i,g
0,0,0,0,0,0,0,0,0,0,0,n,o,0,j,f
0,0,0,0,0,0,0,0,0,0,0,p,0,p,0,0
c,d,e,0,0,0,0,0,0,0,0,p,0,p,0,0
a,0,0,0,0,0,0,0,0,0,0,p,0,p,0,0
b,0,0,0,0,0,0,0,0,0,0,p,0,p,0,0
a,0,0,0,0,0,0,0,0,0,0,p,0,p,0,0
b,0,0,0,0,0,0,0,0,0,0,p,0,p,0,0
a,0,0,0,0,0,0,0,0,0,0,p,0,p,0,0
b,0,0,0,0,0,0,0,0,0,0,p,0,p,0,0
a,0,0,0,0,0,0,0,0,0,0,p,0,p,0,0
b,0,0,0,0,0,0,0,0,0,0,p,0,p,0,0
a,0,0,0,0,0,0,0,0,0,0,p,0,p,0,0
b,0,0,0,0,0,0,0,0,0,0,p,0,p,0,0
NAME 3boops
WAL p,o
ITM 0 15,15
ITM 0 14,15
ITM 0 13,15
ITM 0 12,15
ITM 0 11,15
ITM 0 10,15
ITM 0 9,15
ITM 0 8,15
ITM 0 7,15
ITM 0 6,15
ITM 0 5,15
ITM 0 4,15
ITM 0 3,15
ITM 0 2,15
ITM 0 1,15
ITM 0 0,15
ITM 0 0,14
ITM 0 2,14
ITM 0 1,14
ITM 0 4,14
ITM 0 3,14
ITM 0 5,14
ITM 0 6,14
ITM 0 7,14
ITM 0 8,14
ITM 0 9,14
ITM 0 10,14
ITM 0 11,14
ITM 0 12,14
ITM 0 13,14
ITM 0 15,14
ITM 0 14,14
ITM 1 14,13
ITM 1 11,13
ITM 1 9,13
ITM 1 6,13
ITM 1 5,13
ITM 1 1,13
ITM 3 13,13
ITM 3 8,13
ITM 2 15,13
ITM 2 0,13
ITM 2 7,13
ITM 2 4,13
ITM 2 10,13
ITM 2 12,13
ITM 2 3,13
ITM 3 2,13
EXT 12,13 4 12,4
PAL 0

ROOM 4
0,0,0,0,0,0,0,0,0,0,0,0,0,0,0,0
0,0,0,0,0,0,0,0,0,0,0,0,r,q,s,h
0,0,0,0,0,0,0,0,0,0,0,m,l,k,i,g
0,0,0,0,0,0,0,0,0,0,0,n,o,0,j,f
0,0,0,0,0,0,0,0,0,0,0,p,0,p,0,0
c,d,e,0,0,0,0,0,0,0,0,p,0,p,0,0
a,0,0,0,0,0,0,0,0,0,0,p,0,p,0,0
b,0,0,0,0,0,0,0,0,0,0,p,0,p,0,0
a,0,0,0,0,0,0,0,0,0,0,p,0,p,0,0
b,0,0,0,0,0,0,0,0,0,0,p,0,p,0,0
a,0,0,0,0,0,0,0,0,0,0,p,0,p,0,0
b,0,0,0,0,0,0,0,0,0,0,p,0,p,0,0
a,0,0,0,0,0,0,0,0,0,0,p,0,p,0,0
b,0,0,0,0,0,0,0,0,0,0,p,0,p,0,0
a,0,0,0,0,0,0,0,0,0,0,p,0,p,0,0
b,0,0,0,0,0,0,0,0,0,0,p,0,p,0,0
NAME 4boops
WAL p,o
ITM 1 1,12
ITM 1 2,12
ITM 1 3,12
ITM 1 6,12
ITM 1 8,12
ITM 1 10,12
ITM 1 11,12
ITM 1 12,12
ITM 0 15,13
ITM 0 15,14
ITM 0 15,15
ITM 0 14,15
ITM 0 14,14
ITM 0 14,13
ITM 0 13,13
ITM 0 13,14
ITM 0 13,15
ITM 0 12,15
ITM 0 12,14
ITM 0 12,13
ITM 0 11,13
ITM 0 11,14
ITM 0 11,15
ITM 0 10,15
ITM 0 10,14
ITM 0 10,13
ITM 0 9,13
ITM 0 9,14
ITM 0 9,15
ITM 0 8,15
ITM 0 8,14
ITM 0 8,13
ITM 0 7,13
ITM 0 7,14
ITM 0 7,15
ITM 0 6,15
ITM 0 6,14
ITM 0 6,13
ITM 0 5,13
ITM 0 5,14
ITM 0 5,15
ITM 0 4,15
ITM 0 4,14
ITM 0 4,13
ITM 0 3,13
ITM 0 3,14
ITM 0 3,15
ITM 0 2,15
ITM 0 1,13
ITM 0 2,14
ITM 0 2,13
ITM 0 1,14
ITM 0 0,13
ITM 0 0,15
ITM 0 1,15
ITM 0 0,14
ITM 2 9,12
ITM 2 4,12
ITM 2 14,12
ITM 3 7,12
ITM 3 13,12
ITM 3 0,12
ITM 3 5,12
ITM 2 15,12
EXT 12,12 5 12,4
PAL 0

ROOM 5
0,0,0,0,0,0,0,0,0,0,0,0,0,0,0,0
0,0,0,0,0,0,0,0,0,0,0,0,r,q,s,h
0,0,0,0,0,0,0,0,0,0,0,m,l,k,i,g
0,0,0,0,0,0,0,0,0,0,0,n,o,0,j,f
0,0,0,0,0,0,0,0,0,0,0,p,0,p,0,0
c,d,e,0,0,0,0,0,0,0,0,p,0,p,0,0
a,0,0,0,0,0,0,0,0,0,0,p,0,p,0,0
b,0,0,0,0,0,0,0,0,0,0,p,0,p,0,0
a,0,0,0,0,0,0,0,0,0,0,p,0,p,0,0
b,0,0,0,0,0,0,0,0,0,0,p,0,p,0,0
a,0,0,0,0,0,0,0,0,0,0,p,0,p,0,0
b,0,0,0,0,0,0,0,0,0,0,p,0,p,0,0
a,0,0,0,0,0,0,0,0,0,0,p,0,p,0,0
b,0,0,0,0,0,0,0,0,0,0,p,0,p,0,0
a,0,0,0,0,0,0,0,0,0,0,p,0,p,0,0
b,0,0,0,0,0,0,0,0,0,0,p,0,p,0,0
NAME 5boops
WAL p,o
ITM 0 15,15
ITM 0 15,14
ITM 0 15,13
ITM 0 15,12
ITM 0 14,12
ITM 0 0,15
ITM 0 0,14
ITM 0 0,13
ITM 0 0,12
ITM 0 1,12
ITM 0 2,12
ITM 0 4,12
ITM 0 3,12
ITM 0 5,12
ITM 0 7,12
ITM 0 8,12
ITM 0 6,12
ITM 0 9,12
ITM 0 10,12
ITM 0 11,12
ITM 0 12,12
ITM 0 13,12
ITM 0 14,13
ITM 0 14,14
ITM 0 14,15
ITM 0 13,15
ITM 0 13,14
ITM 0 13,13
ITM 0 12,13
ITM 0 12,14
ITM 0 12,15
ITM 0 10,15
ITM 0 11,14
ITM 0 11,15
ITM 0 10,14
ITM 0 10,13
ITM 0 11,13
ITM 0 9,13
ITM 0 9,14
ITM 0 9,15
ITM 0 8,15
ITM 0 8,14
ITM 0 8,13
ITM 0 7,13
ITM 0 7,14
ITM 0 7,15
ITM 0 6,15
ITM 0 6,14
ITM 0 6,13
ITM 0 5,14
ITM 0 5,15
ITM 0 5,13
ITM 0 4,13
ITM 0 4,14
ITM 0 4,15
ITM 0 3,15
ITM 0 3,13
ITM 0 2,13
ITM 0 1,13
ITM 0 1,14
ITM 0 1,15
ITM 0 2,15
ITM 0 2,14
ITM 0 3,14
ITM 1 15,11
ITM 1 12,11
ITM 1 8,11
ITM 1 7,11
ITM 1 3,11
ITM 1 0,11
ITM 2 14,11
ITM 2 11,11
ITM 2 6,11
ITM 2 2,11
ITM 3 13,11
ITM 3 10,11
ITM 3 9,11
ITM 3 5,11
ITM 3 4,11
ITM 3 1,11
EXT 12,11 6 12,4
PAL 0

ROOM 6
0,0,0,0,0,0,0,0,0,0,0,0,0,0,0,0
0,0,0,0,0,0,0,0,0,0,0,0,r,q,s,h
0,0,0,0,0,0,0,0,0,0,0,m,l,k,i,g
0,0,0,0,0,0,0,0,0,0,0,n,o,0,j,f
0,0,0,0,0,0,0,0,0,0,0,p,0,p,0,0
c,d,e,0,0,0,0,0,0,0,0,p,0,p,0,0
a,0,0,0,0,0,0,0,0,0,0,p,0,p,0,0
b,0,0,0,0,0,0,0,0,0,0,p,0,p,0,0
a,0,0,0,0,0,0,0,0,0,0,p,0,p,0,0
b,0,0,0,0,0,0,0,0,0,0,p,0,p,0,0
a,0,0,0,0,0,0,0,0,0,0,p,0,p,0,0
b,0,0,0,0,0,0,0,0,0,0,p,0,p,0,0
a,0,0,0,0,0,0,0,0,0,0,p,0,p,0,0
b,0,0,0,0,0,0,0,0,0,0,p,0,p,0,0
a,0,0,0,0,0,0,0,0,0,0,p,0,p,0,0
b,0,0,0,0,0,0,0,0,0,0,p,0,p,0,0
NAME 6boops
WAL p,o
ITM 0 0,15
ITM 0 0,14
ITM 0 0,13
ITM 0 0,12
ITM 0 0,11
ITM 0 1,11
ITM 0 2,11
ITM 0 4,11
ITM 0 3,11
ITM 0 5,11
ITM 0 6,11
ITM 0 7,11
ITM 0 8,11
ITM 0 9,11
ITM 0 10,11
ITM 0 11,11
ITM 0 12,11
ITM 0 13,11
ITM 0 14,11
ITM 0 15,11
ITM 0 15,12
ITM 0 15,13
ITM 0 15,15
ITM 0 15,14
ITM 0 14,15
ITM 0 14,14
ITM 0 14,13
ITM 0 14,12
ITM 0 13,12
ITM 0 13,13
ITM 0 13,14
ITM 0 13,15
ITM 0 12,15
ITM 0 12,14
ITM 0 12,13
ITM 0 12,12
ITM 0 11,12
ITM 0 11,13
ITM 0 11,14
ITM 0 11,15
ITM 0 10,15
ITM 0 10,14
ITM 0 10,13
ITM 0 10,12
ITM 0 9,13
ITM 0 9,14
ITM 0 9,15
ITM 0 8,15
ITM 0 9,12
ITM 0 8,12
ITM 0 8,14
ITM 0 8,13
ITM 0 7,12
ITM 0 7,13
ITM 0 7,14
ITM 0 7,15
ITM 0 6,15
ITM 0 6,14
ITM 0 6,12
ITM 0 6,13
ITM 0 5,12
ITM 0 5,15
ITM 0 5,13
ITM 0 5,14
ITM 0 4,15
ITM 0 4,14
ITM 0 4,13
ITM 0 4,12
ITM 0 3,12
ITM 0 2,12
ITM 0 1,12
ITM 0 1,13
ITM 0 2,13
ITM 0 3,13
ITM 0 3,14
ITM 0 3,15
ITM 0 2,15
ITM 0 2,14
ITM 0 1,14
ITM 0 1,15
ITM 1 13,10
ITM 1 10,10
ITM 1 7,10
ITM 1 4,10
ITM 1 1,10
ITM 2 15,10
ITM 2 12,10
ITM 2 9,10
ITM 2 6,10
ITM 2 3,10
ITM 2 0,10
ITM 3 14,10
ITM 3 11,10
ITM 3 8,10
ITM 3 5,10
ITM 3 2,10
EXT 12,10 7 12,4
PAL 0

ROOM 7
0,0,0,0,0,0,0,0,0,0,0,0,0,0,0,0
0,0,0,0,0,0,0,0,0,0,0,0,r,q,s,h
0,0,0,0,0,0,0,0,0,0,0,m,l,k,i,g
0,0,0,0,0,0,0,0,0,0,0,n,o,0,j,f
0,0,0,0,0,0,0,0,0,0,0,p,0,p,0,0
c,d,e,0,0,0,0,0,0,0,0,p,0,p,0,0
a,0,0,0,0,0,0,0,0,0,0,p,0,p,0,0
b,0,0,0,0,0,0,0,0,0,0,p,0,p,0,0
a,0,0,0,0,0,0,0,0,0,0,p,0,p,0,0
b,0,0,0,0,0,0,0,0,0,0,p,0,p,0,0
a,0,0,0,0,0,0,0,0,0,0,p,0,p,0,0
b,0,0,0,0,0,0,0,0,0,0,p,0,p,0,0
a,0,0,0,0,0,0,0,0,0,0,p,0,p,0,0
b,0,0,0,0,0,0,0,0,0,0,p,0,p,0,0
a,0,0,0,0,0,0,0,0,0,0,p,0,p,0,0
b,0,0,0,0,0,0,0,0,0,0,p,0,p,0,0
NAME 7boops
WAL p,o
ITM 0 0,15
ITM 0 0,14
ITM 0 0,13
ITM 0 0,12
ITM 0 0,11
ITM 0 0,10
ITM 0 15,15
ITM 0 15,13
ITM 0 15,14
ITM 0 15,12
ITM 0 15,11
ITM 0 15,10
ITM 0 14,10
ITM 0 13,10
ITM 0 12,10
ITM 0 11,10
ITM 0 10,10
ITM 0 9,10
ITM 0 8,10
ITM 0 7,10
ITM 0 6,10
ITM 0 5,10
ITM 0 4,10
ITM 0 1,10
ITM 0 2,10
ITM 0 3,10
ITM 0 1,12
ITM 0 1,11
ITM 0 1,13
ITM 0 1,14
ITM 0 1,15
ITM 0 2,15
ITM 0 2,14
ITM 0 2,13
ITM 0 2,11
ITM 0 2,12
ITM 0 3,11
ITM 0 3,12
ITM 0 3,15
ITM 0 3,13
ITM 0 3,14
ITM 0 4,15
ITM 0 4,14
ITM 0 4,13
ITM 0 4,12
ITM 0 4,11
ITM 0 5,11
ITM 0 5,12
ITM 0 5,13
ITM 0 5,15
ITM 0 5,14
ITM 0 6,15
ITM 0 6,14
ITM 0 6,13
ITM 0 6,12
ITM 0 6,11
ITM 0 7,11
ITM 0 8,11
ITM 0 9,11
ITM 0 10,11
ITM 0 11,11
ITM 0 12,11
ITM 0 13,11
ITM 0 14,11
ITM 0 14,13
ITM 0 14,14
ITM 0 14,15
ITM 0 14,12
ITM 0 13,15
ITM 0 12,15
ITM 0 11,15
ITM 0 10,15
ITM 0 9,15
ITM 0 8,15
ITM 0 7,15
ITM 0 7,14
ITM 0 9,14
ITM 0 10,14
ITM 0 8,14
ITM 0 11,14
ITM 0 13,14
ITM 0 12,14
ITM 0 13,13
ITM 0 13,12
ITM 0 12,12
ITM 0 12,13
ITM 0 11,12
ITM 0 11,13
ITM 0 10,13
ITM 0 10,12
ITM 0 9,12
ITM 0 9,13
ITM 0 7,12
ITM 0 8,12
ITM 0 8,13
ITM 0 7,13
ITM 1 15,9
ITM 1 13,9
ITM 1 10,9
ITM 1 8,9
ITM 1 5,9
ITM 1 3,9
ITM 1 0,9
ITM 2 14,9
ITM 2 9,9
ITM 2 4,9
ITM 3 12,9
ITM 3 11,9
ITM 3 6,9
ITM 3 7,9
ITM 3 2,9
ITM 3 1,9
EXT 12,9 8 12,4
PAL 0

ROOM 8
0,0,0,0,0,0,0,0,0,0,0,0,0,0,0,0
0,0,0,0,0,0,0,0,0,0,0,0,r,q,s,h
0,0,0,0,0,0,0,0,0,0,0,m,l,k,i,g
0,0,0,0,0,0,0,0,0,0,0,n,o,0,j,f
0,0,0,0,0,0,0,0,0,0,0,p,0,p,0,0
c,d,e,0,0,0,0,0,0,0,0,p,0,p,0,0
a,0,0,0,0,0,0,0,0,0,0,p,0,p,0,0
b,0,0,0,0,0,0,0,0,0,0,p,0,p,0,0
a,0,0,0,0,0,0,0,0,0,0,p,0,p,0,0
b,0,0,0,0,0,0,0,0,0,0,p,0,p,0,0
a,0,0,0,0,0,0,0,0,0,0,p,0,p,0,0
b,0,0,0,0,0,0,0,0,0,0,p,0,p,0,0
a,0,0,0,0,0,0,0,0,0,0,p,0,p,0,0
b,0,0,0,0,0,0,0,0,0,0,p,0,p,0,0
a,0,0,0,0,0,0,0,0,0,0,p,0,p,0,0
b,0,0,0,0,0,0,0,0,0,0,p,0,p,0,0
NAME 8boops
WAL p,o
ITM 0 0,15
ITM 0 0,14
ITM 0 0,13
ITM 0 0,11
ITM 0 0,12
ITM 0 0,9
ITM 0 0,10
ITM 0 1,9
ITM 0 2,9
ITM 0 4,9
ITM 0 3,9
ITM 0 5,9
ITM 0 6,9
ITM 0 7,9
ITM 0 8,9
ITM 0 15,9
ITM 0 15,10
ITM 0 15,12
ITM 0 15,15
ITM 0 15,14
ITM 0 15,13
ITM 0 15,11
ITM 0 14,9
ITM 0 13,9
ITM 0 12,9
ITM 0 11,9
ITM 0 10,9
ITM 0 9,9
ITM 0 14,10
ITM 0 14,11
ITM 0 14,12
ITM 0 14,13
ITM 0 14,14
ITM 0 14,15
ITM 0 13,15
ITM 0 13,14
ITM 0 13,13
ITM 0 13,12
ITM 0 13,11
ITM 0 13,10
ITM 0 12,10
ITM 0 12,11
ITM 0 12,12
ITM 0 12,13
ITM 0 12,15
ITM 0 12,14
ITM 0 11,15
ITM 0 11,14
ITM 0 11,13
ITM 0 11,12
ITM 0 11,11
ITM 0 11,10
ITM 0 10,10
ITM 0 10,11
ITM 0 10,12
ITM 0 10,13
ITM 0 10,14
ITM 0 10,15
ITM 0 9,15
ITM 0 9,13
ITM 0 9,12
ITM 0 9,10
ITM 0 9,11
ITM 0 8,10
ITM 0 8,11
ITM 0 8,12
ITM 0 8,13
ITM 0 8,14
ITM 0 9,14
ITM 0 8,15
ITM 0 7,15
ITM 0 7,14
ITM 0 7,12
ITM 0 7,11
ITM 0 7,10
ITM 0 6,10
ITM 0 6,11
ITM 0 6,12
ITM 0 6,13
ITM 0 7,13
ITM 0 6,15
ITM 0 6,14
ITM 0 5,15
ITM 0 5,13
ITM 0 5,11
ITM 0 5,10
ITM 0 4,10
ITM 0 4,11
ITM 0 4,12
ITM 0 5,12
ITM 0 5,14
ITM 0 4,14
ITM 0 4,13
ITM 0 4,15
ITM 0 3,15
ITM 0 3,14
ITM 0 2,15
ITM 0 2,14
ITM 0 1,15
ITM 0 1,14
ITM 0 1,13
ITM 0 2,13
ITM 0 3,13
ITM 0 2,12
ITM 0 3,11
ITM 0 3,12
ITM 0 2,11
ITM 0 3,10
ITM 0 2,10
ITM 0 1,10
ITM 0 1,11
ITM 0 1,12
ITM 1 15,8
ITM 1 11,8
ITM 1 7,8
ITM 1 4,8
ITM 1 3,8
ITM 1 0,8
ITM 2 13,8
ITM 2 12,8
ITM 2 9,8
ITM 2 6,8
ITM 2 2,8
ITM 3 14,8
ITM 3 10,8
ITM 3 8,8
ITM 3 5,8
ITM 3 1,8
EXT 12,8 9 12,4
PAL 0

ROOM 9
0,0,0,0,0,0,0,0,0,0,0,0,0,0,0,0
0,0,0,0,0,0,0,0,0,0,0,0,r,q,s,h
0,0,0,0,0,0,0,0,0,0,0,m,l,k,i,g
0,0,0,0,0,0,0,0,0,0,0,n,o,0,j,f
0,0,0,0,0,0,0,0,0,0,0,p,0,p,0,0
c,d,e,0,0,0,0,0,0,0,0,p,0,p,0,0
a,0,0,0,0,0,0,0,0,0,0,p,0,p,0,0
b,0,0,0,0,0,0,0,0,0,0,p,0,p,0,0
a,0,0,0,0,0,0,0,0,0,0,p,0,p,0,0
b,0,0,0,0,0,0,0,0,0,0,p,0,p,0,0
a,0,0,0,0,0,0,0,0,0,0,p,0,p,0,0
b,0,0,0,0,0,0,0,0,0,0,p,0,p,0,0
a,0,0,0,0,0,0,0,0,0,0,p,0,p,0,0
b,0,0,0,0,0,0,0,0,0,0,p,0,p,0,0
a,0,0,0,0,0,0,0,0,0,0,p,0,p,0,0
b,0,0,0,0,0,0,0,0,0,0,p,0,p,0,0
NAME 9boops
WAL p,o
ITM 0 0,15
ITM 0 0,14
ITM 0 0,13
ITM 0 0,12
ITM 0 0,11
ITM 0 0,10
ITM 0 0,9
ITM 0 0,8
ITM 0 2,8
ITM 0 1,8
ITM 0 4,8
ITM 0 3,8
ITM 0 5,8
ITM 0 6,8
ITM 0 7,8
ITM 0 8,8
ITM 0 9,8
ITM 0 10,8
ITM 0 11,8
ITM 0 12,8
ITM 0 13,8
ITM 0 14,8
ITM 0 15,8
ITM 0 15,9
ITM 0 15,10
ITM 0 15,12
ITM 0 15,11
ITM 0 15,13
ITM 0 15,14
ITM 0 15,15
ITM 0 14,15
ITM 0 14,14
ITM 0 14,13
ITM 0 14,12
ITM 0 14,11
ITM 0 14,10
ITM 0 14,9
ITM 0 13,9
ITM 0 13,10
ITM 0 13,11
ITM 0 13,12
ITM 0 13,13
ITM 0 13,14
ITM 0 13,15
ITM 0 12,15
ITM 0 11,15
ITM 0 11,14
ITM 0 12,14
ITM 0 12,13
ITM 0 11,13
ITM 0 11,12
ITM 0 12,12
ITM 0 12,11
ITM 0 12,10
ITM 0 11,10
ITM 0 11,11
ITM 0 11,9
ITM 0 12,9
ITM 0 10,9
ITM 0 10,10
ITM 0 10,11
ITM 0 10,12
ITM 0 10,13
ITM 0 10,14
ITM 0 10,15
ITM 0 8,15
ITM 0 8,14
ITM 0 9,15
ITM 0 8,13
ITM 0 9,14
ITM 0 9,12
ITM 0 9,13
ITM 0 8,11
ITM 0 8,12
ITM 0 9,11
ITM 0 9,9
ITM 0 8,10
ITM 0 9,10
ITM 0 8,9
ITM 0 7,9
ITM 0 7,10
ITM 0 7,11
ITM 0 7,12
ITM 0 7,14
ITM 0 7,13
ITM 0 7,15
ITM 0 6,15
ITM 0 5,15
ITM 0 4,15
ITM 0 3,15
ITM 0 2,15
ITM 0 1,15
ITM 0 1,14
ITM 0 2,14
ITM 0 3,14
ITM 0 5,14
ITM 0 6,14
ITM 0 4,14
ITM 0 4,13
ITM 0 5,13
ITM 0 6,13
ITM 0 6,12
ITM 0 5,12
ITM 0 3,12
ITM 0 4,11
ITM 0 4,12
ITM 0 5,11
ITM 0 6,11
ITM 0 6,10
ITM 0 5,10
ITM 0 4,10
ITM 0 4,9
ITM 0 5,9
ITM 0 6,9
ITM 0 3,9
ITM 0 3,10
ITM 0 3,11
ITM 0 3,13
ITM 0 2,13
ITM 0 1,13
ITM 0 1,12
ITM 0 2,12
ITM 0 2,11
ITM 0 1,11
ITM 0 1,10
ITM 0 2,10
ITM 0 2,9
ITM 0 1,9
ITM 1 13,7
ITM 1 11,7
ITM 1 8,7
ITM 1 4,7
ITM 1 3,7
ITM 1 0,7
ITM 2 15,7
ITM 2 14,7
ITM 2 10,7
ITM 2 9,7
ITM 2 5,7
ITM 2 2,7
ITM 3 12,7
ITM 3 7,7
ITM 3 6,7
ITM 3 1,7
EXT 12,7 a 12,4
PAL 0

ROOM a
0,0,0,0,0,0,0,0,0,0,0,0,0,0,0,0
0,0,0,0,0,0,0,0,0,0,0,0,r,q,s,h
0,0,0,0,0,0,0,0,0,0,0,m,l,k,i,g
0,0,0,0,0,0,0,0,0,0,0,n,o,0,j,f
0,0,0,0,0,0,0,0,0,0,0,p,0,p,0,0
c,d,e,0,0,0,0,0,0,0,0,p,0,p,0,0
a,0,0,0,0,0,0,0,0,0,0,p,0,p,0,0
b,0,0,0,0,0,0,0,0,0,0,p,0,p,0,0
a,0,0,0,0,0,0,0,0,0,0,p,0,p,0,0
b,0,0,0,0,0,0,0,0,0,0,p,0,p,0,0
a,0,0,0,0,0,0,0,0,0,0,p,0,p,0,0
b,0,0,0,0,0,0,0,0,0,0,p,0,p,0,0
a,0,0,0,0,0,0,0,0,0,0,p,0,p,0,0
b,0,0,0,0,0,0,0,0,0,0,p,0,p,0,0
a,0,0,0,0,0,0,0,0,0,0,p,0,p,0,0
b,0,0,0,0,0,0,0,0,0,0,p,0,p,0,0
NAME 10boops
WAL p,o
ITM 0 0,15
ITM 0 0,14
ITM 0 0,13
ITM 0 0,12
ITM 0 0,11
ITM 0 0,10
ITM 0 0,8
ITM 0 0,9
ITM 0 0,7
ITM 0 1,7
ITM 0 2,7
ITM 0 3,7
ITM 0 4,7
ITM 0 5,7
ITM 0 6,7
ITM 0 7,7
ITM 0 8,7
ITM 0 9,7
ITM 0 10,7
ITM 0 11,7
ITM 0 12,7
ITM 0 13,7
ITM 0 14,7
ITM 0 15,7
ITM 0 15,8
ITM 0 15,10
ITM 0 15,9
ITM 0 15,11
ITM 0 15,13
ITM 0 15,12
ITM 0 15,14
ITM 0 15,15
ITM 0 14,15
ITM 0 14,14
ITM 0 14,13
ITM 0 14,12
ITM 0 14,11
ITM 0 14,10
ITM 0 14,8
ITM 0 14,9
ITM 0 13,8
ITM 0 13,9
ITM 0 13,10
ITM 0 13,11
ITM 0 13,13
ITM 0 13,12
ITM 0 13,14
ITM 0 13,15
ITM 0 12,8
ITM 0 12,9
ITM 0 12,10
ITM 0 12,11
ITM 0 12,12
ITM 0 12,13
ITM 0 12,14
ITM 0 12,15
ITM 0 11,15
ITM 0 11,14
ITM 0 11,13
ITM 0 11,12
ITM 0 11,11
ITM 0 11,10
ITM 0 11,9
ITM 0 11,8
ITM 0 10,8
ITM 0 10,9
ITM 0 10,11
ITM 0 10,10
ITM 0 10,13
ITM 0 10,14
ITM 0 10,15
ITM 0 10,12
ITM 0 9,8
ITM 0 9,9
ITM 0 9,10
ITM 0 9,11
ITM 0 9,12
ITM 0 9,13
ITM 0 9,14
ITM 0 9,15
ITM 0 8,15
ITM 0 8,14
ITM 0 8,13
ITM 0 8,12
ITM 0 8,11
ITM 0 8,10
ITM 0 8,9
ITM 0 8,8
ITM 0 7,8
ITM 0 7,9
ITM 0 7,10
ITM 0 7,11
ITM 0 7,13
ITM 0 7,12
ITM 0 7,14
ITM 0 7,15
ITM 0 6,15
ITM 0 6,14
ITM 0 6,13
ITM 0 6,12
ITM 0 6,11
ITM 0 6,8
ITM 0 6,10
ITM 0 6,9
ITM 0 5,8
ITM 0 5,9
ITM 0 5,10
ITM 0 5,12
ITM 0 5,13
ITM 0 5,14
ITM 0 5,15
ITM 0 5,11
ITM 0 4,8
ITM 0 4,9
ITM 0 4,10
ITM 0 4,11
ITM 0 4,12
ITM 0 4,13
ITM 0 4,14
ITM 0 4,15
ITM 0 3,15
ITM 0 2,15
ITM 0 1,15
ITM 0 1,14
ITM 0 3,14
ITM 0 2,14
ITM 0 2,13
ITM 0 3,13
ITM 0 3,12
ITM 0 2,12
ITM 0 1,12
ITM 0 1,13
ITM 0 1,11
ITM 0 2,11
ITM 0 3,11
ITM 0 3,10
ITM 0 2,10
ITM 0 1,10
ITM 0 1,9
ITM 0 1,8
ITM 0 2,8
ITM 0 3,8
ITM 0 3,9
ITM 0 2,9
ITM 1 14,6
ITM 1 12,6
ITM 1 10,6
ITM 1 9,6
ITM 1 4,6
ITM 1 3,6
ITM 2 13,6
ITM 2 8,6
ITM 2 6,6
ITM 2 2,6
ITM 2 1,6
ITM 3 15,6
ITM 3 11,6
ITM 3 7,6
ITM 3 5,6
ITM 3 0,6
END 0 12,6
PAL 0

TIL a
00000000
00000000
00000000
00000000
00000000
00000000
00000000
11110000

TIL b
00000000
00000000
00000000
00000000
00000000
00000000
00000000
11111111

TIL c
01000001
01100011
01010101
01001001
01000001
01000001
00000000
11111111

TIL d
00010001
00111000
01000100
01111100
01000101
01000101
00000000
11111111

TIL e
00010000
10100000
01000000
10100000
00010000
00010000
00000000
11111000

TIL f
10010000
11110000
01110000
00011000
00001000
00001110
00000111
00000001

TIL g
10010010
00010000
01010000
00010000
00010000
00010000
00010000
00010000

TIL h
00000000
00000000
00000001
00000110
00001000
00001000
00010000
01110010

TIL i
00000000
00000001
11111111
00000001
00000001
00000011
11111111
11111111

TIL j
00000001
00000000
00000000
00000000
00000000
00000000
00000000
00000000

TIL k
00010100
00100010
11111111
00000000
00000000
00000000
11111111
11111111

TIL l
00000000
00000000
00111111
11000000
00000000
00000000
00001111
00011111

TIL m
00000000
00000000
00000000
00000001
00000010
00000100
00000100
00001000

TIL n
00001000
00001000
00001000
00001000
00011111
00110000
00111111
00011111

TIL o
00010000
00100000
00100000
00100000
11110000
00001000
11111000
11110000

TIL p
00000000
00000000
00000000
00000000
00000000
00000000
00000000
00000000

TIL q
00000000
00000000
00011100
10100010
01100011
10111110
00011100
00010100

TIL r
00000000
00000000
00000000
00000111
00001100
00000111
00000000
00000000

TIL s
00000000
00000000
00000000
11110000
00001000
11110000
00000000
00000000

SPR A
00010000
00110000
00111000
00111000
00111100
01111100
01111100
00111000
>
00010000
00011000
00111000
00111000
01111000
01111100
01111100
00111000
POS 0 12,4

SPR p
00000000
01100110
01100110
00000000
00000000
01000010
01111110
00000000

ITM 0
11111111
11111111
11111111
11111111
11111111
11111111
11111111
11111111
NAME water-full

ITM 1
11110000
11111111
11111111
11111111
11111111
11111111
11111111
11111111
>
00111111
11111111
11111111
11111111
11111111
11111111
11111111
11111111
NAME water-top1

ITM 2
00111110
11111111
11111111
11111111
11111111
11111111
11111111
11111111
>
00001111
11111111
11111111
11111111
11111111
11111111
11111111
11111111
NAME water-top2

ITM 3
00111000
11111111
11111111
11111111
11111111
11111111
11111111
11111111
>
11100111
11111111
11111111
11111111
11111111
11111111
11111111
11111111
NAME water-top3

END 0
Why did you play this game?

VAR a
42
