Obstinate Obstacles

# BITSY VERSION 3.7

! ROOM_FORMAT 1

PAL 0
216,206,249
124,124,219
255,255,255

ROOM 0
0,0,0,0,0,0,0,0,0,0,0,0,0,0,0,0
0,a,a,a,a,a,a,a,a,a,a,a,a,a,a,0
0,a,0,0,0,0,0,0,0,0,0,0,0,0,a,0
0,a,0,0,0,0,0,0,0,0,0,0,0,0,a,0
0,a,0,0,0,0,0,0,0,0,0,0,0,0,a,0
0,a,0,0,0,0,0,0,0,0,0,0,0,0,a,0
0,a,0,0,0,0,0,0,0,0,0,0,0,0,a,0
0,a,0,0,0,0,0,0,0,0,0,0,0,0,a,0
0,a,0,0,0,0,0,0,0,0,0,0,0,0,a,0
0,a,0,0,0,0,0,a,b,a,0,0,0,0,a,0
0,a,0,0,0,0,0,a,b,a,0,0,0,0,a,0
0,a,0,0,0,0,0,a,b,a,0,0,0,0,a,0
0,a,0,0,0,0,0,a,b,a,0,0,0,0,a,0
0,a,0,0,0,0,0,a,0,a,0,0,0,0,a,0
0,a,a,a,a,a,a,a,a,a,a,a,a,a,a,0
0,0,0,0,0,0,0,0,0,0,0,0,0,0,0,0
WAL a,b
EXT 12,11 1 8,3
PAL 0

ROOM 1
0,0,0,0,0,0,0,0,0,0,0,0,0,0,0,0
0,a,a,a,a,a,a,a,a,a,a,a,a,a,a,0
0,a,0,0,0,0,0,0,0,0,0,0,0,0,a,0
0,a,0,0,0,0,0,0,0,0,0,0,0,0,a,0
0,a,0,0,0,0,0,0,0,0,0,0,0,0,a,0
0,a,0,0,0,0,0,0,0,0,0,0,0,0,a,0
0,a,0,0,0,0,0,0,0,0,0,0,0,0,a,0
0,a,0,0,0,0,0,0,0,0,0,0,0,0,a,0
0,a,0,0,0,0,0,0,0,0,0,0,0,0,a,0
0,a,0,0,0,0,0,a,0,a,0,0,0,0,a,0
0,a,0,0,0,0,0,a,b,a,0,0,0,0,a,0
0,a,0,0,0,0,0,a,b,a,0,0,0,0,a,0
0,a,0,0,0,0,0,a,b,a,0,0,0,0,a,0
0,a,0,0,0,0,0,a,0,a,0,0,0,0,a,0
0,a,a,a,a,a,a,a,a,a,a,a,a,a,a,0
0,0,0,0,0,0,0,0,0,0,0,0,0,0,0,0
WAL a,b
EXT 3,3 2 8,3
PAL 0

ROOM 2
0,0,0,0,0,0,0,0,0,0,0,0,0,0,0,0
0,a,a,a,a,a,a,a,a,a,a,a,a,a,a,0
0,a,0,0,0,0,0,0,0,0,0,0,0,0,a,0
0,a,0,0,0,0,0,0,0,0,0,0,0,0,a,0
0,a,0,0,0,0,0,0,0,0,0,0,0,0,a,0
0,a,0,0,0,0,0,0,0,0,0,0,0,0,a,0
0,a,0,0,0,0,0,0,0,0,0,0,0,0,a,0
0,a,0,0,0,0,0,0,0,0,0,0,0,0,a,0
0,a,0,0,0,0,0,0,0,0,0,0,0,0,a,0
0,a,0,0,0,0,0,a,0,a,0,0,0,0,a,0
0,a,0,0,0,0,0,a,0,a,0,0,0,0,a,0
0,a,0,0,0,0,0,a,b,a,0,0,0,0,a,0
0,a,0,0,0,0,0,a,b,a,0,0,0,0,a,0
0,a,0,0,0,0,0,a,0,a,0,0,0,0,a,0
0,a,a,a,a,a,a,a,a,a,a,a,a,a,a,0
0,0,0,0,0,0,0,0,0,0,0,0,0,0,0,0
WAL a,b
EXT 8,9 3 8,3
PAL 0

ROOM 3
0,0,0,0,0,0,0,0,0,0,0,0,0,0,0,0
0,a,a,a,a,a,a,a,a,a,a,a,a,a,a,0
0,a,0,0,0,0,0,0,0,0,0,0,0,0,a,0
0,a,0,0,0,0,0,0,0,0,0,0,0,0,a,0
0,a,0,0,0,0,0,0,0,0,0,0,0,0,a,0
0,a,0,0,0,0,0,0,0,0,0,0,0,0,a,0
0,a,0,0,0,0,0,0,0,0,0,0,0,0,a,0
0,a,0,0,0,0,0,0,0,0,0,0,0,0,a,0
0,a,0,0,0,0,0,0,0,0,0,0,0,0,a,0
0,a,0,0,0,0,0,a,0,a,0,0,0,0,a,0
0,a,0,0,0,0,0,a,0,a,0,0,0,0,a,0
0,a,0,0,0,0,0,a,0,a,0,0,0,0,a,0
0,a,0,0,0,0,0,a,b,a,0,0,0,0,a,0
0,a,0,0,0,0,0,a,0,a,0,0,0,0,a,0
0,a,a,a,a,a,a,a,a,a,a,a,a,a,a,0
0,0,0,0,0,0,0,0,0,0,0,0,0,0,0,0
WAL a,b
EXT 6,12 4 8,3
PAL 0

ROOM 4
0,0,0,0,0,0,0,0,0,0,0,0,0,0,0,0
0,a,a,a,a,a,a,a,a,a,a,a,a,a,a,0
0,a,0,0,0,0,0,0,0,0,0,0,0,0,a,0
0,a,0,0,0,0,0,0,0,0,0,0,0,0,a,0
0,a,0,0,0,0,0,0,0,0,0,0,0,0,a,0
0,a,0,0,0,0,0,0,0,0,0,0,0,0,a,0
0,a,0,0,0,0,0,0,0,0,0,0,0,0,a,0
0,a,0,0,0,0,0,0,0,0,0,0,0,0,a,0
0,a,0,0,0,0,0,0,0,0,0,0,0,0,a,0
0,a,0,0,0,0,0,a,0,a,0,0,0,0,a,0
0,a,0,0,0,0,0,a,0,a,0,0,0,0,a,0
0,a,0,0,0,0,0,a,0,a,0,0,0,0,a,0
0,a,0,0,0,0,0,a,0,a,0,0,0,0,a,0
0,a,0,0,0,0,0,a,0,a,0,0,0,0,a,0
0,a,a,a,a,a,a,a,a,a,a,a,a,a,a,0
0,0,0,0,0,0,0,0,0,0,0,0,0,0,0,0
WAL a,b
PAL 0

TIL a
11111111
10000001
10000001
10000001
10000001
10000001
10000001
11111111

TIL b
00000000
11111111
00000000
11111111
00000000
11111111
00000000
00000000

SPR A
00000000
00111100
01111110
11011011
11111111
11011011
01100110
00111100
POS 0 5,3

SPR a
00000000
00000000
00010000
00111000
01111100
00111000
00010000
00000000
>
00000000
00000000
01010100
00111000
01111100
00111000
01010100
00000000
DLG SPR_0
POS 0 8,13

SPR b
00000000
00000000
00010000
00111000
01111100
00111000
00010000
00000000
>
00000000
00000000
01010100
00111000
01111100
00111000
01010100
00000000
DLG SPR_1
POS 2 8,13

SPR c
00000000
00000000
00010000
00111000
01111100
00111000
00010000
00000000
>
00000000
00000000
01010100
00111000
01111100
00111000
01010100
00000000
POS 1 8,13

SPR d
00000000
00000000
00010000
00111000
01111100
00111000
00010000
00000000
>
00000000
00000000
01010100
00111000
01111100
00111000
01010100
00000000
POS 3 8,13

SPR e
00000000
00000000
00010000
00111000
01111100
00111000
00010000
00000000
>
00000000
00000000
01010100
00111000
01111100
00111000
01010100
00000000
DLG SPR_2
POS 4 8,13

ITM 0
00000000
00000000
00000000
00111100
01100100
00100100
00011000
00000000
DLG ITM_0

DLG SPR_0
Congratulations, you have been more obstinate than the obstacles! Your reward is eternal live and everlasting happiness :)

DLG ITM_0
You got a cup of tea! Nice.

DLG SPR_1
Congratulations, you have been more obstinate than the obstacles! Your reward is eternal live and everlasting happiness :)

DLG SPR_2
Congratulations, you have removed all obstacles. Your reward is eternal life and endless happiness :)

