W.J.Holly Presents...

# BITSY VERSION 5.1

! ROOM_FORMAT 1

PAL 0
0,0,0
255,255,255
255,255,255

PAL 1
0,0,0
255,4,5
255,4,5

ROOM 0
0,0,0,0,0,0,0,0,0,0,0,0,0,0,0,0
0,0,0,0,0,0,0,0,0,0,0,0,0,0,0,0
0,0,0,z,k,h,u,h,0,g,r,0,l,0,0,0
0,0,0,0,0,0,0,0,0,0,0,0,0,0,0,0
0,0,0,0,0,0,i,l,w,18,0,0,0,0,0,0
0,0,0,0,0,0,0,0,0,0,0,0,0,0,0,0
0,0,0,0,0,0,0,0,0,0,0,0,0,0,0,0
0,0,0,0,0,0,0,0,0,0,0,0,0,0,0,0
0,0,0,0,0,0,0,0,0,0,0,0,0,0,0,0
0,0,0,0,0,0,0,0,0,0,0,0,0,0,0,0
0,0,0,0,0,0,0,0,0,0,0,0,0,0,0,b
0,0,0,0,0,0,0,0,0,0,0,0,0,0,0,0
0,0,0,0,0,0,0,0,0,0,0,0,0,0,0,0
0,0,0,0,0,0,0,0,0,0,0,0,0,0,0,0
0,0,0,0,0,0,0,0,0,0,0,0,0,0,0,0
0,0,0,0,0,0,0,0,0,0,0,0,0,0,0,0
EXT 15,10 1 0,10
PAL 0

ROOM 1
0,0,0,0,0,0,0,0,0,0,0,0,0,0,0,0
0,0,0,0,0,0,0,0,0,0,0,0,0,0,0,0
0,0,0,0,0,0,0,0,0,0,0,0,0,0,0,0
0,0,0,z,k,d,w,0,d,e,r,x,w,0,0,0
0,0,0,0,0,0,0,0,0,0,0,0,0,0,0,0
0,0,0,0,0,0,k,h,u,h,18,0,0,0,0,0
0,0,0,0,0,0,0,0,0,0,0,0,0,0,0,0
0,0,0,0,0,0,0,0,0,0,0,0,0,0,0,0
0,0,0,0,0,0,0,a,a,0,0,0,0,0,0,0
0,0,0,0,0,0,0,0,a,0,0,0,0,0,0,0
0,0,0,0,0,0,0,0,0,0,0,0,0,0,0,b
0,0,0,0,0,0,0,0,0,0,0,0,0,0,0,0
0,0,0,0,0,0,0,0,0,0,0,0,0,0,0,0
0,0,0,0,0,0,0,0,0,0,0,0,0,0,0,0
0,0,0,0,0,0,0,0,0,0,0,0,0,0,0,0
0,0,0,0,0,0,0,0,0,0,0,0,0,0,0,0
EXT 15,10 2 0,10
EXT 7,9 3 7,9
PAL 0

ROOM 2
0,0,0,0,0,0,0,0,0,0,0,0,0,0,0,0
0,0,0,0,0,0,0,0,0,0,0,0,0,0,0,0
0,0,0,0,0,0,0,0,0,0,0,0,0,0,0,0
0,0,0,0,0,0,0,0,0,0,0,0,0,0,0,0
0,0,0,0,0,p,d,11,e,h,0,0,0,0,0,0
0,0,0,0,0,0,0,0,0,0,0,0,0,0,0,0
0,0,0,0,0,0,0,0,k,h,u,h,18,0,0,0
0,0,0,0,0,0,0,0,0,0,0,0,0,0,0,0
0,0,0,0,0,0,0,0,0,0,0,0,0,0,0,0
0,0,0,0,0,0,a,0,a,a,0,0,0,0,0,0
0,0,0,0,0,0,a,a,a,a,0,0,0,0,0,b
0,0,0,0,0,0,a,a,a,a,0,0,0,0,0,0
0,0,0,0,0,0,a,a,a,a,0,0,0,0,0,0
0,0,0,0,0,0,0,0,0,0,0,0,0,0,0,0
0,0,0,0,0,0,0,0,0,0,0,0,0,0,0,0
0,0,0,0,0,0,0,0,0,0,0,0,0,0,0,0
EXT 7,9 5 7,9
EXT 15,10 l 0,10
PAL 0

ROOM 3
0,0,0,0,0,0,0,0,0,0,0,0,0,0,0,0
0,0,0,0,0,0,0,0,0,0,0,0,0,0,0,0
0,0,0,0,0,0,0,0,0,0,0,0,0,0,0,0
0,0,0,z,k,d,w,0,d,e,r,x,w,0,0,0
0,0,0,0,0,0,0,0,0,0,0,0,0,0,0,0
0,0,0,0,0,0,k,h,u,h,18,0,0,0,0,0
0,0,0,0,0,0,0,0,0,0,0,0,0,0,0,0
0,0,0,0,0,0,0,0,0,0,0,0,0,0,0,0
0,0,0,0,0,0,0,0,a,0,0,0,0,0,0,0
0,0,0,0,0,0,0,0,0,0,0,0,0,0,0,0
0,0,0,0,0,0,0,0,0,0,0,0,0,0,0,b
0,0,0,0,0,0,0,0,0,0,0,0,0,0,0,0
0,0,0,0,0,0,0,0,0,0,0,0,0,0,0,0
0,0,0,0,0,0,0,0,0,0,0,0,0,0,0,0
0,0,0,0,0,0,0,0,0,0,0,0,0,0,0,0
0,0,0,0,0,0,0,0,0,0,0,0,0,0,0,0
EXT 6,9 1 6,9
EXT 6,8 1 6,8
EXT 7,7 1 7,7
EXT 8,7 1 8,7
EXT 9,8 1 9,8
EXT 9,9 1 9,9
EXT 8,10 1 8,10
EXT 7,10 1 7,10
EXT 15,10 2 0,10
EXT 7,8 4 7,8
EXT 8,9 4 8,9
PAL 0

ROOM 4
0,0,0,0,0,0,0,0,0,0,0,0,0,0,0,0
0,0,0,0,0,0,0,0,0,0,0,0,0,0,0,0
0,0,0,0,0,0,0,0,0,0,0,0,0,0,0,0
0,0,0,z,k,d,w,0,d,e,r,x,w,0,0,0
0,0,0,0,0,0,0,0,0,0,0,0,0,0,0,0
0,0,0,0,0,0,k,h,u,h,18,0,0,0,0,0
0,0,0,0,0,0,0,0,0,0,0,0,0,0,0,0
0,0,0,0,0,0,0,0,0,0,0,0,0,0,0,0
0,0,0,0,0,0,0,a,0,0,0,0,0,0,0,0
0,0,0,0,0,0,0,0,a,0,0,0,0,0,0,0
0,0,0,0,0,0,0,0,0,0,0,0,0,0,0,b
0,0,0,0,0,0,0,0,0,0,0,0,0,0,0,0
0,0,0,0,0,0,0,0,0,0,0,0,0,0,0,0
0,0,0,0,0,0,0,0,0,0,0,0,0,0,0,0
0,0,0,0,0,0,0,0,0,0,0,0,0,0,0,0
0,0,0,0,0,0,0,0,0,0,0,0,0,0,0,0
EXT 6,9 1 6,9
EXT 6,8 1 6,8
EXT 7,7 1 7,7
EXT 8,7 1 8,7
EXT 9,8 1 9,8
EXT 9,9 1 9,9
EXT 8,10 1 8,10
EXT 7,10 1 7,10
EXT 15,10 2 0,10
EXT 7,9 3 7,9
EXT 8,8 3 8,8
PAL 0

ROOM 5
0,0,0,0,0,0,0,0,0,0,0,0,0,0,0,0
0,0,0,0,0,0,0,0,0,0,0,0,0,0,0,0
0,0,0,0,0,0,0,0,0,0,0,0,0,0,0,0
0,0,0,0,0,0,0,0,0,0,0,0,0,0,0,0
0,0,0,0,0,p,d,11,e,h,0,0,0,0,0,0
0,0,0,0,0,0,0,0,0,0,0,0,0,0,0,0
0,0,0,0,0,0,0,0,k,h,u,h,18,0,0,0
0,0,0,0,0,0,0,0,0,0,0,0,0,0,0,0
0,0,0,0,0,0,0,0,0,0,0,0,0,0,0,0
0,0,0,0,0,0,0,0,0,a,0,0,0,0,0,0
0,0,0,0,0,0,a,0,a,a,0,0,0,0,0,b
0,0,0,0,0,0,a,a,a,a,0,0,0,0,0,0
0,0,0,0,0,0,a,a,a,a,0,0,0,0,0,0
0,0,0,0,0,0,0,0,0,0,0,0,0,0,0,0
0,0,0,0,0,0,0,0,0,0,0,0,0,0,0,0
0,0,0,0,0,0,0,0,0,0,0,0,0,0,0,0
EXT 7,8 2 7,8
EXT 6,9 6 6,9
EXT 7,10 a 7,10
EXT 8,9 7 8,9
PAL 0

ROOM 6
0,0,0,0,0,0,0,0,0,0,0,0,0,0,0,0
0,0,0,0,0,0,0,0,0,0,0,0,0,0,0,0
0,0,0,0,0,0,0,0,0,0,0,0,0,0,0,0
0,0,0,0,0,0,0,0,0,0,0,0,0,0,0,0
0,0,0,0,0,p,d,11,e,h,0,0,0,0,0,0
0,0,0,0,0,0,0,0,0,0,0,0,0,0,0,0
0,0,0,0,0,0,0,0,k,h,u,h,18,0,0,0
0,0,0,0,0,0,0,0,0,0,0,0,0,0,0,0
0,0,0,0,0,0,0,0,0,0,0,0,0,0,0,0
0,0,0,0,0,0,a,0,a,a,0,0,0,0,0,0
0,0,0,0,0,0,0,a,a,a,0,0,0,0,0,b
0,0,0,0,0,0,a,a,a,a,0,0,0,0,0,0
0,0,0,0,0,0,a,a,a,a,0,0,0,0,0,0
0,0,0,0,0,0,0,0,0,0,0,0,0,0,0,0
0,0,0,0,0,0,0,0,0,0,0,0,0,0,0,0
0,0,0,0,0,0,0,0,0,0,0,0,0,0,0,0
EXT 7,9 5 7,9
EXT 6,8 2 6,8
EXT 5,9 2 5,9
EXT 6,10 9 6,10
PAL 0

ROOM 7
0,0,0,0,0,0,0,0,0,0,0,0,0,0,0,0
0,0,0,0,0,0,0,0,0,0,0,0,0,0,0,0
0,0,0,0,0,0,0,0,0,0,0,0,0,0,0,0
0,0,0,0,0,0,0,0,0,0,0,0,0,0,0,0
0,0,0,0,0,p,d,11,e,h,0,0,0,0,0,0
0,0,0,0,0,0,0,0,0,0,0,0,0,0,0,0
0,0,0,0,0,0,0,0,k,h,u,h,18,0,0,0
0,0,0,0,0,0,0,0,0,0,0,0,0,0,0,0
0,0,0,0,0,0,0,0,0,0,0,0,0,0,0,0
0,0,0,0,0,0,a,0,a,0,0,0,0,0,0,0
0,0,0,0,0,0,a,a,0,a,0,0,0,0,0,b
0,0,0,0,0,0,a,a,a,a,0,0,0,0,0,0
0,0,0,0,0,0,a,a,a,a,0,0,0,0,0,0
0,0,0,0,0,0,0,0,0,0,0,0,0,0,0,0
0,0,0,0,0,0,0,0,0,0,0,0,0,0,0,0
0,0,0,0,0,0,0,0,0,0,0,0,0,0,0,0
EXT 7,9 5 7,9
EXT 8,8 2 8,8
EXT 9,9 8 9,9
EXT 8,10 b 8,10
PAL 0

ROOM 8
0,0,0,0,0,0,0,0,0,0,0,0,0,0,0,0
0,0,0,0,0,0,0,0,0,0,0,0,0,0,0,0
0,0,0,0,0,0,0,0,0,0,0,0,0,0,0,0
0,0,0,0,0,0,0,0,0,0,0,0,0,0,0,0
0,0,0,0,0,p,d,11,e,h,0,0,0,0,0,0
0,0,0,0,0,0,0,0,0,0,0,0,0,0,0,0
0,0,0,0,0,0,0,0,k,h,u,h,18,0,0,0
0,0,0,0,0,0,0,0,0,0,0,0,0,0,0,0
0,0,0,0,0,0,0,0,0,0,0,0,0,0,0,0
0,0,0,0,0,0,a,0,0,a,0,0,0,0,0,0
0,0,0,0,0,0,a,a,a,0,0,0,0,0,0,b
0,0,0,0,0,0,a,a,a,a,0,0,0,0,0,0
0,0,0,0,0,0,a,a,a,a,0,0,0,0,0,0
0,0,0,0,0,0,0,0,0,0,0,0,0,0,0,0
0,0,0,0,0,0,0,0,0,0,0,0,0,0,0,0
0,0,0,0,0,0,0,0,0,0,0,0,0,0,0,0
EXT 9,8 2 9,8
EXT 10,9 2 10,9
EXT 8,9 7 8,9
EXT 9,10 c 9,10
PAL 0

ROOM 9
0,0,0,0,0,0,0,0,0,0,0,0,0,0,0,0
0,0,0,0,0,0,0,0,0,0,0,0,0,0,0,0
0,0,0,0,0,0,0,0,0,0,0,0,0,0,0,0
0,0,0,0,0,0,0,0,0,0,0,0,0,0,0,0
0,0,0,0,0,p,d,11,e,h,0,0,0,0,0,0
0,0,0,0,0,0,0,0,0,0,0,0,0,0,0,0
0,0,0,0,0,0,0,0,k,h,u,h,18,0,0,0
0,0,0,0,0,0,0,0,0,0,0,0,0,0,0,0
0,0,0,0,0,0,0,0,0,0,0,0,0,0,0,0
0,0,0,0,0,0,0,0,a,a,0,0,0,0,0,0
0,0,0,0,0,0,a,0,a,a,0,0,0,0,0,b
0,0,0,0,0,0,0,a,a,a,0,0,0,0,0,0
0,0,0,0,0,0,a,a,a,a,0,0,0,0,0,0
0,0,0,0,0,0,0,0,0,0,0,0,0,0,0,0
0,0,0,0,0,0,0,0,0,0,0,0,0,0,0,0
0,0,0,0,0,0,0,0,0,0,0,0,0,0,0,0
EXT 5,10 2 5,10
EXT 6,9 6 6,9
EXT 7,10 a 7,10
EXT 6,11 d 6,11
PAL 0

ROOM 10
0,0,0,0,0,0,0,0,0,0,0,0,0,0,0,0
0,z,k,11,0,f,d,q,15,w,0,l,0,0,0,0
0,0,0,i,l,q,g,0,d,0,s,o,d,f,h,0
0,i,r,u,0,p,11,v,h,o,i,18,0,0,0,0
0,0,0,0,0,0,0,0,0,0,0,0,0,0,0,0
0,0,0,0,0,0,0,0,0,0,0,0,0,0,0,0
0,0,0,0,0,0,0,0,0,0,0,0,0,0,0,0
0,0,0,0,0,a,0,a,0,a,0,0,0,0,0,0
0,0,0,0,a,0,0,0,a,0,0,0,0,0,0,0
0,0,0,0,0,0,0,0,0,a,0,0,0,0,0,0
0,0,0,0,0,0,0,0,0,0,0,0,0,0,0,b
0,0,0,0,0,0,0,0,0,a,0,0,0,0,0,0
0,0,0,0,a,0,0,0,a,0,0,0,0,0,0,0
0,0,0,0,0,0,0,0,0,0,0,0,0,0,0,0
0,0,0,0,0,0,0,0,0,0,0,0,0,0,0,0
0,0,0,0,0,0,0,0,0,0,0,0,0,0,0,0
EXT 6,9 o 6,9
EXT 6,11 q 6,11
EXT 5,10 v 5,10
EXT 7,10 w 7,10
PAL 0

ROOM 11
0,0,0,0,0,0,0,0,0,0,0,0,0,0,0,0
0,z,k,11,0,f,d,q,15,w,0,l,0,0,0,0
0,0,0,i,l,q,g,0,d,0,s,o,d,f,h,0
0,i,r,u,0,p,11,v,h,o,i,18,0,0,0,0
0,0,0,0,0,0,0,0,0,0,0,0,0,0,0,0
0,0,0,0,0,0,0,0,0,0,0,0,0,0,0,0
0,0,0,0,0,0,0,0,0,0,0,0,0,0,0,0
0,0,0,0,0,a,0,a,0,a,0,0,0,0,0,0
0,0,0,0,0,0,a,0,0,0,a,0,0,0,0,0
0,0,0,0,0,a,0,0,0,0,0,0,0,0,0,0
0,0,0,0,0,0,0,0,0,0,0,0,0,0,0,b
0,0,0,0,0,a,0,0,0,0,0,0,0,0,0,0
0,0,0,0,0,0,a,0,0,0,a,0,0,0,0,0
0,0,0,0,0,0,0,0,0,0,0,0,0,0,0,0
0,0,0,0,0,0,0,0,0,0,0,0,0,0,0,0
0,0,0,0,0,0,0,0,0,0,0,0,0,0,0,0
EXT 7,10 w 7,10
EXT 9,10 x 9,10
EXT 8,9 p 8,9
EXT 8,11 r 8,11
PAL 0

ROOM 12
0,0,0,0,0,0,0,0,0,0,0,0,0,0,0,0
0,0,0,0,0,0,0,0,0,0,0,0,0,0,0,0
0,0,0,0,a,a,a,a,a,a,0,0,0,0,0,0
0,0,0,0,a,0,0,0,0,a,0,0,0,0,0,0
0,0,0,0,a,0,a,a,0,a,0,0,0,0,0,0
0,0,0,0,a,0,a,a,0,a,0,0,0,0,0,0
0,0,0,0,a,0,a,a,0,a,0,0,0,0,0,0
0,0,0,0,a,0,a,a,0,a,0,0,0,0,0,0
0,0,0,0,a,0,a,a,0,a,0,0,0,0,0,0
a,a,a,a,a,a,a,a,0,a,a,a,a,a,a,a
0,0,0,0,0,0,0,0,0,a,0,0,0,0,0,b
a,a,a,a,a,a,a,a,a,a,a,a,a,a,a,a
0,l,0,v,k,r,x,o,g,0,i,l,q,g,0,0
0,v,r,p,h,w,k,l,q,j,0,r,w,k,h,u
0,w,k,d,q,0,v,t,x,d,u,h,v,0,w,r
0,i,l,w,0,l,q,w,r,13,0,0,0,0,0,0
EXT 5,8 13 5,8
PAL 0

ROOM 13
0,0,0,0,0,0,0,0,0,0,0,0,0,0,0,0
0,0,0,0,0,0,0,0,0,0,0,0,0,0,0,0
0,0,0,0,a,a,a,a,a,a,0,0,0,0,0,0
0,0,0,0,a,0,0,0,0,a,0,0,0,0,0,0
0,0,0,0,a,0,a,a,0,a,0,0,0,0,0,0
0,0,0,0,a,0,a,a,0,a,0,0,0,0,0,0
0,0,0,0,a,0,a,a,0,a,0,0,0,0,0,0
0,0,0,0,a,0,a,a,0,a,0,0,0,0,0,0
0,0,0,0,a,0,a,a,0,a,0,0,0,0,0,0
a,a,a,a,a,0,a,a,a,a,a,a,a,a,a,a
0,0,0,0,a,0,0,0,0,0,0,0,0,0,0,b
a,a,a,a,a,a,a,a,a,a,a,a,a,a,a,a
0,l,0,v,k,r,x,o,g,0,i,l,q,g,0,0
0,v,r,p,h,w,k,l,q,j,0,r,w,k,h,u
0,w,k,d,q,0,v,t,x,d,u,h,v,0,w,r
0,i,l,w,0,l,q,w,r,13,0,0,0,0,0,0
EXT 8,8 12 8,8
EXT 15,10 14 0,10
PAL 0

ROOM 14
0,0,0,0,0,0,0,0,0,0,0,0,0,0,0,0
0,0,0,0,0,0,0,0,0,0,0,0,0,0,0,0
0,0,1i,1g,1g,1g,1g,1e,0,1f,1g,1g,1g,1g,1i,0
0,0,1h,0,0,0,0,0,0,0,0,0,0,0,1h,0
0,0,1h,0,0,0,0,0,0,0,0,0,0,0,1h,0
0,0,1h,0,0,0,0,0,0,0,0,0,0,0,1h,0
0,0,1h,0,0,0,0,0,0,0,0,0,0,0,1h,0
0,0,1h,0,0,0,0,0,0,0,0,0,0,0,1h,0
0,0,1i,1g,1j,0,0,0,0,0,0,0,1j,1g,1i,0
0,0,0,0,0,0,0,0,0,0,0,0,0,0,0,0
0,0,0,0,0,0,0,0,0,0,0,0,0,0,0,b
0,0,0,0,0,0,0,0,0,0,0,0,0,0,0,0
0,0,0,0,f,d,q,0,l,0,i,l,w,0,0,0
0,l,q,0,z,l,w,k,0,0,0,0,0,0,0,0
0,h,o,h,f,w,u,r,q,l,f,v,18,0,0,0
0,0,0,0,0,0,0,0,0,0,0,0,0,0,0,0
EXT 8,2 15 8,2
EXT 15,10 16 0,10
PAL 0

ROOM 15
0,0,0,0,0,0,0,0,0,0,0,0,0,0,0,0
0,0,0,0,0,0,0,0,1n,0,0,0,0,0,0,0
0,0,1k,1m,1m,1m,1m,1e,0,1f,1m,1m,1m,1m,1k,0
0,0,1l,0,0,0,0,0,1n,0,0,0,0,0,1l,0
0,0,1l,0,0,0,0,0,0,0,0,0,0,0,1l,0
0,0,1l,0,0,0,0,0,0,0,0,0,0,0,1l,0
0,0,1l,0,0,0,0,0,0,0,0,0,0,0,1l,0
0,0,1l,0,0,1n,1n,1n,1n,1n,1n,1n,0,0,1l,0
0,0,1k,1m,1j,q,r,0,z,d,11,17,1j,1m,1k,0
0,0,0,0,0,1n,1n,1n,1n,1n,1n,1n,0,0,0,0
0,0,0,0,0,0,0,0,0,0,0,0,0,0,0,b
0,0,0,0,0,0,0,0,0,0,0,0,0,0,0,0
0,0,0,0,f,d,q,0,l,0,i,l,w,0,0,0
0,l,q,0,z,l,w,k,0,0,0,0,0,0,0,0
0,h,o,h,f,w,u,r,q,l,f,v,18,0,0,0
0,0,0,0,0,0,0,0,0,0,0,0,0,0,0,0
EXT 8,3 14 8,3
EXT 8,1 14 8,1
PAL 0

ROOM 16
0,0,0,0,0,0,0,0,0,0,0,0,0,0,0,0
0,z,k,d,w,0,d,e,r,x,w,0,0,0,0,0
0,0,0,0,0,k,h,u,h,18,0,0,0,0,0,0
0,0,0,0,0,0,0,0,0,0,0,0,0,0,0,0
0,0,0,1o,0,0,0,0,0,0,0,1p,0,0,0,0
0,0,0,a,a,a,a,a,0,a,a,a,0,0,0,0
0,0,0,19,a,a,a,a,a,a,a,19,0,0,0,0
0,0,0,a,a,1d,1b,1c,1b,1d,a,a,0,0,0,0
0,0,0,0,a,a,a,a,a,a,a,0,0,0,0,0
0,0,0,0,a,1p,a,28,a,1o,a,0,0,0,0,0
0,0,0,1p,a,0,0,0,0,0,a,1o,0,0,0,b
0,0,0,0,0,0,0,0,0,0,0,0,0,0,0,0
0,0,0,0,0,0,0,0,0,0,0,0,0,0,0,0
0,0,0,0,0,0,0,0,0,0,0,0,0,0,0,0
0,0,0,0,0,0,0,0,0,0,0,0,0,0,0,0
0,0,0,0,0,0,0,0,0,0,0,0,0,0,0,0
EXT 8,5 17 8,5
EXT 15,10 18 0,10
PAL 0

ROOM 17
q,r,17,0,q,r,17,0,q,r,17,0,q,r,17,0
0,q,r,17,0,q,r,17,0,q,r,17,0,q,r,17
q,r,17,0,q,r,17,0,q,r,17,0,q,r,17,0
0,0,0,0,0,0,0,0,0,0,0,0,0,0,0,0
0,0,0,1o,0,0,0,0,1n,0,0,1p,0,0,0,0
0,0,0,a,a,a,a,a,0,a,a,a,0,0,0,0
0,0,0,1q,a,a,a,a,a,a,a,1q,0,0,0,0
0,0,0,a,a,1a,1a,1a,1a,1a,a,a,0,0,0,0
0,0,0,0,a,a,a,a,a,a,a,0,0,0,0,0
0,0,0,0,a,1p,a,0,a,1o,a,0,0,0,0,0
0,0,0,1p,a,0,0,0,0,0,a,1o,0,0,0,b
0,0,0,0,0,0,0,0,0,0,0,0,0,0,0,0
0,0,0,0,0,0,0,0,0,0,0,0,0,0,0,0
q,r,17,0,q,r,17,0,q,r,17,0,q,r,17,0
0,q,r,17,0,q,r,17,0,q,r,17,0,q,r,17
q,r,17,0,q,r,17,0,q,r,17,0,q,r,17,0
EXT 8,4 16 8,4
PAL 1

ROOM 18
0,0,0,0,0,0,0,0,0,0,0,0,0,0,0,0
0,0,s,h,u,k,d,s,v,0,l,0,f,d,q,0
0,e,h,0,d,0,k,r,p,h,p,d,n,h,u,18
0,0,0,0,0,0,0,0,0,0,0,0,0,0,0,0
0,0,0,0,0,0,0,0,0,0,0,0,0,0,0,0
0,0,0,0,0,0,0,0,0,0,0,0,0,0,0,0
0,0,0,0,0,a,1p,a,a,a,1o,0,0,0,0,0
0,0,0,0,0,a,a,a,a,a,a,1o,0,0,0,0
0,0,0,0,1p,a,a,a,a,a,a,a,1o,0,0,0
0,0,0,0,0,a,a,a,a,a,a,a,0,0,0,0
0,0,0,0,0,a,1s,a,a,a,1s,0,0,0,0,b
0,0,0,0,0,a,a,a,a,a,a,a,0,0,0,0
0,0,0,0,0,a,a,a,a,1r,a,a,0,0,0,0
0,0,0,0,0,0,0,0,0,0,0,0,0,0,0,0
0,0,0,0,0,0,0,0,0,0,0,0,0,0,0,0
0,0,0,0,0,0,0,0,0,0,0,0,0,0,0,0
EXT 11,10 19 11,10
EXT 15,10 1a 0,10
PAL 0

ROOM 19
0,0,0,0,0,0,0,0,0,0,0,0,0,0,0,0
0,0,s,h,u,k,d,s,v,0,l,0,f,d,q,0
0,e,h,0,d,0,k,r,p,h,p,d,n,h,u,18
0,0,0,0,0,0,0,0,0,0,0,0,0,0,0,0
0,0,0,0,0,0,0,0,0,0,0,0,0,0,0,0
0,0,0,13,13,13,r,u,0,q,r,w,13,13,13,0
0,0,0,0,0,0,0,0,0,0,0,0,0,0,0,0
0,0,0,0,0,0,0,0,0,0,0,0,0,0,0,0
0,0,0,0,0,0,0,0,0,0,0,0,0,0,0,0
0,0,0,0,0,0,0,0,1w,0,1l,0,0,0,0,0
0,0,0,0,0,1l,0,0,1y,1w,1l,0,0,0,0,b
0,0,0,0,1l,1l,1x,0,0,1v,1w,0,1l,0,0,0
0,0,0,0,1u,1t,1v,1u,1t,1r,1v,1u,1t,0,0,0
0,0,0,0,0,0,0,0,0,0,0,0,0,0,0,0
0,0,0,0,0,0,0,0,0,0,0,0,0,0,0,0
0,0,0,0,0,0,0,0,0,0,0,0,0,0,0,0
EXT 15,10 1a 0,10
PAL 0

ROOM a
0,0,0,0,0,0,0,0,0,0,0,0,0,0,0,0
0,0,0,0,0,0,0,0,0,0,0,0,0,0,0,0
0,0,0,0,0,0,0,0,0,0,0,0,0,0,0,0
0,0,0,0,0,0,0,0,0,0,0,0,0,0,0,0
0,0,0,0,0,p,d,11,e,h,0,0,0,0,0,0
0,0,0,0,0,0,0,0,0,0,0,0,0,0,0,0
0,0,0,0,0,0,0,0,k,h,u,h,18,0,0,0
0,0,0,0,0,0,0,0,0,0,0,0,0,0,0,0
0,0,0,0,0,0,0,0,0,0,0,0,0,0,0,0
0,0,0,0,0,0,a,0,a,a,0,0,0,0,0,0
0,0,0,0,0,0,0,a,0,a,0,0,0,0,0,b
0,0,0,0,0,0,a,0,a,a,0,0,0,0,0,0
0,0,0,0,0,0,a,a,a,a,0,0,0,0,0,0
0,0,0,0,0,0,0,0,0,0,0,0,0,0,0,0
0,0,0,0,0,0,0,0,0,0,0,0,0,0,0,0
0,0,0,0,0,0,0,0,0,0,0,0,0,0,0,0
EXT 7,9 5 7,9
EXT 6,10 9 6,10
EXT 8,10 b 8,10
EXT 7,11 e 7,11
PAL 0

ROOM b
0,0,0,0,0,0,0,0,0,0,0,0,0,0,0,0
0,0,0,0,0,0,0,0,0,0,0,0,0,0,0,0
0,0,0,0,0,0,0,0,0,0,0,0,0,0,0,0
0,0,0,0,0,0,0,0,0,0,0,0,0,0,0,0
0,0,0,0,0,p,d,11,e,h,0,0,0,0,0,0
0,0,0,0,0,0,0,0,0,0,0,0,0,0,0,0
0,0,0,0,0,0,0,0,k,h,u,h,18,0,0,0
0,0,0,0,0,0,0,0,0,0,0,0,0,0,0,0
0,0,0,0,0,0,0,0,0,0,0,0,0,0,0,0
0,0,0,0,0,0,a,0,0,a,0,0,0,0,0,0
0,0,0,0,0,0,a,0,a,0,0,0,0,0,0,b
0,0,0,0,0,0,a,a,0,a,0,0,0,0,0,0
0,0,0,0,0,0,a,a,a,a,0,0,0,0,0,0
0,0,0,0,0,0,0,0,0,0,0,0,0,0,0,0
0,0,0,0,0,0,0,0,0,0,0,0,0,0,0,0
0,0,0,0,0,0,0,0,0,0,0,0,0,0,0,0
EXT 8,9 7 8,9
EXT 9,10 c 9,10
EXT 7,10 a 7,10
EXT 8,11 f 8,11
PAL 0

ROOM c
0,0,0,0,0,0,0,0,0,0,0,0,0,0,0,0
0,0,0,0,0,0,0,0,0,0,0,0,0,0,0,0
0,0,0,0,0,0,0,0,0,0,0,0,0,0,0,0
0,0,0,0,0,0,0,0,0,0,0,0,0,0,0,0
0,0,0,0,0,p,d,11,e,h,0,0,0,0,0,0
0,0,0,0,0,0,0,0,0,0,0,0,0,0,0,0
0,0,0,0,0,0,0,0,k,h,u,h,18,0,0,0
0,0,0,0,0,0,0,0,0,0,0,0,0,0,0,0
0,0,0,0,0,0,0,0,0,0,0,0,0,0,0,0
0,0,0,0,0,0,a,0,a,0,0,0,0,0,0,0
0,0,0,0,0,0,a,a,0,a,0,0,0,0,0,b
0,0,0,0,0,0,a,a,a,0,0,0,0,0,0,0
0,0,0,0,0,0,a,a,a,a,0,0,0,0,0,0
0,0,0,0,0,0,0,0,0,0,0,0,0,0,0,0
0,0,0,0,0,0,0,0,0,0,0,0,0,0,0,0
0,0,0,0,0,0,0,0,0,0,0,0,0,0,0,0
EXT 10,10 2 10,10
EXT 9,9 8 9,9
EXT 8,10 b 8,10
EXT 9,11 g 9,11
PAL 0

ROOM d
0,0,0,0,0,0,0,0,0,0,0,0,0,0,0,0
0,0,0,0,0,0,0,0,0,0,0,0,0,0,0,0
0,0,0,0,0,0,0,0,0,0,0,0,0,0,0,0
0,0,0,0,0,0,0,0,0,0,0,0,0,0,0,0
0,0,0,0,0,p,d,11,e,h,0,0,0,0,0,0
0,0,0,0,0,0,0,0,0,0,0,0,0,0,0,0
0,0,0,0,0,0,0,0,k,h,u,h,18,0,0,0
0,0,0,0,0,0,0,0,0,0,0,0,0,0,0,0
0,0,0,0,0,0,0,0,0,0,0,0,0,0,0,0
0,0,0,0,0,0,a,0,a,a,0,0,0,0,0,0
0,0,0,0,0,0,0,a,a,a,0,0,0,0,0,b
0,0,0,0,0,0,a,0,a,a,0,0,0,0,0,0
0,0,0,0,0,0,0,a,a,a,0,0,0,0,0,0
0,0,0,0,0,0,0,0,0,0,0,0,0,0,0,0
0,0,0,0,0,0,0,0,0,0,0,0,0,0,0,0
0,0,0,0,0,0,0,0,0,0,0,0,0,0,0,0
EXT 6,10 9 6,10
EXT 7,11 e 7,11
EXT 5,11 2 5,11
EXT 6,12 h 6,12
PAL 0

ROOM e
0,0,0,0,0,0,0,0,0,0,0,0,0,0,0,0
0,0,0,0,0,0,0,0,0,0,0,0,0,0,0,0
0,0,0,0,0,0,0,0,0,0,0,0,0,0,0,0
0,0,0,0,0,0,0,0,0,0,0,0,0,0,0,0
0,0,0,0,0,p,d,11,e,h,0,0,0,0,0,0
0,0,0,0,0,0,0,0,0,0,0,0,0,0,0,0
0,0,0,0,0,0,0,0,k,h,u,h,18,0,0,0
0,0,0,0,0,0,0,0,0,0,0,0,0,0,0,0
0,0,0,0,0,0,0,0,0,0,0,0,0,0,0,0
0,0,0,0,0,0,a,0,a,a,0,0,0,0,0,0
0,0,0,0,0,0,a,0,a,a,0,0,0,0,0,b
0,0,0,0,0,0,0,a,0,a,0,0,0,0,0,0
0,0,0,0,0,0,a,0,a,a,0,0,0,0,0,0
0,0,0,0,0,0,0,0,0,0,0,0,0,0,0,0
0,0,0,0,0,0,0,0,0,0,0,0,0,0,0,0
0,0,0,0,0,0,0,0,0,0,0,0,0,0,0,0
EXT 7,10 a 7,10
EXT 6,11 d 6,11
EXT 8,11 f 8,11
EXT 7,12 i 7,12
PAL 0

ROOM f
0,0,0,0,0,0,0,0,0,0,0,0,0,0,0,0
0,0,0,0,0,0,0,0,0,0,0,0,0,0,0,0
0,0,0,0,0,0,0,0,0,0,0,0,0,0,0,0
0,0,0,0,0,0,0,0,0,0,0,0,0,0,0,0
0,0,0,0,0,p,d,11,e,h,0,0,0,0,0,0
0,0,0,0,0,0,0,0,0,0,0,0,0,0,0,0
0,0,0,0,0,0,0,0,k,h,u,h,18,0,0,0
0,0,0,0,0,0,0,0,0,0,0,0,0,0,0,0
0,0,0,0,0,0,0,0,0,0,0,0,0,0,0,0
0,0,0,0,0,0,a,0,a,a,0,0,0,0,0,0
0,0,0,0,0,0,a,a,0,a,0,0,0,0,0,b
0,0,0,0,0,0,a,0,a,0,0,0,0,0,0,0
0,0,0,0,0,0,a,a,0,a,0,0,0,0,0,0
0,0,0,0,0,0,0,0,0,0,0,0,0,0,0,0
0,0,0,0,0,0,0,0,0,0,0,0,0,0,0,0
0,0,0,0,0,0,0,0,0,0,0,0,0,0,0,0
EXT 8,10 b 8,10
EXT 7,11 e 7,11
EXT 9,11 g 9,11
EXT 8,12 j 8,12
PAL 0

ROOM g
0,0,0,0,0,0,0,0,0,0,0,0,0,0,0,0
0,0,0,0,0,0,0,0,0,0,0,0,0,0,0,0
0,0,0,0,0,0,0,0,0,0,0,0,0,0,0,0
0,0,0,0,0,0,0,0,0,0,0,0,0,0,0,0
0,0,0,0,0,p,d,11,e,h,0,0,0,0,0,0
0,0,0,0,0,0,0,0,0,0,0,0,0,0,0,0
0,0,0,0,0,0,0,0,k,h,u,h,18,0,0,0
0,0,0,0,0,0,0,0,0,0,0,0,0,0,0,0
0,0,0,0,0,0,0,0,0,0,0,0,0,0,0,0
0,0,0,0,0,0,a,0,a,a,0,0,0,0,0,0
0,0,0,0,0,0,a,a,a,0,0,0,0,0,0,b
0,0,0,0,0,0,a,a,0,a,0,0,0,0,0,0
0,0,0,0,0,0,a,a,a,0,0,0,0,0,0,0
0,0,0,0,0,0,0,0,0,0,0,0,0,0,0,0
0,0,0,0,0,0,0,0,0,0,0,0,0,0,0,0
0,0,0,0,0,0,0,0,0,0,0,0,0,0,0,0
EXT 10,11 2 10,11
EXT 9,10 c 9,10
EXT 8,11 f 8,11
EXT 9,12 k 9,12
PAL 0

ROOM h
0,0,0,0,0,0,0,0,0,0,0,0,0,0,0,0
0,0,0,0,0,0,0,0,0,0,0,0,0,0,0,0
0,0,0,0,0,0,0,0,0,0,0,0,0,0,0,0
0,0,0,0,0,0,0,0,0,0,0,0,0,0,0,0
0,0,0,0,0,p,d,11,e,h,0,0,0,0,0,0
0,0,0,0,0,0,0,0,0,0,0,0,0,0,0,0
0,0,0,0,0,0,0,0,k,h,u,h,18,0,0,0
0,0,0,0,0,0,0,0,0,0,0,0,0,0,0,0
0,0,0,0,0,0,0,0,0,0,0,0,0,0,0,0
0,0,0,0,0,0,a,0,a,a,0,0,0,0,0,0
0,0,0,0,0,0,a,a,a,a,0,0,0,0,0,b
0,0,0,0,0,0,0,a,a,a,0,0,0,0,0,0
0,0,0,0,0,0,a,0,a,a,0,0,0,0,0,0
0,0,0,0,0,0,0,0,0,0,0,0,0,0,0,0
0,0,0,0,0,0,0,0,0,0,0,0,0,0,0,0
0,0,0,0,0,0,0,0,0,0,0,0,0,0,0,0
EXT 5,12 2 5,12
EXT 6,13 2 6,13
EXT 6,11 d 6,11
EXT 7,12 i 7,12
PAL 0

ROOM i
0,0,0,0,0,0,0,0,0,0,0,0,0,0,0,0
0,0,0,0,0,0,0,0,0,0,0,0,0,0,0,0
0,0,0,0,0,0,0,0,0,0,0,0,0,0,0,0
0,0,0,0,0,0,0,0,0,0,0,0,0,0,0,0
0,0,0,0,0,p,d,11,e,h,0,0,0,0,0,0
0,0,0,0,0,0,0,0,0,0,0,0,0,0,0,0
0,0,0,0,0,0,0,0,k,h,u,h,18,0,0,0
0,0,0,0,0,0,0,0,0,0,0,0,0,0,0,0
0,0,0,0,0,0,0,0,0,0,0,0,0,0,0,0
0,0,0,0,0,0,a,0,a,a,0,0,0,0,0,0
0,0,0,0,0,0,a,a,a,a,0,0,0,0,0,b
0,0,0,0,0,0,a,0,a,a,0,0,0,0,0,0
0,0,0,0,0,0,0,a,0,a,0,0,0,0,0,0
0,0,0,0,0,0,0,0,0,0,0,0,0,0,0,0
0,0,0,0,0,0,0,0,0,0,0,0,0,0,0,0
0,0,0,0,0,0,0,0,0,0,0,0,0,0,0,0
EXT 7,11 e 7,11
EXT 6,12 h 6,12
EXT 8,12 j 8,12
EXT 7,13 2 7,13
PAL 0

ROOM j
0,0,0,0,0,0,0,0,0,0,0,0,0,0,0,0
0,0,0,0,0,0,0,0,0,0,0,0,0,0,0,0
0,0,0,0,0,0,0,0,0,0,0,0,0,0,0,0
0,0,0,0,0,0,0,0,0,0,0,0,0,0,0,0
0,0,0,0,0,p,d,11,e,h,0,0,0,0,0,0
0,0,0,0,0,0,0,0,0,0,0,0,0,0,0,0
0,0,0,0,0,0,0,0,k,h,u,h,18,0,0,0
0,0,0,0,0,0,0,0,0,0,0,0,0,0,0,0
0,0,0,0,0,0,0,0,0,0,0,0,0,0,0,0
0,0,0,0,0,0,a,0,a,a,0,0,0,0,0,0
0,0,0,0,0,0,a,a,a,a,0,0,0,0,0,b
0,0,0,0,0,0,a,a,0,a,0,0,0,0,0,0
0,0,0,0,0,0,a,0,a,0,0,0,0,0,0,0
0,0,0,0,0,0,0,0,0,0,0,0,0,0,0,0
0,0,0,0,0,0,0,0,0,0,0,0,0,0,0,0
0,0,0,0,0,0,0,0,0,0,0,0,0,0,0,0
EXT 8,13 2 8,13
EXT 7,12 i 7,12
EXT 8,11 f 8,11
EXT 9,12 k 9,12
PAL 0

ROOM k
0,0,0,0,0,0,0,0,0,0,0,0,0,0,0,0
0,0,0,0,0,0,0,0,0,0,0,0,0,0,0,0
0,0,0,0,0,0,0,0,0,0,0,0,0,0,0,0
0,0,0,0,0,0,0,0,0,0,0,0,0,0,0,0
0,0,0,0,0,p,d,11,e,h,0,0,0,0,0,0
0,0,0,0,0,0,0,0,0,0,0,0,0,0,0,0
0,0,0,0,0,0,0,0,k,h,u,h,18,0,0,0
0,0,0,0,0,0,0,0,0,0,0,0,0,0,0,0
0,0,0,0,0,0,0,0,0,0,0,0,0,0,0,0
0,0,0,0,0,0,a,0,a,a,0,0,0,0,0,0
0,0,0,0,0,0,a,a,a,a,0,0,0,0,0,b
0,0,0,0,0,0,a,a,a,0,0,0,0,0,0,0
0,0,0,0,0,0,a,a,0,a,0,0,0,0,0,0
0,0,0,0,0,0,0,0,0,0,0,0,0,0,0,0
0,0,0,0,0,0,0,0,0,0,0,0,0,0,0,0
0,0,0,0,0,0,0,0,0,0,0,0,0,0,0,0
EXT 9,11 g 9,11
EXT 8,12 j 8,12
EXT 10,12 2 10,12
EXT 9,13 2 9,13
PAL 0

ROOM l
0,0,0,0,0,0,0,0,0,0,0,0,0,0,0,0
0,z,k,11,0,f,d,q,15,w,0,l,0,0,0,0
0,0,0,i,l,q,g,0,d,0,s,o,d,f,h,0
0,i,r,u,0,p,11,v,h,o,i,18,0,0,0,0
0,0,0,0,0,0,0,0,0,0,0,0,0,0,0,0
0,0,0,0,0,0,0,0,0,0,0,0,0,0,0,0
0,0,0,0,0,0,0,0,0,0,0,0,0,0,0,0
0,0,0,0,0,a,0,a,0,a,0,0,0,0,0,0
0,0,0,0,0,0,0,0,0,0,0,0,0,0,0,0
0,0,0,0,0,a,0,a,0,a,0,0,0,0,0,0
0,0,0,0,0,0,0,0,0,0,0,0,0,0,0,b
0,0,0,0,0,a,0,a,0,a,0,0,0,0,0,0
0,0,0,0,0,0,0,0,0,0,0,0,0,0,0,0
0,0,0,0,0,0,0,0,0,0,0,0,0,0,0,0
0,0,0,0,0,0,0,0,0,0,0,0,0,0,0,0
0,0,0,0,0,0,0,0,0,0,0,0,0,0,0,0
EXT 5,8 s 5,8
EXT 6,7 m 6,7
EXT 8,7 n 8,7
EXT 9,8 u 9,8
EXT 5,10 v 5,10
EXT 6,11 q 6,11
EXT 8,11 r 8,11
EXT 9,10 x 9,10
EXT 15,10 12 0,10
PAL 0

ROOM m
0,0,0,0,0,0,0,0,0,0,0,0,0,0,0,0
0,z,k,11,0,f,d,q,15,w,0,l,0,0,0,0
0,0,0,i,l,q,g,0,d,0,s,o,d,f,h,0
0,i,r,u,0,p,11,v,h,o,i,18,0,0,0,0
0,0,0,0,0,0,0,0,0,0,0,0,0,0,0,0
0,0,0,0,0,0,0,0,0,0,0,0,0,0,0,0
0,0,0,0,0,0,0,0,0,0,0,0,0,0,0,0
0,0,0,0,a,0,0,0,a,a,0,0,0,0,0,0
0,0,0,0,0,0,0,0,0,0,0,0,0,0,0,0
0,0,0,0,0,a,0,a,0,a,0,0,0,0,0,0
0,0,0,0,0,0,0,0,0,0,0,0,0,0,0,b
0,0,0,0,0,a,0,a,0,a,0,0,0,0,0,0
0,0,0,0,0,0,0,0,0,0,0,0,0,0,0,0
0,0,0,0,0,0,0,0,0,0,0,0,0,0,0,0
0,0,0,0,0,0,0,0,0,0,0,0,0,0,0,0
0,0,0,0,0,0,0,0,0,0,0,0,0,0,0,0
EXT 6,6 l 6,6
EXT 5,6 l 5,6
EXT 7,6 l 7,6
EXT 5,8 s 5,8
EXT 6,8 y 6,8
EXT 7,8 t 7,8
PAL 0

ROOM n
0,0,0,0,0,0,0,0,0,0,0,0,0,0,0,0
0,z,k,11,0,f,d,q,15,w,0,l,0,0,0,0
0,0,0,i,l,q,g,0,d,0,s,o,d,f,h,0
0,i,r,u,0,p,11,v,h,o,i,18,0,0,0,0
0,0,0,0,0,0,0,0,0,0,0,0,0,0,0,0
0,0,0,0,0,0,0,0,0,0,0,0,0,0,0,0
0,0,0,0,0,0,0,0,0,0,0,0,0,0,0,0
0,0,0,0,0,a,a,0,0,0,a,0,0,0,0,0
0,0,0,0,0,0,0,0,0,0,0,0,0,0,0,0
0,0,0,0,0,a,0,a,0,a,0,0,0,0,0,0
0,0,0,0,0,0,0,0,0,0,0,0,0,0,0,b
0,0,0,0,0,a,0,a,0,a,0,0,0,0,0,0
0,0,0,0,0,0,0,0,0,0,0,0,0,0,0,0
0,0,0,0,0,0,0,0,0,0,0,0,0,0,0,0
0,0,0,0,0,0,0,0,0,0,0,0,0,0,0,0
0,0,0,0,0,0,0,0,0,0,0,0,0,0,0,0
EXT 8,6 l 8,6
EXT 7,6 l 7,6
EXT 9,6 l 9,6
EXT 7,8 t 7,8
EXT 8,8 z 8,8
EXT 9,8 u 9,8
PAL 0

ROOM o
0,0,0,0,0,0,0,0,0,0,0,0,0,0,0,0
0,z,k,11,0,f,d,q,15,w,0,l,0,0,0,0
0,0,0,i,l,q,g,0,d,0,s,o,d,f,h,0
0,i,r,u,0,p,11,v,h,o,i,18,0,0,0,0
0,0,0,0,0,0,0,0,0,0,0,0,0,0,0,0
0,0,0,0,0,0,0,0,0,0,0,0,0,0,0,0
0,0,0,0,0,0,0,0,0,0,0,0,0,0,0,0
0,0,0,0,0,a,0,a,0,a,0,0,0,0,0,0
0,0,0,0,0,0,0,0,0,0,0,0,0,0,0,0
0,0,0,0,a,0,0,0,a,a,0,0,0,0,0,0
0,0,0,0,0,0,0,0,0,0,0,0,0,0,0,b
0,0,0,0,0,a,0,a,0,a,0,0,0,0,0,0
0,0,0,0,0,0,0,0,0,0,0,0,0,0,0,0
0,0,0,0,0,0,0,0,0,0,0,0,0,0,0,0
0,0,0,0,0,0,0,0,0,0,0,0,0,0,0,0
0,0,0,0,0,0,0,0,0,0,0,0,0,0,0,0
EXT 5,8 s 5,8
EXT 6,8 y 6,8
EXT 7,8 t 7,8
EXT 5,10 v 5,10
EXT 6,10 10 6,10
EXT 7,10 w 7,10
PAL 0

ROOM p
0,0,0,0,0,0,0,0,0,0,0,0,0,0,0,0
0,z,k,11,0,f,d,q,15,w,0,l,0,0,0,0
0,0,0,i,l,q,g,0,d,0,s,o,d,f,h,0
0,i,r,u,0,p,11,v,h,o,i,18,0,0,0,0
0,0,0,0,0,0,0,0,0,0,0,0,0,0,0,0
0,0,0,0,0,0,0,0,0,0,0,0,0,0,0,0
0,0,0,0,0,0,0,0,0,0,0,0,0,0,0,0
0,0,0,0,0,a,0,a,0,a,0,0,0,0,0,0
0,0,0,0,0,0,0,0,0,0,0,0,0,0,0,0
0,0,0,0,0,a,a,0,0,0,a,0,0,0,0,0
0,0,0,0,0,0,0,0,0,0,0,0,0,0,0,b
0,0,0,0,0,a,0,a,0,a,0,0,0,0,0,0
0,0,0,0,0,0,0,0,0,0,0,0,0,0,0,0
0,0,0,0,0,0,0,0,0,0,0,0,0,0,0,0
0,0,0,0,0,0,0,0,0,0,0,0,0,0,0,0
0,0,0,0,0,0,0,0,0,0,0,0,0,0,0,0
EXT 8,8 z 8,8
EXT 7,8 t 7,8
EXT 9,8 u 9,8
EXT 7,10 w 7,10
EXT 8,10 11 8,10
EXT 9,10 x 9,10
PAL 0

ROOM q
0,0,0,0,0,0,0,0,0,0,0,0,0,0,0,0
0,z,k,11,0,f,d,q,15,w,0,l,0,0,0,0
0,0,0,i,l,q,g,0,d,0,s,o,d,f,h,0
0,i,r,u,0,p,11,v,h,o,i,18,0,0,0,0
0,0,0,0,0,0,0,0,0,0,0,0,0,0,0,0
0,0,0,0,0,0,0,0,0,0,0,0,0,0,0,0
0,0,0,0,0,0,0,0,0,0,0,0,0,0,0,0
0,0,0,0,0,a,0,a,0,a,0,0,0,0,0,0
0,0,0,0,0,0,0,0,0,0,0,0,0,0,0,0
0,0,0,0,0,a,0,a,0,a,0,0,0,0,0,0
0,0,0,0,0,0,0,0,0,0,0,0,0,0,0,b
0,0,0,0,a,0,0,0,a,a,0,0,0,0,0,0
0,0,0,0,0,0,0,0,0,0,0,0,0,0,0,0
0,0,0,0,0,0,0,0,0,0,0,0,0,0,0,0
0,0,0,0,0,0,0,0,0,0,0,0,0,0,0,0
0,0,0,0,0,0,0,0,0,0,0,0,0,0,0,0
EXT 5,12 l 5,12
EXT 6,12 l 6,12
EXT 7,12 l 7,12
EXT 5,10 v 5,10
EXT 6,10 10 6,10
EXT 7,10 w 7,10
PAL 0

ROOM r
0,0,0,0,0,0,0,0,0,0,0,0,0,0,0,0
0,z,k,11,0,f,d,q,15,w,0,l,0,0,0,0
0,0,0,i,l,q,g,0,d,0,s,o,d,f,h,0
0,i,r,u,0,p,11,v,h,o,i,18,0,0,0,0
0,0,0,0,0,0,0,0,0,0,0,0,0,0,0,0
0,0,0,0,0,0,0,0,0,0,0,0,0,0,0,0
0,0,0,0,0,0,0,0,0,0,0,0,0,0,0,0
0,0,0,0,0,a,0,a,0,a,0,0,0,0,0,0
0,0,0,0,0,0,0,0,0,0,0,0,0,0,0,0
0,0,0,0,0,a,0,a,0,a,0,0,0,0,0,0
0,0,0,0,0,0,0,0,0,0,0,0,0,0,0,b
0,0,0,0,0,a,a,0,0,0,a,0,0,0,0,0
0,0,0,0,0,0,0,0,0,0,0,0,0,0,0,0
0,0,0,0,0,0,0,0,0,0,0,0,0,0,0,0
0,0,0,0,0,0,0,0,0,0,0,0,0,0,0,0
0,0,0,0,0,0,0,0,0,0,0,0,0,0,0,0
EXT 7,10 w 7,10
EXT 9,10 x 9,10
EXT 8,10 11 8,10
EXT 7,12 l 7,12
EXT 8,12 l 8,12
EXT 9,12 l 9,12
PAL 0

ROOM s
0,0,0,0,0,0,0,0,0,0,0,0,0,0,0,0
0,z,k,11,0,f,d,q,15,w,0,l,0,0,0,0
0,0,0,i,l,q,g,0,d,0,s,o,d,f,h,0
0,i,r,u,0,p,11,v,h,o,i,18,0,0,0,0
0,0,0,0,0,0,0,0,0,0,0,0,0,0,0,0
0,0,0,0,0,0,0,0,0,0,0,0,0,0,0,0
0,0,0,0,0,a,0,0,0,0,0,0,0,0,0,0
0,0,0,0,0,0,0,a,0,a,0,0,0,0,0,0
0,0,0,0,0,0,0,0,0,0,0,0,0,0,0,0
0,0,0,0,0,0,0,a,0,a,0,0,0,0,0,0
0,0,0,0,0,a,0,0,0,0,0,0,0,0,0,b
0,0,0,0,0,a,0,a,0,a,0,0,0,0,0,0
0,0,0,0,0,0,0,0,0,0,0,0,0,0,0,0
0,0,0,0,0,0,0,0,0,0,0,0,0,0,0,0
0,0,0,0,0,0,0,0,0,0,0,0,0,0,0,0
0,0,0,0,0,0,0,0,0,0,0,0,0,0,0,0
EXT 4,7 l 4,7
EXT 4,8 l 4,8
EXT 4,9 l 4,9
EXT 6,7 m 6,7
EXT 6,8 y 6,8
EXT 6,9 o 6,9
PAL 0

ROOM t
0,0,0,0,0,0,0,0,0,0,0,0,0,0,0,0
0,z,k,11,0,f,d,q,15,w,0,l,0,0,0,0
0,0,0,i,l,q,g,0,d,0,s,o,d,f,h,0
0,i,r,u,0,p,11,v,h,o,i,18,0,0,0,0
0,0,0,0,0,0,0,0,0,0,0,0,0,0,0,0
0,0,0,0,0,0,0,0,0,0,0,0,0,0,0,0
0,0,0,0,0,0,0,a,0,0,0,0,0,0,0,0
0,0,0,0,0,a,0,0,0,a,0,0,0,0,0,0
0,0,0,0,0,0,0,0,0,0,0,0,0,0,0,0
0,0,0,0,0,a,0,0,0,a,0,0,0,0,0,0
0,0,0,0,0,0,0,a,0,0,0,0,0,0,0,b
0,0,0,0,0,a,0,a,0,a,0,0,0,0,0,0
0,0,0,0,0,0,0,0,0,0,0,0,0,0,0,0
0,0,0,0,0,0,0,0,0,0,0,0,0,0,0,0
0,0,0,0,0,0,0,0,0,0,0,0,0,0,0,0
0,0,0,0,0,0,0,0,0,0,0,0,0,0,0,0
EXT 6,7 m 6,7
EXT 8,7 n 8,7
EXT 6,8 y 6,8
EXT 8,8 z 8,8
EXT 6,9 o 6,9
EXT 8,9 p 8,9
PAL 0

ROOM u
0,0,0,0,0,0,0,0,0,0,0,0,0,0,0,0
0,z,k,11,0,f,d,q,15,w,0,l,0,0,0,0
0,0,0,i,l,q,g,0,d,0,s,o,d,f,h,0
0,i,r,u,0,p,11,v,h,o,i,18,0,0,0,0
0,0,0,0,0,0,0,0,0,0,0,0,0,0,0,0
0,0,0,0,0,0,0,0,0,0,0,0,0,0,0,0
0,0,0,0,0,0,0,0,0,a,0,0,0,0,0,0
0,0,0,0,0,a,0,a,0,0,0,0,0,0,0,0
0,0,0,0,0,0,0,0,0,0,0,0,0,0,0,0
0,0,0,0,0,a,0,a,0,0,0,0,0,0,0,0
0,0,0,0,0,0,0,0,0,a,0,0,0,0,0,b
0,0,0,0,0,a,0,a,0,a,0,0,0,0,0,0
0,0,0,0,0,0,0,0,0,0,0,0,0,0,0,0
0,0,0,0,0,0,0,0,0,0,0,0,0,0,0,0
0,0,0,0,0,0,0,0,0,0,0,0,0,0,0,0
0,0,0,0,0,0,0,0,0,0,0,0,0,0,0,0
EXT 8,7 n 8,7
EXT 10,7 l 10,7
EXT 10,8 l 10,8
EXT 10,9 l 10,9
EXT 8,8 z 8,8
EXT 8,9 p 8,9
PAL 0

ROOM v
0,0,0,0,0,0,0,0,0,0,0,0,0,0,0,0
0,z,k,11,0,f,d,q,15,w,0,l,0,0,0,0
0,0,0,i,l,q,g,0,d,0,s,o,d,f,h,0
0,i,r,u,0,p,11,v,h,o,i,18,0,0,0,0
0,0,0,0,0,0,0,0,0,0,0,0,0,0,0,0
0,0,0,0,0,0,0,0,0,0,0,0,0,0,0,0
0,0,0,0,0,0,0,0,0,0,0,0,0,0,0,0
0,0,0,0,0,a,0,a,0,a,0,0,0,0,0,0
0,0,0,0,0,a,0,0,0,0,0,0,0,0,0,0
0,0,0,0,0,0,0,a,0,a,0,0,0,0,0,0
0,0,0,0,0,0,0,0,0,0,0,0,0,0,0,b
0,0,0,0,0,0,0,a,0,a,0,0,0,0,0,0
0,0,0,0,0,a,0,0,0,0,0,0,0,0,0,0
0,0,0,0,0,0,0,0,0,0,0,0,0,0,0,0
0,0,0,0,0,0,0,0,0,0,0,0,0,0,0,0
0,0,0,0,0,0,0,0,0,0,0,0,0,0,0,0
EXT 4,9 l 4,9
EXT 4,10 l 4,10
EXT 4,11 l 4,11
EXT 6,9 o 6,9
EXT 6,10 10 6,10
EXT 6,11 q 6,11
PAL 0

ROOM w
0,0,0,0,0,0,0,0,0,0,0,0,0,0,0,0
0,z,k,11,0,f,d,q,15,w,0,l,0,0,0,0
0,0,0,i,l,q,g,0,d,0,s,o,d,f,h,0
0,i,r,u,0,p,11,v,h,o,i,18,0,0,0,0
0,0,0,0,0,0,0,0,0,0,0,0,0,0,0,0
0,0,0,0,0,0,0,0,0,0,0,0,0,0,0,0
0,0,0,0,0,0,0,0,0,0,0,0,0,0,0,0
0,0,0,0,0,a,0,a,0,a,0,0,0,0,0,0
0,0,0,0,0,0,0,a,0,0,0,0,0,0,0,0
0,0,0,0,0,a,0,0,0,a,0,0,0,0,0,0
0,0,0,0,0,0,0,0,0,0,0,0,0,0,0,b
0,0,0,0,0,a,0,0,0,a,0,0,0,0,0,0
0,0,0,0,0,0,0,a,0,0,0,0,0,0,0,0
0,0,0,0,0,0,0,0,0,0,0,0,0,0,0,0
0,0,0,0,0,0,0,0,0,0,0,0,0,0,0,0
0,0,0,0,0,0,0,0,0,0,0,0,0,0,0,0
EXT 6,11 q 6,11
EXT 6,9 o 6,9
EXT 8,9 p 8,9
EXT 8,11 r 8,11
EXT 6,10 10 6,10
EXT 8,10 11 8,10
PAL 0

ROOM x
0,0,0,0,0,0,0,0,0,0,0,0,0,0,0,0
0,z,k,11,0,f,d,q,15,w,0,l,0,0,0,0
0,0,0,i,l,q,g,0,d,0,s,o,d,f,h,0
0,i,r,u,0,p,11,v,h,o,i,18,0,0,0,0
0,0,0,0,0,0,0,0,0,0,0,0,0,0,0,0
0,0,0,0,0,0,0,0,0,0,0,0,0,0,0,0
0,0,0,0,0,0,0,0,0,0,0,0,0,0,0,0
0,0,0,0,0,a,0,a,0,a,0,0,0,0,0,0
0,0,0,0,0,0,0,0,0,a,0,0,0,0,0,0
0,0,0,0,0,a,0,a,0,0,0,0,0,0,0,0
0,0,0,0,0,0,0,0,0,0,0,0,0,0,0,b
0,0,0,0,0,a,0,a,0,0,0,0,0,0,0,0
0,0,0,0,0,0,0,0,0,a,0,0,0,0,0,0
0,0,0,0,0,0,0,0,0,0,0,0,0,0,0,0
0,0,0,0,0,0,0,0,0,0,0,0,0,0,0,0
0,0,0,0,0,0,0,0,0,0,0,0,0,0,0,0
EXT 10,9 l 10,9
EXT 10,10 l 10,10
EXT 10,11 l 10,11
EXT 8,9 p 8,9
EXT 8,11 r 8,11
EXT 8,10 11 8,10
PAL 0

ROOM y
0,0,0,0,0,0,0,0,0,0,0,0,0,0,0,0
0,z,k,11,0,f,d,q,15,w,0,l,0,0,0,0
0,0,0,i,l,q,g,0,d,0,s,o,d,f,h,0
0,i,r,u,0,p,11,v,h,o,i,18,0,0,0,0
0,0,0,0,0,0,0,0,0,0,0,0,0,0,0,0
0,0,0,0,0,0,0,0,0,0,0,0,0,0,0,0
0,0,0,0,a,0,0,0,a,0,0,0,0,0,0,0
0,0,0,0,0,0,0,0,0,a,0,0,0,0,0,0
0,0,0,0,0,0,0,0,0,0,0,0,0,0,0,0
0,0,0,0,0,0,0,0,0,a,0,0,0,0,0,0
0,0,0,0,a,0,0,0,a,0,0,0,0,0,0,b
0,0,0,0,0,a,0,a,0,a,0,0,0,0,0,0
0,0,0,0,0,0,0,0,0,0,0,0,0,0,0,0
0,0,0,0,0,0,0,0,0,0,0,0,0,0,0,0
0,0,0,0,0,0,0,0,0,0,0,0,0,0,0,0
0,0,0,0,0,0,0,0,0,0,0,0,0,0,0,0
EXT 5,8 s 5,8
EXT 6,7 m 6,7
EXT 7,8 t 7,8
EXT 6,9 o 6,9
PAL 0

ROOM z
0,0,0,0,0,0,0,0,0,0,0,0,0,0,0,0
0,z,k,11,0,f,d,q,15,w,0,l,0,0,0,0
0,0,0,i,l,q,g,0,d,0,s,o,d,f,h,0
0,i,r,u,0,p,11,v,h,o,i,18,0,0,0,0
0,0,0,0,0,0,0,0,0,0,0,0,0,0,0,0
0,0,0,0,0,0,0,0,0,0,0,0,0,0,0,0
0,0,0,0,0,0,a,0,0,0,a,0,0,0,0,0
0,0,0,0,0,a,0,0,0,0,0,0,0,0,0,0
0,0,0,0,0,0,0,0,0,0,0,0,0,0,0,0
0,0,0,0,0,a,0,0,0,0,0,0,0,0,0,0
0,0,0,0,0,0,a,0,0,0,a,0,0,0,0,b
0,0,0,0,0,a,0,a,0,a,0,0,0,0,0,0
0,0,0,0,0,0,0,0,0,0,0,0,0,0,0,0
0,0,0,0,0,0,0,0,0,0,0,0,0,0,0,0
0,0,0,0,0,0,0,0,0,0,0,0,0,0,0,0
0,0,0,0,0,0,0,0,0,0,0,0,0,0,0,0
EXT 8,7 n 8,7
EXT 8,9 p 8,9
EXT 9,8 u 9,8
EXT 7,8 t 7,8
PAL 0

ROOM 1a
0,0,0,0,0,0,0,0,0,0,0,0,0,0,0,0
0,0,0,0,0,0,1z,0,1z,0,1z,0,1z,0,0,0
0,0,0,0,0,0,0,0,0,0,0,0,0,0,0,0
0,0,0,0,0,0,1z,0,1z,0,1z,0,1z,0,0,0
0,0,0,0,0,0,0,0,0,0,0,0,0,0,0,0
0,0,0,0,0,0,1z,0,1z,0,0,0,1z,0,0,0
0,0,0,0,0,0,0,0,0,0,0,0,0,0,0,0
0,0,0,0,0,0,0,0,0,0,0,0,0,0,0,0
0,0,0,0,0,0,0,0,0,0,0,0,0,0,0,0
0,0,0,0,0,0,0,0,0,0,0,0,0,0,0,0
0,0,0,0,0,0,0,0,0,0,0,0,0,0,0,b
0,r,u,14,0,p,d,11,e,h,14,0,l,0,0,0
0,f,d,q,0,w,u,11,0,d,0,0,0,0,0,0
0,g,l,i,i,h,u,h,q,w,0,n,l,q,g,0
0,r,i,0,q,l,f,k,h,13,0,0,0,0,0,0
0,0,0,0,0,0,0,0,0,0,0,0,0,0,0,0
EXT 0,6 1b 0,7
EXT 1,6 1b 1,7
EXT 2,6 1b 2,7
EXT 3,6 1b 3,7
EXT 4,6 1b 4,7
EXT 5,6 1b 5,7
EXT 6,6 1b 6,7
EXT 7,6 1b 7,7
EXT 8,6 1b 8,7
EXT 9,6 1b 9,7
EXT 10,6 1b 10,7
EXT 11,6 1b 11,7
EXT 12,6 1b 12,7
EXT 13,6 1b 13,7
EXT 14,6 1b 14,7
EXT 15,6 1b 15,7
EXT 15,10 1c 0,10
PAL 0

ROOM 1b
0,0,0,0,0,0,0,0,0,0,0,0,0,0,0,0
0,0,0,0,0,0,1z,0,1z,0,1z,0,1z,0,0,0
0,0,0,0,0,0,0,0,0,0,0,0,0,0,0,0
0,0,0,0,0,0,1z,0,1z,0,1z,0,1z,0,0,0
0,0,0,0,0,0,0,0,0,0,0,0,0,0,0,0
0,0,0,0,0,0,1z,0,1z,0,0,0,1z,0,0,0
20,20,20,20,20,20,20,20,21,22,23,24,25,20,20,20
0,0,0,0,0,0,0,0,0,0,0,0,0,0,0,0
0,0,0,0,0,0,0,0,0,0,0,0,0,0,0,0
0,0,0,0,0,0,0,0,0,0,0,0,0,0,0,0
0,0,0,0,0,0,0,0,0,0,0,0,0,0,0,b
0,r,u,14,0,p,d,11,e,h,14,0,l,0,0,0
0,f,d,q,0,w,u,11,0,d,0,0,0,0,0,0
0,g,l,i,i,h,u,h,q,w,0,n,l,q,g,0
0,r,i,0,q,l,f,k,h,13,0,0,0,0,0,0
0,0,0,0,0,0,0,0,0,0,0,0,0,0,0,0
EXT 15,10 1c 0,10
PAL 0

ROOM 1c
0,0,0,0,0,0,0,0,0,0,0,0,0,0,0,0
0,z,k,d,w,0,g,r,h,v,0,l,w,0,0,0
0,0,i,h,h,o,0,o,l,n,h,0,w,r,0,0
0,0,0,0,16,e,h,o,r,q,j,18,16,0,0,0
0,0,0,0,0,0,0,0,0,0,0,0,0,0,0,0
0,0,0,0,0,0,0,0,0,0,0,0,0,0,0,0
0,0,0,0,0,0,0,0,0,0,0,0,0,0,0,0
0,0,0,0,0,0,0,0,0,0,0,0,0,0,0,0
0,0,0,0,0,0,0,0,0,0,0,0,0,0,0,0
0,0,0,0,0,0,0,26,0,0,0,0,0,0,0,0
0,0,0,0,0,0,0,0,0,0,0,0,0,0,0,b
0,0,0,0,0,0,0,0,0,0,0,0,0,0,0,0
0,0,0,0,0,0,0,0,0,0,0,0,0,0,0,0
0,0,0,0,0,0,0,0,0,0,0,0,0,0,0,0
0,0,0,0,0,0,0,0,0,0,0,0,0,0,0,0
0,0,0,0,0,0,0,0,0,0,0,0,0,0,0,0
EXT 7,9 1d 7,9
EXT 15,10 1e 0,10
PAL 0

ROOM 1d
0,0,0,0,0,0,0,0,0,0,0,0,0,0,0,0
0,z,k,d,w,0,g,r,h,v,0,l,w,0,0,0
0,0,i,h,h,o,0,o,l,n,h,0,w,r,0,0
0,0,0,0,16,e,h,o,r,q,j,18,16,0,0,0
0,0,0,0,0,0,0,0,0,0,0,0,0,0,0,0
0,0,0,0,0,0,0,0,0,0,0,0,0,0,0,0
0,0,0,0,0,0,0,0,0,0,0,0,0,0,0,0
0,0,0,0,0,0,0,0,0,0,0,0,0,0,0,0
0,0,0,0,0,0,0,26,0,0,0,0,0,0,0,0
0,0,0,0,0,0,0,0,0,0,0,0,0,0,0,0
0,0,0,0,0,0,0,0,0,0,0,0,0,0,0,b
0,0,0,0,0,0,0,0,0,0,0,0,0,0,0,0
0,0,0,0,0,0,0,0,0,0,0,0,0,0,0,0
0,0,0,0,0,0,0,0,0,0,0,0,0,0,0,0
0,0,0,0,0,0,0,0,0,0,0,0,0,0,0,0
0,0,0,0,0,0,0,0,0,0,0,0,0,0,0,0
EXT 7,8 1c 7,8
EXT 15,10 1e 0,10
PAL 0

ROOM 1e
0,0,0,0,0,0,0,0,0,0,0,0,0,0,0,0
0,l,i,0,l,0,w,u,x,o,11,0,i,l,w,0
0,q,r,z,k,h,u,h,0,d,w,0,d,o,o,14
0,0,0,0,0,0,0,0,0,0,0,0,0,0,0,0
0,0,0,0,0,0,0,0,0,0,0,0,0,0,0,0
0,0,0,0,a,a,27,a,27,a,a,a,0,0,0,0
0,0,0,0,a,a,a,a,a,a,a,27,0,0,0,0
0,0,0,0,a,a,a,a,a,a,a,a,0,0,0,0
0,0,0,0,27,a,a,a,a,a,a,a,0,0,0,0
0,0,0,0,a,a,a,a,a,a,a,27,0,0,0,0
0,0,0,0,27,a,a,a,a,a,a,a,0,0,0,b
0,0,0,0,a,a,a,a,a,a,a,a,0,0,0,0
0,0,0,0,a,a,27,a,a,27,a,a,0,0,0,0
0,z,k,h,u,h,0,g,r,0,l,0,j,r,18,0
0,0,0,0,0,0,0,0,0,0,0,0,0,0,0,0
0,0,0,0,0,0,0,0,0,0,0,0,0,0,0,0
ITM 0 6,5
ITM 0 8,5
ITM 0 11,6
ITM 0 11,9
ITM 0 9,12
ITM 0 6,12
ITM 0 4,10
ITM 0 4,8
EXT 4,8 1e 3,8
EXT 4,10 1e 3,10
EXT 6,12 1e 6,13
EXT 9,12 1e 9,13
EXT 11,9 1e 12,9
EXT 11,6 1e 12,6
EXT 8,5 1e 8,4
EXT 6,5 1e 6,4
EXT 15,10 1f 0,10
PAL 0

ROOM 1f
0,0,0,0,0,0,0,0,0,0,0,0,0,0,0,0
0,0,0,0,0,0,0,0,0,0,0,0,0,0,0,0
0,0,0,0,0,0,0,0,0,0,0,0,0,0,0,0
0,0,0,p,d,11,e,h,0,l,0,0,0,0,0,0
0,v,k,r,x,o,g,q,15,w,0,0,0,0,0,0
0,0,0,e,h,o,r,q,j,13,0,0,0,0,0,0
0,0,0,0,0,0,0,0,0,0,0,0,0,0,0,0
0,0,0,0,0,0,0,0,0,0,0,0,0,0,0,0
0,0,0,0,0,0,0,0,0,0,0,0,0,0,0,0
0,0,0,0,0,0,0,0,0,0,0,0,0,0,0,0
0,0,0,0,0,0,0,0,0,0,0,0,0,0,0,b
0,0,0,0,0,0,0,0,0,0,0,0,0,0,0,0
0,0,0,0,0,0,0,0,0,0,0,0,0,0,0,0
a,a,a,a,0,a,a,a,a,a,a,a,a,a,a,a
a,a,a,a,a,a,a,a,a,a,a,a,a,a,a,a
a,a,a,a,a,a,a,a,a,a,a,a,a,a,a,a
EXT 4,12 1g 4,12
EXT 15,10 1l 0,10
PAL 0

ROOM 1g
0,0,0,0,0,0,0,0,0,0,0,0,0,0,0,0
0,0,0,0,0,0,0,0,0,0,0,0,0,0,0,0
0,0,0,0,0,0,0,0,0,0,0,0,0,0,0,0
0,0,0,p,d,11,e,h,0,l,0,0,0,0,0,0
0,v,k,r,x,o,g,q,15,w,0,0,0,0,0,0
0,0,0,e,h,o,r,q,j,13,0,0,0,0,0,0
0,0,0,0,0,0,0,0,0,0,0,0,0,0,0,0
0,0,0,0,0,0,0,0,0,0,0,0,0,0,0,0
0,0,0,0,0,0,0,0,0,0,0,0,0,0,0,0
0,0,0,0,0,0,0,0,0,0,0,0,0,0,0,0
0,0,0,0,0,0,0,0,0,0,0,0,0,0,0,b
0,0,0,0,0,0,0,0,0,0,0,0,0,0,0,0
0,0,0,0,0,0,0,0,0,0,0,0,0,0,0,0
a,a,a,0,a,a,a,a,a,a,a,a,a,a,a,a
a,a,a,a,a,a,a,a,a,a,a,a,a,a,a,a
a,a,a,a,a,a,a,a,a,a,a,a,a,a,a,a
EXT 3,12 1h 3,12
EXT 15,10 1l 0,10
PAL 0

ROOM 1h
0,0,0,0,0,0,0,0,0,0,0,0,0,0,0,0
0,0,0,0,0,0,0,0,0,0,0,0,0,0,0,0
0,0,0,0,0,0,0,0,0,0,0,0,0,0,0,0
0,0,0,p,d,11,e,h,0,l,0,0,0,0,0,0
0,v,k,r,x,o,g,q,15,w,0,0,0,0,0,0
0,0,0,e,h,o,r,q,j,13,0,0,0,0,0,0
0,0,0,0,0,0,0,0,0,0,0,0,0,0,0,0
0,0,0,0,0,0,0,0,0,0,0,0,0,0,0,0
0,0,0,0,0,0,0,0,0,0,0,0,0,0,0,0
0,0,0,0,0,0,0,0,0,0,0,0,0,0,0,0
0,0,0,0,0,0,0,0,0,0,0,0,0,0,0,b
0,0,0,0,0,0,0,0,0,0,0,0,0,0,0,0
0,0,0,0,0,0,0,0,0,0,0,0,0,0,0,0
a,a,0,a,a,a,a,a,a,a,a,a,a,a,a,a
a,a,a,a,a,a,a,a,a,a,a,a,a,a,a,a
a,a,a,a,a,a,a,a,a,a,a,a,a,a,a,a
EXT 2,12 1i 2,12
EXT 15,10 1l 0,10
PAL 0

ROOM 1i
0,0,0,0,0,0,0,0,0,0,0,0,0,0,0,0
0,0,0,0,0,0,0,0,0,0,0,0,0,0,0,0
0,0,0,0,0,0,0,0,0,0,0,0,0,0,0,0
0,0,0,p,d,11,e,h,0,l,0,0,0,0,0,0
0,v,k,r,x,o,g,q,15,w,0,0,0,0,0,0
0,0,0,e,h,o,r,q,j,13,0,0,0,0,0,0
0,0,0,0,0,0,0,0,0,0,0,0,0,0,0,0
0,0,0,0,0,0,0,0,0,0,0,0,0,0,0,0
0,0,0,0,0,0,0,0,0,0,0,0,0,0,0,0
0,0,0,0,0,0,0,0,0,0,0,0,0,0,0,0
0,0,0,0,0,0,0,0,0,0,0,0,0,0,0,b
0,0,0,0,0,0,0,0,0,0,0,0,0,0,0,0
0,0,0,0,0,0,0,0,0,0,0,0,0,0,0,0
a,0,a,a,a,a,a,a,a,a,a,a,a,a,a,a
a,a,a,a,a,a,a,a,a,a,a,a,a,a,a,a
a,a,a,a,a,a,a,a,a,a,a,a,a,a,a,a
EXT 1,12 1j 1,12
EXT 15,10 1l 0,10
PAL 0

ROOM 1j
0,0,0,0,0,0,0,0,0,0,0,0,0,0,0,0
0,0,0,0,0,0,0,0,0,0,0,0,0,0,0,0
0,0,0,0,0,0,0,0,0,0,0,0,0,0,0,0
0,0,0,p,d,11,e,h,0,l,0,0,0,0,0,0
0,v,k,r,x,o,g,q,15,w,0,0,0,0,0,0
0,0,0,e,h,o,r,q,j,13,0,0,0,0,0,0
0,0,0,0,0,0,0,0,0,0,0,0,0,0,0,0
0,0,0,0,0,0,0,0,0,0,0,0,0,0,0,0
0,0,0,0,0,0,0,0,0,0,0,0,0,0,0,0
0,0,0,0,0,0,0,0,0,0,0,0,0,0,0,0
0,0,0,0,0,0,0,0,0,0,0,0,0,0,0,b
0,0,0,0,0,0,0,0,0,0,0,0,0,0,0,0
0,0,0,0,0,0,0,0,0,0,0,0,0,0,0,0
0,a,a,a,a,a,a,a,a,a,a,a,a,a,a,a
a,a,a,a,a,a,a,a,a,a,a,a,a,a,a,a
a,a,a,a,a,a,a,a,a,a,a,a,a,a,a,a
EXT 0,12 1k 0,12
EXT 15,10 1l 0,10
PAL 0

ROOM 1k
0,0,0,0,0,0,0,0,0,0,0,0,0,0,0,0
0,0,0,0,0,0,0,0,0,0,0,0,0,0,0,0
0,0,0,0,0,0,0,0,0,0,0,0,0,0,0,0
0,0,0,p,d,11,e,h,0,l,0,0,0,0,0,0
0,v,k,r,x,o,g,q,15,w,0,0,0,0,0,0
0,0,0,e,h,o,r,q,j,13,0,0,0,0,0,0
0,0,0,0,0,0,0,0,0,0,0,0,0,0,0,0
0,0,0,0,0,0,0,0,0,0,0,0,0,0,0,0
0,0,0,0,0,0,0,0,0,0,0,0,0,0,0,0
0,0,0,0,0,0,0,0,0,0,0,0,0,0,0,0
0,0,0,0,0,0,0,0,0,0,0,0,0,0,0,b
0,0,0,0,0,0,0,0,0,0,0,0,0,0,0,0
0,0,0,0,0,0,0,0,0,0,0,0,0,0,0,0
a,a,a,a,a,a,a,a,a,a,a,a,a,a,a,a
a,a,a,a,a,a,a,a,a,a,a,a,a,a,a,a
a,a,a,a,a,a,a,a,a,a,a,a,a,a,a,a
EXT 15,10 1l 0,10
PAL 0

ROOM 1l
0,0,0,0,0,0,0,0,0,0,0,0,0,0,0,0
0,0,0,0,0,0,0,0,0,0,0,0,0,0,0,0
0,0,0,0,0,0,0,0,0,0,0,0,0,0,0,0
0,0,0,0,0,0,0,0,0,0,0,0,0,0,0,0
0,0,0,0,0,0,0,0,0,0,0,0,0,0,0,0
0,0,0,0,0,0,0,0,0,0,0,0,0,0,0,0
0,0,0,0,0,0,0,0,0,0,0,0,0,0,0,0
0,0,0,0,0,0,0,0,0,0,0,0,0,0,0,0
0,0,0,0,0,0,0,0,0,0,0,0,0,0,0,0
0,0,0,0,0,0,0,0,0,0,0,0,0,0,0,0
0,0,0,0,0,0,0,0,0,0,0,0,0,0,0,b
0,0,0,0,0,0,0,0,0,0,0,0,0,0,0,0
0,0,0,0,0,0,0,0,0,0,0,0,0,0,0,0
0,0,0,0,0,0,0,0,0,0,0,0,0,0,0,0
0,0,0,0,0,0,0,0,0,0,0,0,0,0,0,0
0,0,0,0,0,0,0,0,0,0,0,0,0,0,0,0
EXT 15,10 1m 0,10
PAL 0

ROOM 1m
0,0,0,0,0,0,0,0,0,0,0,0,0,0,0,0
0,0,0,0,0,0,0,0,0,0,0,0,0,0,0,0
z,k,d,w,0,l,0,z,r,x,o,g,q,15,w,0
0,j,l,y,h,0,i,r,u,0,w,k,d,w,0,0
0,v,d,w,l,v,i,d,f,w,l,r,q,13,0,0
0,0,0,0,0,0,0,0,0,0,0,0,0,0,0,0
0,0,0,0,0,0,0,0,0,0,0,0,0,0,0,0
0,0,0,0,0,0,0,0,0,0,0,0,0,0,0,0
0,0,0,0,0,0,a,a,a,0,0,0,0,0,0,0
0,0,0,0,0,0,0,a,a,0,0,0,0,0,0,0
0,0,0,0,0,0,a,a,a,0,0,0,0,0,0,b
0,0,0,0,0,0,0,0,0,0,0,0,0,0,0,0
0,0,0,0,0,0,0,0,0,0,0,0,0,0,0,0
0,0,0,0,0,0,0,0,0,0,0,0,0,0,0,0
0,0,0,0,0,0,0,0,0,0,0,0,0,0,0,0
0,0,0,0,0,0,0,0,0,0,0,0,0,0,0,0
EXT 6,9 1n 6,9
EXT 15,10 1o 0,10
PAL 0

ROOM 1n
0,0,0,0,0,0,0,0,0,0,0,0,0,0,0,0
0,0,0,0,0,0,0,0,0,0,0,0,0,0,0,0
z,k,d,w,0,l,0,z,r,x,o,g,q,15,w,0
0,j,l,y,h,0,i,r,u,0,w,k,d,w,0,0
0,v,d,w,l,v,i,d,f,w,l,r,q,13,0,0
0,0,0,0,0,0,0,0,0,0,0,0,0,0,0,0
0,0,27,27,27,27,27,27,27,27,27,27,27,27,0,0
0,0,27,27,27,27,27,27,27,27,27,27,27,27,0,0
0,0,27,27,27,27,28,28,28,27,27,27,27,27,0,0
0,0,27,27,27,27,27,28,28,27,27,27,27,27,0,0
0,0,27,27,27,27,28,28,28,27,27,27,27,27,0,b
0,0,27,27,27,27,27,27,27,27,27,27,27,27,0,0
0,0,27,27,27,27,27,27,27,27,27,27,27,27,0,0
0,0,27,27,27,27,27,27,27,27,27,27,27,27,0,0
0,0,27,27,27,27,27,27,27,27,27,27,27,27,0,0
0,0,27,27,27,27,27,27,27,27,27,27,27,27,0,0
EXT 5,9 1m 5,9
EXT 15,10 1o 0,10
PAL 0

ROOM 1o
0,0,0,0,0,0,0,0,0,0,0,0,0,0,0,0
0,0,0,0,0,0,0,0,0,0,0,0,0,0,0,0
0,0,0,0,0,0,0,0,0,0,0,0,0,0,0,0
0,0,0,0,p,x,v,w,0,e,h,0,0,0,0,0
0,0,0,0,0,0,q,l,f,h,13,0,0,0,0,0
0,0,0,0,0,0,0,0,0,0,0,0,0,0,0,0
0,0,0,0,0,0,0,0,0,0,0,0,0,0,0,0
0,0,0,0,0,0,0,0,0,0,0,0,0,0,0,0
0,0,0,0,0,0,0,0,0,0,0,0,0,0,0,0
0,0,0,0,0,0,0,0,0,0,0,0,0,0,0,0
0,0,0,0,0,0,0,0,0,0,0,0,0,0,0,b
0,0,0,0,0,0,0,0,0,0,0,0,0,0,0,0
0,0,0,0,0,0,0,0,0,0,0,0,0,0,0,0
0,0,0,0,0,0,0,0,0,0,0,0,0,0,0,0
0,0,0,0,0,0,0,0,0,0,0,0,0,0,0,0
0,0,0,0,0,0,0,0,0,0,0,0,0,0,0,0
EXT 15,10 1p 0,10
PAL 0

ROOM 1p
0,0,0,0,0,0,0,0,0,0,0,0,0,0,0,0
0,0,0,0,0,0,0,0,0,0,0,0,0,0,0,0
0,0,0,0,0,0,0,0,0,0,0,0,0,0,0,0
0,0,0,0,0,0,0,0,0,0,0,0,0,0,0,0
0,0,0,0,0,0,0,0,0,0,0,0,0,0,0,0
0,0,0,0,0,0,0,0,0,0,0,0,0,0,0,0
0,0,0,0,0,0,0,0,0,0,0,0,0,0,0,0
0,0,0,0,0,0,0,0,0,0,0,0,0,0,0,0
0,0,0,0,0,0,0,0,0,0,0,0,0,0,0,0
0,0,0,0,0,0,0,0,0,0,0,0,0,0,0,0
0,0,0,0,0,0,0,0,0,0,0,0,0,0,0,b
0,0,0,0,0,0,0,0,0,0,0,0,0,0,0,0
0,0,0,0,0,0,0,0,0,0,0,0,0,0,0,0
0,0,0,0,0,0,0,0,0,0,0,0,0,0,0,0
0,0,0,0,0,0,0,0,0,0,0,0,0,0,0,0
0,0,0,0,0,0,0,0,0,0,0,0,0,0,0,0
EXT 15,10 1q 0,10
PAL 0

ROOM 1q
0,0,0,0,0,0,0,0,0,0,0,0,0,0,0,0
0,0,0,0,0,0,0,0,0,0,0,0,0,0,0,0
0,0,0,0,0,0,0,0,0,0,0,0,0,0,0,0
0,0,0,0,0,0,0,0,0,0,0,0,0,0,0,0
0,0,0,0,0,0,0,0,0,0,0,0,0,0,0,0
0,0,0,0,0,0,0,0,0,0,0,0,0,0,0,0
0,0,0,0,0,0,0,0,0,0,0,0,0,0,0,0
0,0,0,0,0,0,0,0,0,0,0,0,0,0,0,0
0,0,0,0,0,0,0,0,0,0,0,0,0,0,0,0
0,0,0,0,0,0,0,0,0,0,0,0,0,0,0,0
0,0,0,0,0,0,0,0,0,0,0,0,0,0,0,b
0,0,0,0,0,0,0,0,0,0,0,0,0,0,0,0
0,0,0,0,0,0,0,0,0,0,0,0,0,0,0,0
0,0,0,0,0,0,0,0,0,0,0,0,0,0,0,0
0,0,0,0,0,0,0,0,0,0,0,0,0,0,0,0
0,0,0,0,0,0,0,0,0,0,0,0,0,0,0,0
EXT 15,10 1r 0,10
PAL 0

ROOM 1r
0,0,0,0,0,0,0,0,0,0,0,0,0,0,0,0
0,0,0,0,0,0,0,0,0,0,0,0,0,0,0,0
0,0,0,0,0,0,0,0,0,0,0,0,0,0,0,0
0,0,0,0,0,0,0,0,0,0,0,0,0,0,0,0
0,0,0,0,0,0,0,0,0,0,0,0,0,0,0,0
0,0,0,0,0,0,0,0,0,0,0,0,0,0,0,0
0,0,0,0,0,0,0,0,0,0,0,0,0,0,0,0
0,0,0,0,0,0,0,0,0,0,0,0,0,0,0,0
0,0,0,0,0,0,0,0,0,0,0,0,0,0,0,0
0,0,0,0,0,0,0,0,0,0,0,0,0,0,0,0
0,0,0,0,0,0,0,0,0,0,0,0,0,0,0,b
0,0,0,0,0,0,0,0,0,0,0,0,0,0,0,0
0,0,0,0,0,0,0,0,0,0,0,0,0,0,0,0
0,0,0,0,0,0,0,0,0,0,0,0,0,0,0,0
0,0,0,0,0,0,0,0,0,0,0,0,0,0,0,0
0,0,0,0,0,0,0,0,0,0,0,0,0,0,0,0
EXT 15,10 1s 0,10
PAL 0

ROOM 1s
0,0,0,0,0,0,0,0,0,0,0,0,0,0,0,0
0,0,0,0,0,0,0,0,0,0,0,0,0,0,0,0
0,0,0,0,0,0,0,0,0,0,0,0,0,0,0,0
0,0,0,0,0,0,0,0,0,0,0,0,0,0,0,0
0,0,0,0,0,0,0,0,0,0,0,0,0,0,0,0
0,0,0,0,0,0,18,0,18,0,18,0,0,0,0,0
0,0,0,0,0,0,0,0,0,0,0,0,0,0,0,0
0,0,0,0,0,0,0,0,0,0,0,0,0,0,0,0
0,0,0,0,0,0,0,0,0,0,0,0,0,0,0,0
0,0,0,0,0,0,0,29,2a,0,0,0,0,0,0,0
0,0,0,0,0,0,0,0,2b,0,0,0,0,0,0,0
0,0,0,0,0,0,0,0,0,0,0,0,0,0,0,0
0,0,0,0,0,0,0,0,0,0,0,0,0,0,0,0
0,0,0,0,0,0,0,0,0,0,0,0,0,0,0,0
0,0,0,0,0,0,0,0,0,0,0,0,0,0,0,0
0,0,0,0,0,0,0,0,0,0,0,0,0,0,0,0
EXT 7,10 1t 7,10
PAL 0

ROOM 1t
0,0,0,0,0,0,0,0,0,0,0,0,0,0,0,0
0,11,h,d,k,14,0,r,n,d,11,13,0,0,0,0
0,0,0,0,0,0,0,0,0,0,0,0,0,0,0,0
0,0,0,0,0,0,0,0,w,k,l,v,0,l,v,0
0,0,0,0,0,0,0,0,0,0,0,0,0,0,0,0
0,0,0,0,0,0,0,i,l,q,h,13,0,0,0,0
0,0,0,0,0,0,0,0,0,0,0,0,0,0,0,0
0,0,0,0,0,0,0,0,0,0,0,0,0,0,0,0
0,0,0,0,0,0,0,0,0,0,0,0,0,0,0,0
0,0,0,0,0,0,0,29,2a,0,0,0,0,0,0,0
0,0,0,0,0,0,0,0,2b,0,0,0,0,0,0,0
0,0,0,0,0,0,0,0,0,0,0,0,0,0,0,0
0,0,0,0,0,0,0,0,0,0,0,0,0,0,0,0
0,0,0,0,0,0,0,0,0,0,0,0,0,0,0,0
0,0,0,0,0,0,0,0,0,0,0,0,0,0,0,0
0,0,0,0,0,0,0,0,0,0,0,0,0,0,0,0
EXT 6,10 1u 6,10
EXT 7,11 1u 7,11
PAL 0

ROOM 1u
0,0,0,0,0,0,0,0,0,0,0,0,0,0,0,0
0,0,0,0,0,0,0,0,0,0,0,0,0,0,0,0
0,0,0,0,0,0,0,0,0,0,0,0,0,0,0,0
0,0,0,0,0,0,0,0,0,0,0,0,0,0,0,0
0,0,0,0,0,0,0,0,0,0,0,0,0,0,0,0
0,0,0,0,0,0,0,0,0,0,0,0,0,0,0,0
0,0,0,0,0,0,0,0,0,0,0,0,0,0,0,0
0,0,0,0,0,0,0,0,0,0,0,0,0,0,0,0
0,0,0,0,0,0,0,0,0,0,0,0,0,0,0,0
0,0,0,0,0,0,0,29,2a,0,0,0,0,0,0,0
0,0,0,0,0,0,0,0,2b,0,0,0,0,0,0,0
0,0,0,0,0,0,0,0,0,0,0,0,0,0,0,0
0,0,0,0,0,0,0,0,0,0,0,0,0,0,0,0
0,0,0,0,0,0,0,0,0,0,0,0,0,0,0,0
0,0,0,0,0,0,0,0,0,0,0,0,0,0,0,0
0,0,0,0,0,0,0,0,0,0,0,0,0,0,0,0
EXT 7,10 1t 7,10
PAL 0

TIL 10
00000000
01000010
00100100
00011000
00011000
00100100
01000010
00000000

TIL 11
00000000
01000010
00100100
00011000
00011000
00011000
00011000
00000000

TIL 12
00000000
01111110
00000100
00001000
00010000
00100000
01111110
00000000

TIL 13
00000000
00000000
00000000
00000000
00000000
00011000
00011000
00000000

TIL 14
00000000
00000000
00000000
00000000
00011000
00011000
00001000
00000000

TIL 15
00000000
00011000
00011000
00001000
00000000
00000000
00000000
00000000

TIL 16
00000000
00100100
00100100
00000000
00000000
00000000
00000000
00000000

TIL 17
00000000
00011000
00011000
00011000
00011000
00000000
00011000
00000000

TIL 18
00000000
00111100
01100110
00001100
00011000
00000000
00011000
00000000

TIL 19
11000011
10000001
00000000
01100000
01100000
00000000
10000001
11000011
>
11000011
10000001
00000000
00000110
00000110
00000000
10000001
11000011
WAL true

TIL 20
00000000
01000100
11101110
11101110
11101110
11101110
11101110
11101110
WAL true

TIL 21
11111111
10110110
10010101
10100101
10110110
11111111
11111111
01000000
WAL true

TIL 22
11111111
11110110
01101101
01110100
11101110
11111111
11111111
00000000
WAL true

TIL 23
11111111
11010110
01010101
01010100
01000101
11111111
11111111
00000000
WAL true

TIL 24
11111111
11001100
01010100
01001101
01010100
11111111
11111111
00000000
WAL true

TIL 25
11111110
11010110
10110110
11011110
10110110
11111110
11111110
00000100
WAL true

TIL 26
01010101
10000000
00000001
10000000
00000001
10000000
00000001
10101010

TIL 27
11111111
11111111
11111111
11111111
11111111
11111111
11111111
11111111

TIL 28
00000000
00000000
00000000
00000000
00000000
00000000
00000000
00000000
WAL true

TIL 29
00000000
00000000
00000000
00000111
00001000
00010000
00100000
01000000
WAL true

TIL a
11111111
11111111
11111111
11111111
11111111
11111111
11111111
11111111
WAL true

TIL b
00000000
00000000
00001000
00000100
01111110
00000100
00001000
00000000

TIL c
00000000
00000000
00010000
00100000
01111110
00100000
00010000
00000000

TIL d
00000000
00011000
00100100
01000010
01111110
01000010
01000010
00000000

TIL e
00000000
01111100
01000010
01111100
01000010
01000010
01111100
00000000

TIL f
00000000
00111100
01000010
01000000
01000000
01000010
00111100
00000000

TIL g
00000000
01111000
01000100
01000010
01000010
01000100
01111000
00000000

TIL h
00000000
01111110
01000000
01111000
01000000
01000000
01111110
00000000

TIL i
00000000
01111110
01000000
01111000
01000000
01000000
01000000
00000000

TIL j
00000000
00111100
01000010
01000000
01011110
01000010
00111100
00000000

TIL k
00000000
01000010
01000010
01111110
01000010
01000010
01000010
00000000

TIL l
00000000
01111110
00011000
00011000
00011000
00011000
01111110
00000000

TIL m
00000000
01111110
00001000
00001000
00001000
01001000
00110000
00000000

TIL n
00000000
01000010
01001100
01110000
01110000
01001100
01000010
00000000

TIL o
00000000
01000000
01000000
01000000
01000000
01000000
01111110
00000000

TIL p
00000000
01000010
01100110
01011010
01000010
01000010
01000010
00000000

TIL q
00000000
01000010
01100010
01010010
01001010
01000110
01000010
00000000

TIL r
00000000
00111100
01000010
01000010
01000010
01000010
00111100
00000000

TIL s
00000000
01111100
01000010
01000010
01111100
01000000
01000000
00000000

TIL t
00000000
00111100
01000010
01000010
01001010
01000100
00111010
00000000

TIL u
00000000
01111100
01000010
01000010
01111100
01000010
01000010
00000000

TIL v
00000000
00111100
01000010
00110000
00001100
01000010
00111100
00000000

TIL w
00000000
01111110
00011000
00011000
00011000
00011000
00011000
00000000

TIL x
00000000
01000010
01000010
01000010
01000010
01000010
00111100
00000000

TIL y
00000000
01000010
01000010
00100100
00100100
00011000
00011000
00000000

TIL z
00000000
01000010
01000010
01000010
01011010
01011010
00100100
00000000

TIL 1a
11001100
01000100
00000000
00000000
00000000
00000000
00010001
00110011
>
11011101
11001100
01000100
00000000
00000000
00010001
00110011
01110111
WAL true

TIL 1b
11111111
11111111
00000000
11111111
11111111
11111111
11111111
11111111
WAL true

TIL 1c
11111111
11111111
00000000
11010101
11010101
11100011
11111111
11111111
>
11111111
11111111
00000000
11010101
11010101
11010101
11100011
11111111
WAL true

TIL 1d
11111111
00000000
11111111
11111111
11111111
11111111
11111111
11111111
WAL true

TIL 1e
00000000
11111000
11011110
10001000
11011110
11111000
00000000
00000000
WAL true

TIL 1f
00000000
00011111
01111111
00010001
01111111
00011111
00000000
00000000
WAL true

TIL 1g
00000000
00000000
00000000
01010101
10101010
00000000
00000000
00000000
WAL true

TIL 1h
00010000
00001000
00010000
00001000
00010000
00001000
00010000
00001000
WAL true

TIL 1i
00011000
00100100
01000010
10000001
10000001
01000010
00100100
00011000
WAL true

TIL 1j
00011000
01011010
01011010
01011010
01011010
01011010
01011010
00011000
WAL true

TIL 1k
00011000
00100100
01000010
10011001
10011001
01000010
00100100
00011000
>
00011000
00100100
01011010
10111101
10111101
01011010
00100100
00011000
WAL true

TIL 1l
00010000
00001000
00010000
00001000
00010000
00001000
00010000
00001000
>
00001000
00010000
00001000
00010000
00001000
00010000
00001000
00010000
WAL true

TIL 1m
00000000
00000000
00000000
01010101
10101010
00000000
00000000
00000000
>
00000000
00000000
00000000
10101010
01010101
00000000
00000000
00000000
WAL true

TIL 1n
00000000
00000000
01000100
01010110
01010110
10101011
10000000
00000000
>
00000000
00000000
00000000
00000000
00000000
00000000
00000000
00000000

TIL 1o
10000000
11000000
11100000
11110000
11111000
11111100
11111110
11111111
WAL true

TIL 1p
00000001
00000011
00000111
00001111
00011111
00111111
01111111
11111111
WAL true

TIL 1q
11011011
10100101
01000010
10011001
10011001
01000010
10100101
11011011
>
11011011
10100101
01011010
10111101
10111101
01011010
10100101
11011011
WAL true

TIL 1r
00000000
01111110
01111110
01111110
01111110
01111010
01111110
01111110
WAL true

TIL 1s
00000000
01110110
01110110
00000000
01110110
01110110
01110110
00000000
WAL true

TIL 1t
00000000
00000000
00000000
10001100
00001100
11111110
11111101
01100100
WAL true

TIL 1u
00000000
00000000
00000000
00011000
00111100
11110101
11111111
00111000
WAL true

TIL 1v
01010011
10110011
00111000
10111111
01111011
11111110
10100101
10111100
WAL true

TIL 1w
10000000
11000000
11100000
01110000
00111000
00011100
00001110
00000111
WAL true

TIL 1x
00000000
00000001
01111010
01000100
01001000
01001000
11110000
00111110

TIL 1y
00000011
00000101
00000100
00000100
00000000
00000000
00000000
00000000

TIL 1z
00111100
01111110
11111111
11111111
11111111
11111111
01111110
00111100
WAL true

TIL 2a
00000000
00000000
00000000
11111000
00011000
00101000
01001000
10001000
WAL true

TIL 2b
00001000
00001000
00001000
00010000
00100000
01000000
10000000
00000000
WAL true

SPR A
11111111
11111111
11111111
11111111
11111111
11111111
11111111
11111111
POS 0 7,10

SPR a
00000000
00000000
01010001
01110001
01110010
01111100
00111100
00100100
DLG SPR_0

SPR b
00000000
00000000
00000000
00000000
00000000
00000000
00000000
00000000

ITM 0
00000000
00000000
00000000
00000000
00000000
00000000
00000000
00000000
NAME tea

DLG SPR_0
I'm a cat

VAR a
42

