
Lil Onion Detective

# BITSY VERSION 4.5

! ROOM_FORMAT 1

PAL 0
222,195,183
2,169,255
250,254,255

PAL 1
2,158,254
255,186,204
250,254,255

PAL 2
193,181,254
255,119,108
255,255,255

PAL 3
183,255,214
129,119,255
255,255,255

PAL 4
3,16,255
254,255,112
255,255,255

PAL 5
255,3,17
255,246,2
255,255,255

ROOM 0
0,0,0,0,0,0,0,0,0,0,0,0,0,0,0,0
0,0,0,0,0,0,0,0,0,0,0,0,0,0,0,0
0,0,0,0,0,0,0,0,0,0,0,0,0,0,0,0
0,0,0,0,0,0,0,0,0,0,0,0,0,0,0,0
0,0,0,0,0,0,0,0,0,0,0,0,0,0,0,0
0,0,0,e,c,c,c,c,c,c,c,c,f,0,0,0
0,0,0,b,0,0,0,0,0,0,0,0,d,0,0,0
0,0,0,b,0,0,0,0,0,0,0,0,d,0,0,0
0,0,0,b,0,0,0,0,0,0,0,0,i,c,c,c
0,0,0,b,0,0,0,0,0,0,0,0,0,0,0,0
0,0,0,b,0,0,0,0,0,0,0,0,j,a,a,a
0,0,0,b,0,0,0,0,0,0,0,0,d,0,0,0
0,0,0,b,0,0,0,0,0,0,0,0,d,0,0,0
0,0,0,b,0,0,0,0,0,0,0,0,d,0,0,0
0,0,0,g,a,a,a,a,a,a,a,a,h,0,0,0
0,0,0,0,0,0,0,0,0,0,0,0,0,0,0,0
NAME office
ITM 0 11,11
EXT 15,9 1 7,1
PAL 0

ROOM 1
0,0,0,0,0,0,o,q,p,0,0,0,0,0,0,0
1j,1k,0,0,0,0,l,0,n,0,0,0,0,0,0,0
x,1n,1o,0,0,0,0,0,0,0,0,0,0,0,0,0
1i,1m,0,0,0,0,0,0,0,0,0,0,0,0,0,0
0,0,0,0,0,0,0,0,0,0,0,0,0,0,0,w
0,0,0,0,0,0,0,0,0,0,0,0,0,0,0,0
0,0,0,0,0,0,0,0,0,0,0,0,0,0,0,0
0,0,0,0,0,0,0,0,0,0,0,0,0,0,0,0
r,m,m,m,m,0,m,m,m,m,m,m,m,m,m,t
s,0,0,0,0,0,0,0,0,0,0,0,0,0,0,u
s,0,0,0,0,0,0,0,0,0,0,0,0,k,0,u
s,k,0,0,0,0,0,0,0,0,0,0,0,0,0,u
s,0,0,0,0,0,0,0,0,0,0,0,0,0,0,u
s,0,0,0,0,0,0,0,0,0,0,0,0,0,0,u
s,0,0,0,0,0,0,0,0,0,0,0,0,0,0,u
s,0,0,0,0,k,0,0,v,0,0,0,0,0,0,u
NAME general
EXT 8,15 2 4,0
EXT 7,1 0 15,9
EXT 15,4 3 0,7
EXT 0,2 6 7,8
PAL 1

ROOM 2
0,0,0,0,y,0,0,0,0,0,s,0,0,0,0,0
0,0,0,0,0,0,0,0,0,0,s,0,0,0,0,0
0,0,0,0,0,0,0,0,0,0,s,0,0,0,0,0
0,0,0,0,0,0,0,0,0,0,s,0,0,0,0,0
0,0,0,0,0,0,k,0,0,0,s,0,0,0,0,0
0,0,0,0,0,0,0,0,0,0,s,0,0,0,0,0
0,0,0,0,0,0,0,0,0,0,s,0,0,0,0,0
0,0,0,0,0,0,0,0,0,0,s,0,0,0,0,0
0,0,0,0,0,0,0,0,0,0,s,0,0,0,0,0
0,0,0,0,0,0,0,0,0,0,s,0,0,0,0,0
0,0,0,0,0,0,0,0,0,0,s,0,0,0,0,0
0,0,k,0,0,0,0,0,0,0,s,0,0,0,0,0
0,0,0,0,0,0,0,0,0,0,s,0,0,0,0,0
m,m,m,m,m,m,m,m,m,m,z,0,0,0,0,0
0,0,0,0,0,0,0,0,0,0,0,0,0,0,0,0
0,0,0,0,0,0,0,0,0,0,0,0,0,0,0,0
NAME park
EXT 4,0 1 8,15
PAL 2

ROOM 3
0,0,0,0,0,0,0,0,0,0,0,0,0,0,0,0
0,0,0,0,0,0,0,0,0,0,0,0,0,0,0,0
0,0,0,0,0,0,0,e,c,c,c,c,c,c,c,f
0,0,0,0,0,0,0,b,0,0,0,0,0,0,0,d
0,0,0,0,0,0,0,b,0,0,0,0,0,0,0,d
0,0,0,0,0,0,0,b,0,0,0,0,0,0,0,d
0,0,0,0,0,c,c,12,0,0,0,0,0,0,0,d
x,0,0,0,0,0,0,0,0,0,0,0,0,0,0,d
0,0,0,0,0,a,a,11,0,0,0,0,0,0,0,d
0,0,0,0,0,0,0,b,0,0,0,0,0,0,0,d
0,0,0,0,0,0,0,b,0,0,0,0,0,0,0,d
0,0,0,0,0,0,0,b,0,0,0,0,0,0,0,d
0,0,0,0,0,0,0,g,a,a,a,a,a,a,a,h
0,0,0,0,0,0,0,0,0,0,0,0,0,0,0,0
0,0,0,0,0,0,0,0,0,0,0,0,0,0,0,0
0,0,0,0,0,0,0,0,0,0,0,0,0,0,0,0
NAME pear
EXT 0,7 1 15,4
PAL 3

ROOM 6
0,0,0,0,0,0,0,0,0,0,0,0,0,0,0,0
0,0,0,0,0,0,0,0,0,0,0,0,0,0,0,0
0,13,14,15,16,17,0,18,19,0,0,0,0,0,0,0
0,0,0,0,0,0,0,0,0,0,0,0,0,0,0,0
0,1a,1b,19,19,1c,14,0,14,1e,16,1f,1e,1g,1d,0
0,0,0,0,0,0,0,0,0,0,0,0,0,0,0,0
0,0,0,0,0,0,0,0,0,0,0,0,0,0,0,0
0,0,0,0,0,0,0,0,0,0,0,0,0,0,0,0
0,0,0,0,0,0,0,0,0,0,0,0,0,0,0,0
0,0,0,0,0,0,0,0,0,0,0,0,0,0,0,0
0,0,0,0,0,0,0,0,0,0,0,0,0,0,0,0
0,0,0,0,0,0,0,0,0,0,0,0,0,0,0,0
0,0,0,0,0,0,0,0,0,0,0,0,0,0,0,0
0,0,0,0,0,0,0,0,0,0,0,0,0,0,0,0
0,0,0,0,0,0,0,0,0,0,0,0,0,0,0,0
0,0,0,0,0,0,0,0,0,0,0,0,0,0,0,0
NAME y/n
ITM 1 7,7
ITM 2 7,9
EXT 7,9 1 0,2
EXT 7,7 7 7,5
PAL 5

ROOM 7
0,0,0,0,0,0,0,0,0,0,0,0,0,0,0,0
0,0,0,0,0,0,0,0,0,0,0,0,0,0,0,0
0,0,0,0,0,1h,1h,1h,1h,1h,0,0,0,0,0,0
0,0,0,0,1h,0,0,0,0,0,1h,0,0,0,0,0
0,0,0,0,0,0,0,0,0,0,1h,0,0,0,0,0
0,0,0,0,0,0,0,0,0,0,1h,0,0,0,0,0
0,0,0,0,0,0,0,0,0,0,1h,0,0,0,0,0
0,0,0,0,0,0,0,0,1h,1h,0,0,0,0,0,0
0,0,0,0,0,0,0,1h,0,0,0,0,0,0,0,0
0,0,0,0,0,0,1h,0,0,0,0,0,0,0,0,0
0,0,0,0,0,0,1h,0,0,0,0,0,0,0,0,0
0,0,0,0,0,0,1h,0,0,0,0,0,0,0,0,0
0,0,0,0,0,0,0,0,0,0,0,0,0,0,0,0
0,0,0,0,0,0,1h,0,0,0,0,0,0,0,0,0
0,0,0,0,0,0,0,0,0,0,0,0,0,0,0,0
0,0,0,0,0,0,0,0,0,0,0,0,0,0,0,0
NAME CHOOSE
ITM 3 2,9
ITM 4 13,6
ITM 5 10,12
EXT 2,9 9 6,7
EXT 13,6 8 6,6
EXT 10,12 a 7,6
PAL 4

ROOM 8
0,0,0,0,0,0,0,0,0,0,0,0,0,0,0,0
0,0,0,0,0,0,0,0,0,0,0,0,0,0,0,0
0,0,0,0,0,0,0,0,0,0,0,0,0,0,0,0
0,0,0,0,0,0,0,0,0,0,0,0,0,0,0,0
0,0,0,0,0,0,0,0,0,0,0,0,0,0,0,0
0,0,0,0,0,0,0,0,0,0,0,0,0,0,0,0
0,0,0,0,0,0,0,0,0,0,0,0,0,0,0,0
0,0,0,0,0,0,0,0,0,0,0,0,0,0,0,0
0,0,0,0,0,0,0,0,0,0,0,0,0,0,0,0
0,0,0,0,0,0,0,0,0,0,0,0,0,0,0,0
0,0,0,0,0,0,0,0,0,0,0,0,0,0,0,0
0,0,0,0,0,14,1e,16,0,0,0,0,0,0,0,0
0,0,0,0,0,0,0,0,0,0,0,0,0,0,0,0
0,0,0,0,0,0,0,0,0,0,0,0,0,0,0,0
0,0,0,0,0,0,0,0,0,0,0,0,0,0,0,0
0,0,0,0,0,0,0,0,0,0,0,0,0,0,0,0
NAME PEAR
END undefined 5,11
END undefined 6,11
END undefined 7,11
PAL 3

ROOM 9
0,0,0,0,0,0,0,0,0,0,0,0,0,0,0,0
0,0,0,0,0,0,0,0,0,0,0,0,0,0,0,0
0,0,0,0,0,0,0,0,0,0,0,0,0,0,0,0
0,0,0,0,0,0,0,0,0,0,0,0,0,0,0,0
0,0,0,0,0,0,0,0,0,0,0,0,0,0,0,0
0,0,0,0,0,0,0,0,0,0,0,0,0,0,0,0
0,0,0,0,0,0,0,0,0,0,0,0,0,0,0,0
0,0,0,0,0,0,0,0,0,0,0,0,0,0,0,0
0,0,0,0,0,0,0,0,0,0,0,0,0,0,0,0
0,0,0,0,0,0,0,0,0,0,0,0,0,0,0,0
0,0,0,0,0,0,0,0,0,0,0,0,0,0,0,0
0,0,0,0,0,0,0,0,0,0,0,0,0,0,0,0
0,0,0,0,14,1e,16,0,0,0,0,0,0,0,0,0
0,0,0,0,0,0,0,0,0,0,0,0,0,0,0,0
0,0,0,0,0,0,0,0,0,0,0,0,0,0,0,0
0,0,0,0,0,0,0,0,0,0,0,0,0,0,0,0
NAME CAT
END 0 4,12
END 0 5,12
END 0 6,12
PAL 0

ROOM a
0,0,0,0,0,0,0,0,0,0,0,0,0,0,0,0
0,0,0,0,0,0,0,0,0,0,0,0,0,0,0,0
0,0,0,0,0,0,0,0,0,0,0,0,0,0,0,0
0,0,0,0,0,0,0,0,0,0,0,0,0,0,0,0
0,0,0,0,0,0,0,0,0,0,0,0,0,0,0,0
0,0,0,0,0,0,0,0,0,0,0,0,0,0,0,0
0,0,0,0,0,0,0,0,0,0,0,0,0,0,0,0
0,0,0,0,0,0,0,0,0,0,0,0,0,0,0,0
0,0,0,0,0,0,0,0,0,0,0,0,0,0,0,0
0,0,0,0,0,14,1e,16,0,0,0,0,0,0,0,0
0,0,0,0,0,0,0,0,0,0,0,0,0,0,0,0
0,0,0,0,0,0,0,0,0,0,0,0,0,0,0,0
0,0,0,0,0,0,0,0,0,0,0,0,0,0,0,0
0,0,0,0,0,0,0,0,0,0,0,0,0,0,0,0
0,0,0,0,0,0,0,0,0,0,0,0,0,0,0,0
0,0,0,0,0,0,0,0,0,0,0,0,0,0,0,0
END undefinee 5,9
END undefinee 6,9
END undefinee 7,9
PAL 1

TIL 10
00000000
00000000
00000000
00000000
00000000
00000000
00000000
00000000

TIL 11
00000000
00000000
00000000
00000000
11110000
11110000
11110000
11110000
WAL true

TIL 12
11110000
11110000
11110000
11110000
00000000
00000000
00000000
00000000
WAL true

TIL 13
00000000
01111100
01000100
01000100
01111100
01010000
01001000
01000100

TIL 14
00000000
01111100
01000000
01000000
01111000
01000000
01000000
01111100

TIL 15
00000000
00111000
01000100
01000100
01000100
01111100
01000100
01000100

TIL 16
00000000
01111000
01000100
01000100
01000100
01000100
01000100
01111000

TIL 17
00000000
01000001
00100010
00010100
00001000
00001000
00001000
00001000

TIL 18
00000000
01111100
00010000
00010000
00010000
00010000
00010000
00010000

TIL 19
00000000
00111110
00100010
00100010
00100010
00100010
00100010
00111110

TIL a
00000000
00000000
00000000
00000000
11111111
11111111
11111111
11111111
WAL true

TIL b
11110000
11110000
11110000
11110000
11110000
11110000
11110000
11110000
WAL true

TIL c
11111111
11111111
11111111
11111111
00000000
00000000
00000000
00000000
WAL true

TIL d
00001111
00001111
00001111
00001111
00001111
00001111
00001111
00001111
WAL true

TIL e
11111111
11111111
11111111
11111111
11110000
11110000
11110000
11110000
WAL true

TIL f
11111111
11111111
11111111
11111111
00001111
00001111
00001111
00001111
WAL true

TIL g
11110000
11110000
11110000
11110000
11111111
11111111
11111111
11111111
WAL true

TIL h
00001111
00001111
00001111
00001111
11111111
11111111
11111111
11111111
WAL true

TIL i
00001111
00001111
00001111
00001111
00000000
00000000
00000000
00000000
WAL true

TIL j
00000000
00000000
00000000
00000000
00001111
00001111
00001111
00001111
WAL true

TIL k
00000000
00000000
00000000
00001000
01001001
00101010
00111110
00011100

TIL l
01111110
01111100
01111000
01111000
01110000
01110000
01110000
00110000
WAL true

TIL m
00000000
00000000
00000000
01000010
11111111
01000010
11111111
01000010
WAL true

TIL n
01111110
00111110
00011110
00011110
00001110
00001110
00001110
00001100
WAL true

TIL o
00011111
00111111
00111111
01111111
01111111
01111111
01111111
01111111
WAL true

TIL p
11111000
11111100
11111100
11111110
11111110
11111110
11111110
11111110
WAL true

TIL q
11111111
11111111
11111111
11111111
11111111
11111111
11111111
11111111
WAL true

TIL r
00000000
00000000
00000000
00001000
00001111
00001000
00001111
00001000
WAL true

TIL s
00001000
00001000
00001000
00001000
00001000
00001000
00001000
00001000
WAL true

TIL t
00000000
00000000
00000000
00010000
11110000
00010000
11110000
00010000
WAL true

TIL u
00010000
00010000
00010000
00010000
00010000
00010000
00010000
00010000
WAL true

TIL v
00000000
00010000
00010000
00010000
01111100
00111000
00010000
00000000

TIL w
00000000
00001000
00001100
01111110
00001100
00001000
00000000
00000000

TIL x
00000000
00000000
00010000
00110000
01111110
00110000
00010000
00000000

TIL y
00000000
00010000
00111000
01111100
00010000
00010000
00010000
00000000

TIL z
00001000
00001000
00001000
00001000
11111000
00001000
11111000
00001000
WAL true

TIL 1a
00000000
00111100
01000000
01000000
01000000
01000000
01000000
00111100

TIL 1b
00000000
01000100
01000100
01000100
01111100
01000100
01000100
01000100

TIL 1c
00000000
00111100
01000000
01000000
00111000
00000100
00000100
01111000

TIL 1d
00000000
00111000
01000100
00000100
00001000
00010000
00000000
00010000

TIL 1e
00000000
01000010
01100010
01010010
01001010
01000110
01000010
01000010

TIL 1f
00000000
00111110
00001000
00001000
00001000
00001000
00001000
00111110

TIL 1g
00000000
00111100
01000000
01000000
01001110
01000010
01000010
00111100

TIL 1h
11111111
11111111
11111111
11111111
11111111
11111111
11111111
11111111

TIL 1i
00000000
00000000
00000000
00000000
11111111
00000000
00000000
00000000

TIL 1j
00000000
00000000
00000000
11111111
00000000
00000000
00000000
00000000

TIL 1k
00000000
00000000
00000000
11111110
00000010
00000010
00000010
00000010

TIL 1l
00000000
00000000
00000000
00000000
00000000
00000000
00000000
00000000

TIL 1m
00000010
00000010
00000010
00000010
11111110
00000000
00000000
00000000

TIL 1n
00000000
01110100
01000110
01100101
01000100
01110100
00000000
00000010

TIL 1o
00000000
10111000
10100100
10100100
10100100
10111000
00000000
00000000

SPR A
00000000
00100000
00011000
00111100
01011010
01111110
00111100
00000000
>
00100000
00011000
00111100
01011010
01111110
00111100
00000000
00000000
POS 0 8,8

SPR a
00000000
00000000
01010001
01110001
01110010
01111100
00111100
00100100
>
00000000
00000000
10101000
11101000
11100100
11111000
01111000
01001000
DLG SPR_0
POS 0 11,7

SPR b
00000000
00000000
11111111
11111111
01000000
01000000
01000000
01000000
DLG SPR_1
POS 0 9,13

SPR c
00000000
00000000
11111111
11111111
00000010
00000010
00000010
00000010
DLG SPR_2
POS 0 10,13

SPR d
00000000
00000000
00011100
00111110
00101010
00111110
00011100
00011100
DLG SPR_3
POS 0 4,11

SPR e
00000000
00100100
00011000
01111110
01000010
01000010
01000010
01111110
DLG SPR_4
POS 0 5,7

SPR f
00000100
00101000
00010000
00111000
01111100
11010110
01111100
00101000
>
00000010
00010100
00001000
00011100
00111110
01101011
00111110
00010100
DLG SPR_5
POS 1 10,14

SPR g
00000000
00101000
00010000
00111100
01111110
01011010
01111110
00100100
>
00000000
00010100
00001000
00011110
00111111
00101101
00111111
00010010
DLG SPR_6
POS 1 4,12

SPR h
00000000
00000000
00000000
11111110
11111110
11111110
00010000
00010000
DLG SPR_7
POS 5 4,7

SPR i
00000000
00001001
11101010
11111100
11111100
11101010
00001001
00000000
DLG SPR_8
POS 2 6,10

SPR j
00111000
00010000
00111000
01111100
10000010
11010110
01111100
00101000
>
00011100
00001000
00011100
00111110
01000001
01101011
00111110
00010100
DLG SPR_9
POS 2 4,8

SPR k
00000000
00000000
00000000
01001001
00111110
00101010
00111110
00010100
>
00000000
00000000
00000000
10010010
01111100
01010100
01111100
00101000
DLG SPR_a
POS 2 8,2

SPR l
00000010
00000100
00001100
00011100
00101010
00111110
00010100
00110110
>
00000100
00001000
00011000
00111000
01010100
01111100
00101000
01101100
DLG SPR_b
POS 3 12,5

SPR m
00000000
00000000
00000000
11111111
11111111
01000000
01000000
01000000
DLG SPR_c
POS 3 9,10

SPR n
00000000
00000000
00000000
11111111
11111111
00000010
00000010
00000010
DLG SPR_f
POS 3 10,10

SPR o
00011000
00111100
00100100
00100100
00111100
00011000
00011000
00111100
DLG SPR_d
POS 3 14,8

SPR p
00000000
00111100
01000010
01000010
00111100
00011000
00111100
00000000
DLG SPR_e
POS 3 14,7

SPR q
00000000
00010000
00110000
01111110
00110000
00010000
00000000
00000000
DLG SPR_g
POS 5 0,2

SPR r
00000100
00101000
00010000
00111000
01111100
11010110
01111100
00101000
>
00000010
00010100
00001000
00011100
00111110
01101011
00111110
00010100
DLG SPR_i
POS 5 10,14

SPR s
00000000
00101000
00010000
00111100
01111110
01011010
01111110
00100100
>
00000000
01010000
00100000
01111000
11111100
10110100
11111100
01001000
DLG SPR_j
POS 5 4,12

SPR t
00000000
00000000
00000000
11111110
11111110
11111110
00010000
00010000
DLG SPR_h
POS 1 4,7

SPR v
00000000
00000000
01010001
01110001
01110010
01111100
00111100
00100100
>
00000000
00000000
10101000
11101000
11100100
11111000
01111000
01001000
DLG SPR_k
POS 9 10,7

SPR w
00000010
00000100
00001100
00011100
00101010
00111110
00010100
00110110
>
00000100
00001000
00011000
00111000
01010100
01111100
00101000
01101100
DLG SPR_l
POS 8 10,6

SPR x
00000000
00111000
01000100
01000100
00011000
00010000
00000000
00010000
DLG SPR_m
POS a 10,6

ITM 0
00000000
00111000
01000100
01000100
01000100
00111000
00010000
00010000
NAME magnifying glass
DLG ITM_0

ITM 1
00000000
01000100
00101000
00010000
00010000
00010000
00010000
00000000

ITM 2
00000000
01000010
01100010
01010010
01001010
01000110
01000010
00000000

ITM 3
00000000
00100100
01100110
01111110
01011010
01111110
00111100
00000000

ITM 4
00000100
00001000
00011000
00111000
01010100
01111100
00111000
01101100

ITM 5
00000000
00011100
00100010
00000010
00001100
00001000
00000000
00001000

DLG SPR_0
oh its my mean kitty Periwinkle

DLG ITM_0
"""
its a magnifying glass..
u never use it but u suppose all good detectives have one
"""

DLG SPR_1
"""
im ur desk
maybe you shud clean the scattered old case files
just a suggestion
"""

DLG SPR_2
"""
im ur desk
maybe you shud clean the scattered old case files
just a suggestion
"""

DLG SPR_3
a skull u keep in ur office bc ur cat runs away when u try to talk to it

DLG SPR_4
"""
its ur tv..
"zggghhg— breaking news! a body was found in the park! authorities are trying to figure out what to do! —nzzggghh"
oh.. a case.. u havnt had a new one in months..
"""

DLG SPR_5
"""
{sequence
  - you shudn't be here! this is a crime scene!
  - what?! me?! I'M AN OFFICER OF THE LAW!
  - HEY! LEAVE YOU WANNABE P.I.!!
  - {shk}I'M GONNA CALL MY BOSS ON U!!!!{shk}
}
"""

DLG SPR_6
"""
{
  - {item "0"} == 1 ?
    oh.. you have a magnifying glass? big deal
  - else ?
    plz leave.. i dont want to be yelled at by my boss
}
"""

DLG SPR_7
Makenziiiiiiie Public Park

DLG SPR_8
"""
{sequence
  - heck! ITS A CORPSE!!
  - oh wait u see these a lot why are u even surprised? loser
  - a corpse is a corpse
  - i think it was stabbed with a pen.. maybe the killer is an office worker (LOL)
}
"""

DLG SPR_9
"""
{sequence
  - what are you doing here? this is off limits!
  - I SAID THIS IS OFF LIMITS!!
  - I WILL ARREST U AS A TRESPASSER!!
}
"""

DLG SPR_a
"""
{
  - {item "0"} == 1 ?
    oh you have a magnifying glass! plz let me borrow it!
    
    ...
    
    ah here it is, u can have it back!
    the method of murder appears to be very sharp claws! they have been scratched to death!
  - else ?
    oh no you should go! the boss will be very angry!
}
"""

DLG SPR_c
P.I. Pear's desk.. they are much neater than u.. u rly hate their guts..

DLG SPR_d
"Trophy for the Best P.I. year xxxx" yeah they got more than one trophy.. u hate them x10

DLG SPR_e
"Trophy for the Best P.I. year xxxx" god u rly hate this guy..

DLG SPR_f
P.I. Pear's desk.. they are much neater than u.. u rly hate their guts..

DLG SPR_b
"""
{sequence
  - oh hey onion detective.. have you seen my pen?
  - my papa got it for me a long time ago.. its my only memento of him
  - i'm so stupid.. where could have i lost it..
}
"""

DLG SPR_g
DID U FIGURE IT OUT? DO U KNO WHO THE MURDERER IS??

DLG SPR_h
Makenziiiiiiie Public Park

DLG SPR_i
"""
{sequence
  - you shudn't be here! this is a crime scene!
  - what?! me?! I'M AN OFFICER OF THE LAW!
  - HEY! LEAVE YOU WANNABE P.I.!!
  - {shk}I'M GONNA CALL MY BOSS ON U!!!!{shk}
}
"""

DLG SPR_j
"""
{
  - {item "0"} == 1 ?
    oh.. you have a magnifying glass? big deal
  - else ?
    plz leave.. i dont want to be yelled at by my boss
}
"""

DLG SPR_k
"""
{sequence
  - meow?
  - ...
  - {shk}WELL ALRIGHT YOU CAUGHT ME! IT WAS I WHO KILLED THAT FRUIT! THEY WERE RUDE AND WOULDNT PET ME!!!{shk}
}
"""

DLG SPR_l
"""
{sequence
  - what? no! i'm innocent! how could u even think i killed anyone?!
  - ..u rly hate dont u.. i never understood why
  - ...
}
"""

DLG SPR_m
"""
{sequence
  - well well well.. u couldnt figure it out? 
    u'r truly a SHITTY DETECTIVE!!
  - go try again.. maybe u MISSED SOME CLUES
}
"""

END 0
YOU DID IT! WOW! U CAUGHT THE REAL KILLER! TURNS OUT UR KITTY PERIWINKLE TRULY IS A MEAN JERK LIKE U ALREADY KNEW! THEY ARE JUST A MURDEROUS JERK TOO! GOOD JOB FIGURING IT OUT! TURNS OUT MAGNIFYING GLASSES ARE GOOD FOR SOMETHING!

END undefined
you were... wrong.. P.I. Pear truly was innocent.. but ur hatred of the guy blinded u.. and now everyone thinks u did it.. u now go to prison for murder u didnt commit.. sorry pal shite luck ya got!

END undefinee
..i cant believe u couldnt figure it out.. maybe u shud listen to that question mark and find some clues.. 

VAR a
42


